0.643643 0.053849
0.868183 0.571337
0.140821 0.845936
0.995845 0.996361
0.199516 0.0299161
0.910078 0.390625
0.213213 0.631399
0.982467 0.157193
0.357847 0.894774
0.744 0.660656
0.494899 0.534909
0.668669 0.95436
0.577921 0.723284
0.227591 0.742813
0.321712 0.688619
0.37037 0.207073
0.718569 0.0385124
0.735335 0.709996
0.49097 0.680022
0.0742408 0.905189
0.215783 0.678826
0.200489 0.312909
0.685797 0.362034
0.0834213 0.659033
0.129464 0.181517
0.175008 0.264279
0.141826 0.681074
0.0247795 0.684717
0.796826 0.0139534
0.649855 0.466946
0.944124 0.0570332
0.900282 0.730144
0.34339 0.401688
0.83732 0.8702
0.224183 0.303266
0.982972 0.768922
0.0877396 0.506255
0.225045 0.515374
0.341506 0.912377
0.910934 0.271867
0.00866318 0.386692
0.0990471 0.121827
0.369788 0.699906
0.753811 0.258811
0.00312139 0.463572
0.861535 0.0848126
0.59674 0.713313
0.832585 0.413171
0.955529 0.178297
0.900009 0.187363
0.0937399 0.823507
0.995819 0.783726
0.705652 0.527582
0.829004 0.159074
0.093676 0.811613
0.806221 0.913091
0.0428357 0.831411
0.699931 0.779112
0.535334 0.137014
0.598054 0.020452
0.266337 0.19623
0.781492 0.294497
0.349588 0.152532
0.718261 0.370564
0.165575 0.610479
0.841174 0.950645
0.461012 0.929489
0.830114 0.996603
0.0800155 0.188209
0.706932 0.32425
0.799866 0.428939
0.56791 0.181098
0.323101 0.816841
0.934164 0.234865
0.670721 0.32946
0.705977 0.0308232
0.192712 0.899938
0.0578924 0.345688
0.277314 0.264021
0.260813 0.399901
0.670687 0.458935
0.126346 0.519478
0.483037 0.741775
0.205064 0.205402
0.692462 0.731433
0.360719 0.793414
0.939117 0.901464
0.482722 0.61415
0.957487 0.363033
0.242826 0.281838
0.73699 0.406602
0.559962 0.976682
0.981025 0.139067
0.646642 0.509322
0.691968 0.560496
0.883058 0.658652
0.0957028 0.868182
0.211053 0.779885
0.886886 0.763372
0.929085 0.424611
0.511209 0.963401
0.782206 0.0974979
0.667025 0.523768
0.606076 0.186323
0.209959 0.248278
0.690707 0.0127736
0.211663 0.998752
0.243255 0.680973
0.147445 0.487249
0.442294 0.286299
0.155639 0.242649
0.246662 0.594361
0.729622 0.120264
0.859035 0.175893
0.32806 0.298787
0.480747 0.572783
0.475262 0.341421
0.706217 0.815683
0.286991 0.846084
0.804694 0.495899
0.568259 0.0351269
0.523217 0.183549
0.410372 0.933797
0.643846 0.399618
0.748847 0.0249014
0.851841 0.328712
0.546028 0.983738
0.980857 0.620959
0.654515 0.844264
0.835685 0.94003
0.772613 0.441788
0.396969 0.280067
0.993449 0.841102
0.0589309 0.139064
0.0882263 0.735514
0.689097 0.977224
0.846431 0.778153
0.88402 0.356615
0.0512232 0.959456
0.259289 0.0880131
0.289127 0.344286
0.666847 0.877451
0.791468 0.139836
0.101674 0.920862
0.979885 0.529228
0.760668 0.532609
0.893831 0.887026
0.129602 0.949422
0.462614 0.622892
0.134195 0.577139
0.00151985 0.563462
0.617206 0.862756
0.263143 0.644043
0.177775 0.223607
0.60116 0.55263
0.9933 0.74485
0.177468 0.0720191
0.485388 0.229368
0.36187 0.2466
0.556449 0.691352
0.096706 0.0979508
0.85564 0.524467
0.16255 0.636564
0.059188 0.014093
0.0197807 0.234461
0.825123 0.493456
0.52466 0.106721
0.62255 0.585603
0.565485 0.554166
0.107345 0.608691
0.468853 0.00928605
0.624805 0.618155
0.514975 0.312122
0.351987 0.717786
0.771798 0.634066
0.392535 0.75817
0.14569 0.190817
0.0555314 0.922099
0.668842 0.283293
0.404751 0.330616
0.715943 0.994366
0.265323 0.413397
0.839915 0.750429
0.778672 0.354463
0.407117 0.379519
0.414664 0.994057
0.164253 0.00743447
0.396399 0.460532
0.932548 0.75632
0.893606 0.30385
0.531875 0.577892
0.0858664 0.541885
0.054838 0.0971634
0.700842 0.940089
0.910538 0.657196
0.379063 0.00766238
0.0692787 0.462774
0.4431 0.614122
0.925281 0.572079
0.838864 0.23601
0.207587 0.0606998
0.346415 0.982087
0.670817 0.793014
0.381673 0.29029
0.128598 0.0972258
0.506501 0.422189
0.592768 0.39933
0.932173 0.714676
0.230578 0.248026
0.947 0.517276
0.464643 0.546921
0.511981 0.493151
0.677234 0.713402
0.240529 0.575121
0.59786 0.236678
0.847309 0.691227
0.720637 0.760031
0.758486 0.150304
0.429061 0.88649
0.90362 0.127129
0.447206 0.742011
0.764181 0.833816
0.229027 0.906547
0.293336 0.468621
0.491746 0.167203
0.937948 0.273426
0.380791 0.076524
0.0936759 0.694617
0.870761 0.402093
0.680967 0.217683
0.575551 0.286623
0.436249 0.361698
0.852181 0.796248
0.0202868 0.54035
0.936027 0.575903
0.0975674 0.158849
0.322226 0.538475
0.755874 0.199827
0.394707 0.038566
0.127599 0.710656
0.394516 0.0904649
0.155954 0.312675
0.868885 0.709483
0.174385 0.909797
0.821372 0.638745
0.418407 0.456612
0.0254256 0.336881
0.85939 0.0423676
0.63505 0.319068
0.544171 0.847832
0.708265 0.625141
0.259641 0.791364
0.562228 0.650158
0.35655 0.029356
0.226556 0.715719
0.984956 0.960232
0.685647 0.651859
0.0824825 0.433393
0.821414 0.0765171
0.363946 0.553805
0.140332 0.290221
0.322499 0.883675
0.397595 0.108855
0.981064 0.711525
0.0802489 0.0818151
0.370178 0.932455
0.210792 0.863469
0.859036 0.915325
0.311946 0.733232
0.13168 0.633121
0.377993 0.175778
0.547524 0.504615
0.588811 0.263541
0.981922 0.432639
0.808912 0.596317
0.622186 0.515792
0.202316 0.797866
0.0542277 0.754953
0.849734 0.305629
0.494605 0.896051
0.634944 0.0209309
0.195324 0.639165
0.546954 0.0836428
0.971912 0.210715
0.63434 0.716301
0.92606 0.0305472
0.849007 0.135878
0.551163 0.8992
0.717723 0.964967
0.498482 0.375341
0.411008 0.85437
0.548249 0.384071
0.311196 0.949018
0.0198657 0.0637211
0.911756 0.697181
0.921315 0.539881
0.840115 0.0917871
0.269801 0.0416568
0.383639 0.357005
0.154682 0.135106
0.963606 0.912529
0.451214 0.851795
0.592051 0.00512791
0.630942 0.293338
0.119126 0.151214
0.52683 0.724245
0.426448 0.113116
0.541163 0.886949
0.562831 0.097372
0.784549 0.720592
0.909742 0.778836
0.67175 0.0619286
0.251942 0.555594
0.932138 0.387182
0.397203 0.418916
0.0831155 0.9937
0.937356 0.625467
0.866121 0.340718
0.971585 0.633226
0.469451 0.032477
0.740422 0.791713
0.421975 0.409132
0.66212 0.376099
0.163938 0.100567
0.245262 0.133811
0.815693 0.53891
0.046308 0.652221
0.8704 0.646679
0.735253 0.0902069
0.90794 0.144916
0.248517 0.126441
0.876116 0.581015
0.336531 0.837164
0.706937 0.204001
0.358412 0.46093
0.537151 0.548108
0.433049 0.068361
0.298537 0.754116
0.313075 0.00519454
0.984153 0.241806
0.42365 0.544622
0.906434 0.169124
0.551386 0.349905
0.0309038 0.374401
0.899602 0.0657815
0.953853 0.687702
0.186439 0.585976
0.25486 0.353938
0.297452 0.438034
0.0241353 0.0328017
0.734013 0.317656
0.938348 0.800044
0.120035 0.657769
0.644317 0.570302
0.218717 0.952056
0.2236 0.996442
0.432124 0.183121
0.57308 0.394819
0.276415 0.883705
0.767582 0.85815
0.496179 0.934795
0.965426 0.308248
0.00434705 0.71998
0.0258938 0.0956821
0.204027 0.516769
0.54607 0.278906
0.370424 0.299233
0.471332 0.170891
0.152283 0.324971
0.756901 0.997572
0.533636 0.665168
0.739322 0.202749
0.274385 0.543173
0.489887 0.6474
0.294519 0.153366
0.241215 0.771865
0.440207 0.0253026
0.160183 0.391001
0.335571 0.563926
0.211779 0.929613
0.242316 0.0279617
0.353725 0.643456
0.786966 0.260873
0.747789 0.759713
0.296275 0.817764
0.896893 0.498612
0.0899827 0.201802
0.725225 0.582668
0.636094 0.636822
0.049403 0.195437
0.556385 0.215163
0.287275 0.678223
0.10972 0.98619
0.256848 0.676682
0.179373 0.169697
0.594966 0.129104
0.682867 0.911288
0.308125 0.681019
0.334327 0.0893382
0.0527159 0.474523
0.921458 0.207221
0.460634 0.951785
0.70554 0.120543
0.939294 0.161541
0.169774 0.762427
0.0472171 0.58405
0.998606 0.355997
0.718862 0.498194
0.385937 0.948263
0.999502 0.859382
0.92561 0.48671
0.101405 0.660784
0.536079 0.749853
0.474004 0.857141
0.133023 0.46353
0.620109 0.378028
0.661198 0.201076
0.797318 0.459645
0.76732 0.896835
0.906712 0.814665
0.333502 0.0413011
0.273058 0.491344
0.884168 0.806095
0.423658 0.328318
0.816676 0.726263
0.266197 0.207471
0.402836 0.160523
0.0561326 0.250222
0.536 0.0226113
0.302328 0.400411
0.438306 0.704552
0.631516 0.77835
0.765266 0.227912
0.440625 0.147383
0.304675 0.497415
0.0480565 0.515759
0.832355 0.573334
0.198966 0.844011
0.83653 0.657992
0.977178 0.560835
0.311248 0.219288
0.687028 0.317192
0.0635522 0.282787
0.808173 0.980696
0.976941 0.339883
0.124097 0.388537
0.00391461 0.894727
0.146123 0.800133
0.204766 0.117745
0.488225 0.0966413
0.646472 0.998855
0.456137 0.175302
0.226103 0.629444
0.319642 0.167593
0.812801 0.202368
0.491956 0.0706955
0.326494 0.933868
0.106215 0.403427
0.77096 0.719505
0.909334 0.852233
0.00356886 0.276268
0.495965 0.795509
0.846536 0.015497
0.47794 0.496247
0.651405 0.679781
0.772313 0.604333
0.682723 0.504506
0.103079 0.0273842
0.111779 0.968037
0.643348 0.110629
0.642198 0.66604
0.901902 0.036685
0.909949 0.456215
0.378522 0.806263
0.498738 0.837956
0.63063 0.833709
0.277629 0.920579
0.292671 0.104596
0.283376 0.983341
0.299366 0.128423
0.0965656 0.550415
0.534953 0.695799
0.0498904 0.991709
0.583775 0.830385
0.262542 0.616583
0.875266 0.972934
0.617302 0.0630915
0.615249 0.693816
0.861485 0.88448
0.0616307 0.302337
0.911814 0.312536
0.600556 0.942632
0.100095 0.284056
0.218388 0.2036
0.0143881 0.439773
0.172176 0.870266
0.801356 0.209177
0.738904 0.528437
0.25134 0.464276
0.575251 0.807276
0.801255 0.854521
0.462918 0.788642
0.186375 0.529087
0.959518 0.812373
0.559898 0.472745
0.40061 0.260221
0.756282 0.923076
0.256149 0.520955
0.678783 0.683765
0.967917 0.570773
0.352408 0.311741
0.117275 0.220755
0.614917 0.756766
0.584188 0.313776
0.898113 0.548975
0.361685 0.990865
0.81029 0.0380178
0.605906 0.593898
0.173621 0.952079
0.889211 0.604338
0.813443 0.370342
0.375228 0.0522246
0.61801 0.899056
0.96303 0.285552
0.767126 0.0555104
0.502522 0.15047
0.196093 0.707182
0.662054 0.608158
0.0379913 0.584661
0.508126 0.0460032
0.156982 0.524843
0.796428 0.565039
0.258289 0.233318
0.751226 0.698868
0.85357 0.629517
0.503564 0.275815
0.709887 0.664685
0.529606 0.523818
0.32022 0.201741
0.465712 0.329888
0.628939 0.543428
0.327854 0.270699
0.915067 0.0822268
0.878883 0.745265
0.699385 0.0726987
0.735891 0.814236
0.517872 0.936145
0.818888 0.114436
0.875159 0.84191
0.0591022 0.764533
0.077888 0.951402
0.997327 0.812759
0.514525 0.632201
0.817477 0.800521
0.598878 0.764409
0.443428 0.434588
0.812972 0.328635
0.774924 0.0124788
0.0197187 0.97962
0.0952815 0.790999
0.151958 0.546202
0.554194 0.7855
0.00767918 0.501517
0.460647 0.211768
0.0494515 0.130929
0.690266 0.390451
0.443415 0.38198
0.287355 0.280917
0.242723 0.896665
0.530987 0.42529
0.695269 0.245025
0.774007 0.750593
0.463794 0.434954
0.353838 0.666541
0.888259 0.930166
0.526063 0.249068
0.529189 0.632379
0.836196 0.442089
0.178512 0.801784
0.619512 0.356623
0.950165 0.749602
0.300907 0.375138
0.376283 0.392465
0.206548 0.471014
0.227334 0.404303
0.942525 0.0838558
0.0607222 0.865927
0.667883 0.423633
0.450924 0.661313
0.299179 0.900407
0.541691 0.930964
0.971721 0.989488
0.109663 0.72488
0.353188 0.0935563
0.324051 0.642701
0.398293 0.970869
0.830574 0.903459
0.786501 0.78625
0.367717 0.22804
0.0209436 0.631745
0.498091 0.708043
0.623176 0.485321
0.930668 0.846714
0.89526 0.691598
0.684647 0.153605
0.855817 0.463426
0.725976 0.269568
0.183949 0.480796
0.0891235 0.229351
0.955592 0.39713
0.273037 0.717978
0.655371 0.924982
0.449367 0.977174
0.648236 0.886458
0.740815 0.288105
0.466827 0.387822
0.059946 0.401511
0.122962 0.443551
0.452555 0.232284
0.900568 0.223942
0.564566 0.739759
0.927832 0.96353
0.405651 0.909498
0.0225706 0.79004
0.589055 0.140332
0.140787 0.809981
0.243298 0.4909
0.225467 0.360008
0.57743 0.937304
0.386233 0.600161
0.775844 0.804614
0.620273 0.281799
0.801736 0.12789
0.702706 0.597273
0.855138 0.966134
0.904346 0.929949
0.414154 0.684143
0.255643 0.855789
0.877046 0.285452
0.156582 0.88952
0.580087 0.603015
0.8788 0.465043
0.734394 0.0617559
0.0469684 0.0632516
0.639042 0.2477
0.427733 0.481339
0.964943 0.941624
0.779786 0.0669554
0.361776 0.339914
0.128871 0.884404
0.397985 0.577541
0.28858 0.0903541
0.441279 0.581901
0.675919 0.763034
0.539032 0.306673
0.90044 0.107611
0.254652 0.822384
0.944434 0.857085
0.803899 0.175098
0.366235 0.881839
0.113893 0.328967
0.197263 0.108353
0.587737 0.329633
0.423153 0.784802
0.803469 0.69228
0.130751 0.604147
0.529817 0.466216
0.885641 0.496578
0.444939 0.116109
0.955118 0.246482
0.785813 0.498536
0.61146 0.808157
0.739059 0.156052
0.529801 0.230424
0.590433 0.51059
0.840026 0.277089
0.816309 0.34504
0.871718 0.143442
0.639364 0.209347
0.501679 0.207202
0.671704 0.587061
0.230966 0.0557787
0.52047 0.383072
0.555667 0.140038
0.255388 0.323248
0.56323 0.936368
0.10721 0.879794
0.16665 0.484192
0.549358 0.425722
0.396859 0.884034
0.964124 0.860863
0.260694 0.370013
0.00614608 0.938107
0.0279753 0.412461
0.594379 0.450255
0.409835 0.213347
0.157621 0.754823
0.571111 0.442725
0.123344 0.760869
0.414147 0.245652
0.420995 0.00891512
0.416929 0.196109
0.576281 0.870569
0.395454 0.664656
0.584834 0.647657
0.0474438 0.639723
0.19958 0.282449
0.917604 0.326887
0.797662 0.934543
0.568399 0.606791
0.00532462 0.615098
0.280766 0.244493
0.154226 0.938276
0.198292 0.741008
0.206762 0.550497
0.790284 0.40278
0.957099 0.664617
0.688476 0.834553
0.0154624 0.0218926
0.0700195 0.1556
0.759536 0.499378
0.234379 0.163283
0.311358 0.859939
0.78945 0.961976
0.880677 0.420913
0.449418 0.531662
0.944156 0.332607
0.394646 0.824186
0.584387 0.355831
0.856172 0.195861
0.612505 0.42366
0.633316 0.173339
0.136497 0.135281
0.716722 0.691428
0.716917 0.906974
0.0914084 0.585466
0.495303 0.527088
0.175356 0.351797
0.636502 0.426945
0.189025 0.982061
0.833315 0.846259
0.707605 0.437192
0.275733 0.779209
0.331896 0.444138
0.231763 0.0841271
0.839194 0.538412
0.283421 0.158476
0.695472 0.422485
0.322106 0.472141
0.35813 0.763907
0.30536 0.316269
0.381413 0.461495
0.122315 0.0337035
0.534987 0.820661
0.00302886 0.589717
0.838017 0.382394
0.640999 0.339981
0.722435 0.554473
0.0492879 0.811521
0.185149 0.440063
0.46886 0.122091
0.98843 0.391001
0.0910929 0.419027
0.49712 0.344076
0.150098 0.712445
0.66555 0.0301538
0.0266649 0.196932
0.499363 0.122037
0.711883 0.169036
0.617212 0.972857
0.178192 0.967632
0.860778 0.209413
0.425449 0.814012
0.789947 0.304938
0.0760958 0.625477
0.577628 0.497048
0.245366 0.954175
0.7593 0.462375
0.463561 0.688415
0.425535 0.0550323
0.301822 0.571949
0.319043 0.725896
0.87658 0.0951397
0.254407 0.980057
0.621114 0.0999303
0.362897 0.131306
0.433096 0.951277
0.956024 0.466978
0.0947606 0.053926
0.297417 0.95817
0.482616 0.583584
0.950513 0.110966
0.582145 0.208713
0.738522 0.62517
0.437612 0.837741
0.828842 0.743089
0.801712 0.769637
0.576929 0.771879
0.683189 0.0922217
0.846856 0.826314
0.177546 0.145535
0.162612 0.276389
0.1004 0.470445
0.286556 0.586252
0.142731 0.0412496
0.819112 0.286025
0.0704891 0.0403213
0.643141 0.726259
0.0536048 0.725776
0.729111 0.870413
0.471494 0.890975
0.841081 0.60128
0.976175 0.0238233
0.399908 0.737614
0.803183 0.827902
0.206072 0.344675
0.32929 0.775489
0.0394656 0.245814
0.209582 0.164605
0.138487 0.560607
0.750567 0.585082
0.943884 0.95537
0.297001 0.527018
0.178558 0.581864
0.372174 0.687364
0.26981 0.439574
0.0674394 0.696742
0.285226 0.632038
0.504427 0.997803
0.51291 0.582478
0.773317 0.37223
0.304498 0.786567
0.879106 0.0350197
0.730907 0.849439
0.069735 0.244451
0.354532 0.369825
0.038128 0.846941
0.788585 0.533167
0.973756 0.48438
0.328917 0.423696
0.981808 0.0646198
0.0223172 0.737951
0.0130448 0.28637
0.0227144 0.902679
0.605494 0.0483515
0.65255 0.0867971
0.0227514 0.154443
0.0487707 0.315904
0.0262162 0.944139
0.0988736 0.323879
0.303073 0.0577648
0.837299 0.245814
0.223767 0.431978
0.401291 0.507617
0.946331 0.130115
0.43492 0.652622
0.363198 0.61232
0.272145 0.307032
0.0422292 0.440387
0.523938 0.785982
0.441659 0.298644
0.687395 0.121185
0.681369 0.177539
0.651326 0.749896
0.352156 0.843579
0.841742 0.485449
0.262204 0.739561
0.148349 0.422812
0.592153 0.904835
0.526651 0.0669355
0.487201 0.452204
0.214595 0.582885
0.393906 0.635643
0.336493 0.515028
0.374296 0.552008
0.77989 0.663538
0.880052 0.532207
0.356836 0.735242
0.970957 0.420596
0.413914 0.624936
0.374775 0.852967
0.105004 0.766729
0.482896 0.982234
0.483775 0.298575
0.997161 0.496946
0.946168 0.453349
0.500827 0.756925
0.882045 0.988511
0.478296 0.265154
0.723527 0.233855
0.0874809 0.360133
0.160519 0.661306
0.797909 0.675093
0.737317 0.474153
0.304393 0.00312768
0.435897 0.249238
0.0450189 0.69404
0.343711 0.960138
0.141502 0.994006
0.895709 0.431326
0.350008 0.181357
0.0709885 0.589933
0.665099 0.551231
0.443318 0.491582
0.903817 0.617014
0.277006 0.0462662
0.79979 0.623851
0.929424 0.897901
0.10991 0.278458
0.979953 0.0489732
0.351643 0.489364
0.158626 0.206188
0.418773 0.776334
0.775376 0.174462
0.917154 0.35949
0.320555 0.599521
0.579924 0.552527
0.0542082 0.789692
0.669764 0.628061
0.691516 0.869181
0.0447227 0.539682
0.509694 0.892974
0.665946 0.252863
0.488011 0.406733
0.44748 0.90361
0.534507 0.344599
0.89828 0.991607
0.323959 0.337725
0.988032 0.0856514
0.328313 0.255764
0.717327 0.462968
0.613393 0.464797
0.460214 0.739339
0.00428743 0.179877
0.346658 0.596977
0.323619 0.0514521
0.744431 0.980267
0.171272 0.0390864
0.599537 0.98182
0.421747 0.57584
0.514231 0.0139061
0.263156 0.180031
0.334928 0.122872
0.79616 0.23957
0.841701 0.696391
0.688193 0.480999
0.114821 0.366856
0.0417263 0.88438
0.885896 0.241016
0.554869 0.0409587
0.961847 0.192545
0.0452465 0.494419
0.650493 0.806455
0.60193 0.105647
0.581467 0.85856
0.46494 0.486694
0.923815 0.995578
0.165602 0.716206
0.152045 0.36494
0.96285 0.707612
0.631929 0.944087
0.620652 0.232786
0.397879 0.138858
0.225245 0.457149
0.887741 0.85992
0.162876 0.432676
0.00178331 0.226295
0.472376 0.816811
0.541697 0.604378
0.137156 0.0733134
0.946817 0.0115366
0.990832 0.107363
0.310183 0.633511
0.0128006 0.128391
0.182429 0.836085
0.646526 0.141158
0.370708 0.507181
0.267267 0.937969
0.563044 0.249645
0.451077 0.0820808
0.59373 0.162625
0.477784 0.0569885
0.76009 0.114785
0.0912156 0.846078
0.407014 0.521648
0.58467 0.0747127
0.0616733 0.373729
0.934367 0.655727
0.368516 0.422515
0.00596113 0.320261
0.740932 0.350482
0.655575 0.98277
0.586188 0.679264
0.762855 0.323987
0.542253 0.178275
0.737588 0.424062
0.947855 0.601961
0.818265 0.0546948
0.765415 0.954051
0.731043 0.932493
0.50101 0.464269
0.322411 0.369332
0.517099 0.854567
0.187897 0.677691
0.716367 0.726811
0.258802 0.00759126
0.873132 0.375638
0.724723 0.885477
0.1993 0.382094
0.769873 0.567059
0.410051 0.718951
0.112923 0.498629
0.23187 0.866197
0.878848 0.255783
0.997703 0.669609
0.982488 0.898344
0.795033 0.883896
0.696302 0.283259
0.23402 0.820226
0.120302 0.250537
0.195884 0.406669
0.609794 0.650945
0.758303 0.395277
0.128564 0.921064
