0.771705 0.832315
0.478941 0.999792
0.999209 0.373231
0.906458 0.085963
0.146 0.462393
0.24116 0.0793575
0.289943 0.885545
0.269333 0.761185
0.667697 0.328004
0.71137 0.66607
0.324524 0.847497
0.051481 0.957202
0.721969 0.616417
0.486407 0.738462
0.909967 0.870006
0.268879 0.716259
0.423589 0.607026
0.0681277 0.799044
0.597644 0.182355
0.765351 0.626002
0.706854 0.497903
0.484613 0.466433
0.629396 0.231164
0.307585 0.473864
0.854603 0.287389
0.518565 0.721446
0.545362 0.747215
0.253055 0.629387
0.36959 0.205476
0.313307 0.574938
0.836652 0.450272
0.540503 0.900132
0.684973 0.171242
0.258728 0.14742
0.287156 0.290508
0.0531167 0.820031
0.752936 0.00727913
0.678188 0.751434
0.189922 0.0294764
0.536726 0.790642
0.780501 0.264298
0.336245 0.641519
0.464069 0.530618
0.329649 0.978186
0.787093 0.798464
0.701453 0.787522
0.00831769 0.910502
0.0409814 0.477812
0.754363 0.730897
0.514777 0.747041
0.145586 0.920441
0.963982 0.26266
0.928954 0.374994
0.384974 0.715433
0.860869 0.52361
0.645733 0.6083
0.818983 0.247665
0.459037 0.4272
0.107368 0.115145
0.691955 0.966966
0.149645 0.659018
0.0647772 0.584756
0.516513 0.976102
0.579173 0.0699377
0.727216 0.324657
0.349487 0.0734732
0.998147 0.595973
0.686906 0.449975
0.882118 0.888225
0.66169 0.0520607
0.958087 0.565611
0.707826 0.624812
0.712148 0.14116
0.0844222 0.432131
0.540228 0.417448
0.96281 0.923888
0.0254346 0.10813
0.178062 0.485368
0.820776 0.366598
0.37465 0.231428
0.70242 0.994985
0.0589495 0.0834577
0.39444 0.139795
0.307618 0.444353
0.90324 0.547802
0.869604 0.801468
0.183516 0.9359
0.256524 0.246703
0.748822 0.47705
0.766171 0.907606
0.707029 0.183334
0.389009 0.0541136
0.630303 0.527004
0.3395 0.457401
0.535785 0.943242
0.216712 0.507028
0.899141 0.488989
0.388428 0.647443
0.623114 0.535053
0.369163 0.504466
0.318343 0.750888
0.746812 0.596961
0.338027 0.134818
0.666959 0.250537
0.106952 0.076041
0.359199 0.609736
0.992341 0.876507
0.625858 0.644739
0.052167 0.866507
0.0630225 0.932066
0.616182 0.60979
0.614142 0.41607
0.107717 0.7298
0.494864 0.773468
0.997743 0.435972
0.18513 0.317883
0.685687 0.732646
0.0102985 0.882083
0.467936 0.958271
0.354048 0.274562
0.820932 0.055109
0.819978 0.94637
0.969839 0.531814
0.240935 0.693962
0.107291 0.000792126
0.964366 0.735398
0.477523 0.1512
0.850451 0.818584
0.773315 0.0467218
0.905675 0.736825
0.509725 0.465578
0.80674 0.737937
0.547768 0.0620175
0.323902 0.514725
0.829 0.687202
0.554185 0.868059
0.308063 0.825757
0.944431 0.47284
0.239322 0.355799
0.631128 0.351613
0.959294 0.00491692
0.71843 0.867667
0.561767 0.224737
0.798919 0.953383
0.33841 0.038153
0.535328 0.170383
0.121945 0.47806
0.0375031 0.0743234
0.226676 0.814221
0.369058 0.312721
0.791263 0.523435
0.734248 0.176587
0.213342 0.384254
0.0740124 0.385009
0.765649 0.14228
0.360134 0.451202
0.752881 0.314218
0.417621 0.646387
0.479795 0.596522
0.277971 0.547737
0.116766 0.528162
0.734766 0.376122
0.658153 0.419462
0.586536 0.0251009
0.50152 0.0229116
0.111369 0.606016
0.825795 0.907878
0.0237257 0.534404
0.601733 0.257911
0.393943 0.342995
0.856338 0.369603
0.021375 0.254408
0.010828 0.75977
0.0420847 0.60254
0.876171 0.453268
0.493921 0.395672
0.78571 0.867712
0.360015 0.555574
0.592438 0.441025
0.845642 0.490375
0.870038 0.557458
0.601667 0.741316
0.661846 0.373697
0.665337 0.525345
0.823186 0.147703
0.640475 0.568731
0.582731 0.82801
0.127743 0.932281
0.191363 0.413071
0.91377 0.890654
0.496804 0.786723
0.990197 0.558769
0.440794 0.949291
0.766936 0.344275
0.295996 0.277305
0.0899046 0.895026
0.742101 0.236674
0.352261 0.910255
0.806385 0.168947
0.622413 0.306691
0.521468 0.35723
0.930972 0.125929
0.442016 0.017079
0.522866 0.623745
0.123348 0.0354566
0.124201 0.865108
0.247354 0.119209
0.919541 0.240966
0.170449 0.398799
0.101515 0.634772
0.989764 0.500169
0.646813 0.478203
0.792199 0.899801
0.156355 0.55344
0.255507 0.857452
0.433957 0.329121
0.600372 0.486509
0.674128 0.0143854
0.888445 0.297915
0.887058 0.0421406
0.554404 0.541566
0.322922 0.590035
0.322888 0.252644
0.559005 0.479441
0.259824 0.374045
0.836307 0.177988
0.976665 0.864291
0.270791 0.647242
0.665497 0.660444
0.971187 0.349789
0.0336953 0.128852
0.788923 0.617234
0.220616 0.848839
0.468992 0.694795
0.227331 0.457005
0.549073 0.780479
0.431946 0.264476
0.442369 0.212505
0.501169 0.925608
0.273472 0.919629
0.837569 0.597531
0.575324 0.879815
0.803618 0.216082
0.169129 0.299662
0.0306962 0.339808
0.991463 0.733377
0.380878 0.742777
0.815104 0.658212
0.471979 0.794046
0.466019 0.585966
0.594609 0.29388
0.9148 0.530794
0.925213 0.703116
0.348106 0.815607
0.782209 0.507887
0.405211 0.814941
0.156443 0.807306
0.674243 0.224158
0.372071 0.793607
0.967111 0.116993
0.970608 0.795077
0.389032 0.900894
0.794302 0.357146
0.515653 0.107397
0.322693 0.906442
0.566411 0.129696
0.156623 0.513512
0.00828076 0.0410843
0.445118 0.62057
0.875127 0.253044
0.834132 0.870607
0.601243 0.640966
0.947827 0.263693
0.615722 0.686814
0.943171 0.032418
0.883363 0.180337
0.0971726 0.573831
0.865009 0.591377
0.384141 0.453105
0.133362 0.688347
0.00139985 0.790088
0.115901 0.358232
0.191788 0.903826
0.628678 0.204612
0.487137 0.329215
0.60778 0.966671
0.818137 0.0133682
0.449031 0.769063
0.310538 0.190958
0.206003 0.35841
0.454277 0.00902208
0.190068 0.969441
0.753703 0.664766
0.982443 0.653131
0.808075 0.432222
0.0218142 0.690955
0.105409 0.41394
0.768471 0.379188
0.358336 0.487579
0.158965 0.589015
0.594911 0.676119
0.735615 0.778204
0.336265 0.0911026
0.718374 0.038982
0.594387 0.118526
0.633043 0.817523
0.733796 0.527934
0.296083 0.93819
0.424446 0.298883
0.576411 0.781423
0.747766 0.759872
0.968009 0.166362
0.384126 0.290842
0.757046 0.0331635
0.895423 0.91912
0.9316 0.0864171
0.0817988 0.196579
0.82532 0.394258
0.805723 0.54249
0.917607 0.35079
0.974891 0.301034
0.256217 0.974535
0.786243 0.00983644
0.869276 0.922123
0.216012 0.727302
0.457637 0.292649
0.637865 0.336696
0.746652 0.295967
0.165189 0.899871
0.379471 0.562798
0.734976 0.995574
0.389656 0.0156493
0.795848 0.579604
0.828952 0.798516
0.315755 0.556441
0.451639 0.563511
0.158993 0.474416
0.56585 0.371965
0.557394 0.463316
0.728837 0.724625
0.754257 0.938609
0.296687 0.990454
0.6878 0.0884469
0.403747 0.932874
0.345151 0.762677
0.43994 0.492059
0.65554 0.291329
0.455531 0.911516
0.840048 0.422608
0.49321 0.98628
0.815238 0.282173
0.278408 0.494144
0.416633 0.798583
0.765107 0.709031
0.368019 0.834321
0.19793 0.672614
0.070253 0.507325
0.465598 0.862903
0.683639 0.116338
0.0454741 0.184448
0.520467 0.503023
0.468729 0.636294
0.994303 0.453305
0.0681576 0.102752
0.586609 0.218174
0.533033 0.14867
0.617723 0.96574
0.25273 0.431447
0.15411 0.714904
0.0180197 0.954701
0.0731164 0.555546
0.470178 0.12691
0.684407 0.689879
0.385202 0.775684
0.317283 0.352477
0.89009 0.999825
0.794205 0.488823
0.148163 0.0135509
0.951977 0.677336
0.541517 0.364651
0.426132 0.554824
0.94816 0.886889
0.0202109 0.50425
0.496612 0.538467
0.959523 0.0904949
0.532738 0.022848
0.321416 0.496954
0.149159 0.340183
0.885099 0.0701647
0.441024 0.746291
0.671749 0.508974
0.242135 0.884892
0.300224 0.24102
0.179662 0.361303
0.520531 0.236573
0.565482 0.532392
0.73379 0.426871
0.399268 0.575684
0.654204 0.954027
0.756241 0.53092
0.789376 0.451029
0.368156 0.157918
0.365252 0.181631
0.567058 0.717217
0.618025 0.2971
0.762794 0.79407
0.669984 0.447079
0.42846 0.0360102
0.827317 0.319902
0.16883 0.149837
0.640459 0.0249933
0.0719595 0.0352311
0.0510177 0.299037
0.426769 0.202979
0.0606003 0.469502
0.782571 0.284079
0.696291 0.596432
0.449879 0.664047
0.27765 0.599172
0.297476 0.0476341
0.376603 0.357544
0.471963 0.721717
0.528053 0.686611
0.68002 0.821077
0.435529 0.976772
0.558113 0.59779
0.863548 0.0329802
0.483659 0.655921
0.799643 0.319206
0.148622 0.0713544
0.135581 0.38984
0.990328 0.835005
0.099388 0.771793
0.366612 0.854302
0.237085 0.320287
0.56412 0.320498
0.281764 0.0887384
0.103475 0.498967
0.421767 0.36513
0.935838 0.564806
0.769677 0.134323
0.466837 0.510483
0.56493 0.982168
0.83199 0.560984
0.693326 0.392336
0.520527 0.393732
0.70748 0.236221
0.424984 0.836474
0.994399 0.0948841
0.343817 0.728728
0.714566 0.77016
0.881039 0.345766
0.333404 0.948019
0.795895 0.202498
0.660452 0.998671
0.0892852 0.946257
0.508055 0.189143
0.310419 0.408511
0.937707 0.50908
0.650674 0.909484
0.52097 0.224611
0.513542 0.430881
0.809718 0.063464
0.866676 0.953384
0.569768 0.949168
0.20006 0.445277
0.660655 0.566496
0.454234 0.251738
0.353093 0.597843
0.978989 0.703087
0.240587 0.720396
0.873949 0.13267
0.384131 0.520736
0.720957 0.671505
0.314578 0.718573
0.254462 0.489086
0.955381 0.620501
0.551836 0.0138486
0.262601 0.987174
0.457756 0.0985954
0.705462 0.562125
0.56811 0.256388
0.0925602 0.0903194
0.839071 0.951719
0.116376 0.044819
0.29468 0.691223
0.488797 0.359559
0.0189603 0.185679
0.651741 0.657662
0.637538 0.476477
0.306686 0.139262
0.973067 0.140348
0.630155 0.860382
0.607235 0.565507
0.666848 0.182671
0.654102 0.819219
0.0387638 0.855164
0.959456 0.397457
0.0336077 0.347613
0.0848873 0.881907
0.259947 0.214811
0.342091 0.304679
0.578529 0.729916
0.485364 0.0936431
0.775899 0.680988
0.629194 0.761535
0.206541 0.616219
0.43539 0.162101
0.502594 0.948418
0.511433 0.843639
0.919186 0.429156
0.815744 0.75978
0.178015 0.611006
0.690888 0.274803
0.403238 0.874368
0.431886 0.673092
0.31575 0.633504
0.522513 0.568328
0.445357 0.353469
0.273732 0.878031
0.395304 0.855435
0.443483 0.828359
0.999858 0.630979
0.506726 0.876968
0.35244 0.141969
0.200291 0.285806
0.983983 0.375473
0.0199125 0.79656
0.155091 0.239738
0.283148 0.107877
0.900848 0.195898
0.495406 0.0518727
0.227948 0.787539
0.112991 0.326177
0.706875 0.039313
0.62555 0.0946719
0.467174 0.815409
0.896958 0.252202
0.889891 0.15158
0.472745 0.915023
0.198943 0.769029
0.079201 0.719034
0.156232 0.748639
0.858862 0.19976
0.85079 0.217591
0.220718 0.412946
0.949159 0.833349
0.034591 0.37521
0.405046 0.256179
0.0768613 0.160243
0.18143 0.728124
0.300945 0.673673
0.406368 0.177726
0.113237 0.683483
0.725308 0.131655
0.134132 0.886076
0.599607 0.804656
0.90507 0.823589
0.80453 0.818749
0.140305 0.425324
0.0964477 0.25838
0.034277 0.903521
0.672488 0.93966
0.969953 0.045294
0.157478 0.430203
0.241058 0.5694
0.934425 0.314382
0.261512 0.0355818
0.861083 0.871007
0.724988 0.364932
0.590151 0.170597
0.0816589 0.995204
0.242155 0.765352
0.591942 0.878292
0.627139 0.729217
0.796763 0.631327
0.673708 0.784483
0.161719 0.198008
0.231623 0.926698
0.337861 0.214128
0.162254 0.959228
0.229684 0.295996
0.156846 0.867478
0.40272 0.688746
0.966503 0.908243
0.984093 0.182238
0.37938 0.959005
0.0401179 0.30504
0.914459 0.774484
0.603087 0.371338
0.0218483 0.467309
0.530146 0.192728
0.945706 0.696048
0.874063 0.742944
0.614862 0.013381
0.274819 0.465317
0.92137 0.28926
0.0770036 0.0412304
0.0325658 0.263825
0.415375 0.111678
0.882684 0.773969
0.739353 0.5795
0.187249 0.654655
0.196645 0.787548
0.618915 0.389544
0.511302 0.518058
0.172837 0.516394
0.194915 0.876203
0.651525 0.266638
0.506223 0.135115
0.800176 0.725594
0.166962 0.639034
0.399504 0.970064
0.219188 0.195403
0.331031 0.00861833
0.942824 0.860445
0.999211 0.963327
0.499362 0.687513
0.286492 0.725696
0.0377385 0.427479
0.864123 0.635708
0.380544 0.40532
0.0308571 0.656108
0.370872 0.110656
0.479032 0.287553
0.952063 0.514793
0.265286 0.564971
0.730421 0.825885
0.651756 0.399163
0.742399 0.259686
0.606574 0.909642
0.155634 0.986582
0.110108 0.451238
0.774116 0.330661
0.0058667 0.236762
0.129177 0.529551
0.984687 0.414054
0.0990355 0.395703
0.935705 0.97802
0.334029 0.788893
0.587755 0.927841
0.957084 0.225759
0.868464 0.378628
0.367814 0.921519
0.00248736 0.133491
0.573668 0.415073
0.499983 0.565852
0.843686 0.905609
0.345658 0.537228
0.357258 0.40529
0.75035 0.45398
0.0230276 0.412675
0.258249 0.325508
0.75367 0.180196
0.959057 0.648619
0.749496 0.635718
0.0159763 0.162736
0.0785285 0.31699
0.591896 0.767938
0.939952 0.189012
0.968744 0.97437
0.270191 0.523478
0.440606 0.708512
0.856683 0.658949
0.894274 0.464726
0.692825 0.483302
0.751001 0.407214
0.573088 0.639207
0.806554 0.852848
0.790828 0.973666
0.107516 0.213502
0.918763 0.595451
0.207807 0.934672
0.0429178 0.396005
0.891805 0.393032
0.71651 0.817865
0.153464 0.0793298
0.166774 0.692779
0.159781 0.835989
0.698386 0.867044
0.614025 0.246467
0.417683 0.716509
0.0463672 0.923379
0.711679 0.334464
0.401765 0.399129
0.313938 0.871434
0.485763 0.835596
0.1978 0.576674
0.265937 0.154767
0.204793 0.533361
0.861215 0.265768
0.23117 0.0646939
0.602562 0.0460148
0.528835 0.815159
0.951015 0.428687
0.794801 0.395735
0.992839 0.938043
0.907117 0.80025
0.283025 0.182173
0.826562 0.607644
0.181989 0.559022
0.201132 0.155946
0.337664 0.669085
0.658691 0.697755
0.107308 0.786976
0.382983 0.0817706
0.450631 0.0689817
0.064915 0.979559
0.929802 0.171317
0.408367 0.0942206
0.304368 0.789415
0.914611 0.995877
0.688844 0.844941
0.191908 0.211375
0.348412 0.253189
0.202661 0.822757
0.216854 0.877039
0.702635 0.725391
0.306993 0.159189
0.178378 0.259385
0.255152 0.813026
0.354492 0.358912
0.21816 0.569024
0.866646 0.705164
0.02264 0.7229
0.740478 0.885509
0.316904 0.0573841
0.828253 0.503307
0.198531 0.466495
0.136496 0.62405
0.452228 0.873685
0.829601 0.77974
0.705825 0.417753
0.424658 0.770898
0.836976 0.54032
0.223455 0.625022
0.0842457 0.134547
0.737201 0.496592
0.480248 0.175323
0.21158 0.995736
0.134534 0.301604
0.203082 0.0647303
0.0625751 0.219863
0.525008 0.325663
0.242519 0.599808
0.559494 0.697725
0.534684 0.847011
0.00835548 0.550576
0.0972075 0.851215
0.428772 0.0647411
0.685532 0.356941
0.0799295 0.62889
0.636765 0.0635277
0.776648 0.232211
0.426567 0.465913
0.144612 0.293176
0.357991 0.697878
0.51629 0.284662
0.0680919 0.269691
0.336081 0.426229
0.434041 0.152561
0.0465139 0.708972
0.989059 0.275406
0.929227 0.920857
0.466364 0.324976
0.746751 0.875825
0.107261 0.186081
0.709861 0.212577
0.192698 0.106472
0.279094 0.660097
0.905952 0.654031
0.138615 0.199691
0.396164 0.247833
0.136796 0.587464
0.227039 0.498784
0.677613 0.319454
0.0372766 0.00418137
0.124171 0.811787
0.634426 0.13385
0.435365 0.431309
0.8586 0.415622
0.851609 0.143985
0.335259 0.329122
0.124884 0.960407
0.393175 0.744476
0.571144 0.395786
0.293426 0.219996
0.917993 0.660559
0.878314 0.676689
0.293832 0.61131
0.994579 0.323839
0.290451 0.0239993
0.500561 0.892266
0.671832 0.89024
0.726346 0.701254
0.0688505 0.666546
0.535677 0.574281
0.280246 0.0755235
0.917447 0.620899
0.2012 0.330129
0.585292 0.455745
0.834463 0.241664
0.121153 0.652502
0.207598 0.227617
0.22966 0.0173025
0.749272 0.83563
0.21365 0.981415
0.350938 0.879702
0.549794 0.0498327
0.600985 0.584762
0.165651 0.0212043
0.835757 0.843428
0.136017 0.117559
0.628056 0.439963
0.280222 0.336462
0.405776 0.491053
0.488264 0.226241
0.171206 0.182708
0.568951 0.101019
0.465278 0.378839
0.115944 0.56601
0.245448 0.398491
0.346516 0.688793
0.0467562 0.782172
0.928108 0.733887
0.113853 0.153742
0.946008 0.806371
0.909077 0.948294
0.354448 0.0202596
0.0831639 0.682351
0.924845 0.391936
0.54477 0.915111
0.842958 0.988338
0.620751 0.800519
0.618855 0.700362
0.654405 0.10423
0.605115 0.0796764
0.0989664 0.300034
0.572245 0.334133
0.19158 0.095629
0.701954 0.295016
0.705887 0.539932
0.55097 0.642497
0.785193 0.168705
0.352353 0.96017
0.518427 0.308439
0.803199 0.692898
0.71246 0.457122
0.5627 0.20109
0.896509 0.234456
0.449462 0.233073
0.303751 0.359898
0.075091 0.528253
0.645308 0.970956
0.5592 0.151528
0.388838 0.0437507
0.415073 0.527579
0.00409222 0.216564
0.929599 0.0547703
0.368487 0.991132
0.904111 0.843002
0.530666 0.26221
0.751118 0.0874315
0.755484 0.970671
0.406736 0.303687
0.651106 0.735571
0.242466 0.67613
0.591898 0.521685
0.312136 0.114188
0.991476 0.0225307
0.915129 0.0245691
0.842905 0.716283
0.0976307 0.916727
0.802908 0.107081
0.00429728 0.305291
0.650343 0.778424
0.849813 0.103183
0.265973 0.820169
0.112383 0.831988
0.639305 0.188453
0.513646 0.660029
0.18759 0.0474185
0.867485 0.0845509
0.488615 0.260535
0.591062 0.991629
0.376848 0.62486
0.30492 0.308139
0.0479689 0.529337
0.926031 0.214139
0.275635 0.834932
0.0223077 0.612373
0.878008 0.619924
0.90307 0.115781
0.577289 0.563883
0.675675 0.57851
0.660482 0.856486
0.0560872 0.746547
0.404749 0.996503
0.0053494 0.829388
0.724915 0.966132
0.0757589 0.248479
0.303898 0.93723
0.117848 0.265826
0.30092 0.529144
0.424867 0.886114
0.84323 0.47342
0.88784 0.507847
0.278393 0.772912
0.855678 0.755226
0.230354 0.660515
0.73612 0.100855
0.514838 0.0745034
0.56332 0.296122
0.284143 0.383789
0.541672 0.981473
0.77483 0.934265
0.934001 0.458366
0.895194 0.702674
0.258251 0.956299
0.465067 0.480459
0.211971 0.247871
0.00995773 0.066512
0.0803395 0.827845
0.428055 0.394392
0.212992 0.740876
0.816993 0.113919
0.973402 0.21363
0.846046 0.0823943
0.861325 0.991505
0.966958 0.596457
0.550567 0.503911
0.674207 0.137101
0.246293 0.922617
0.823332 0.647228
0.999164 0.67847
0.70836 0.934134
0.405029 0.445107
0.231186 0.17409
0.442889 0.116612
0.338132 0.387181
0.851121 0.311616
0.077415 0.361395
0.0404092 0.64842
0.48031 0.416865
0.545289 0.0988014
0.229472 0.117024
0.470974 0.0530881
0.135189 0.244963
0.717224 0.0818853
0.777352 0.421454
0.24857 0.0306814
0.723832 0.921492
0.988695 0.00108733
0.80451 0.997545
0.604602 0.495072
0.832781 0.339813
0.965634 0.767552
0.76959 0.0647314
0.795761 0.469075
0.971558 0.0702083
0.943969 0.953192
0.6909 0.9022
0.42333 0.921946
0.953637 0.334756
0.289856 0.410723
0.688699 0.637041
0.0361081 0.570248
0.575164 0.834763
0.180284 0.835307
0.893044 0.963791
0.890835 0.578631
0.145853 0.780424
0.159072 0.125319
0.843626 0.0341093
0.721418 0.276219
0.11179 0.977503
0.240037 0.533968
0.779707 0.762601
0.643723 0.153231
0.666016 0.619105
0.265369 0.440214
0.873062 0.844077
0.92747 0.147107
0.0612559 0.434398
0.757104 0.558537
0.0468741 0.215459
0.254091 0.203761
0.674332 0.0666426
0.409272 0.601983
0.249628 0.280393
0.622233 0.860945
0.472607 0.19589
0.33274 0.189605
0.196486 0.694052
0.507888 0.614857
0.558781 0.671134
0.976386 0.472893
0.0567313 0.146041
0.890405 0.417786
0.7535 0.207693
0.606815 0.144613
0.0408225 0.0401672
0.629729 0.916354
0.598598 0.344733
0.937876 0.762321
0.780542 0.100162
0.569954 0.606905
0.204283 0.143822
0.120944 0.733914
0.887329 0.330661
0.135733 0.158083
0.0831495 0.34868
0.0896285 0.467883
0.784128 0.574514
0.529821 0.452534
0.0259603 0.995139
0.555415 0.272125
0.059221 0.759057
0.247194 0.256603
0.165091 0.773694
0.0728332 0.61806
0.402889 0.206266
0.38223 0.668302
0.144644 0.359645
