0.147529 0.783001
0.487478 0.688955
0.273143 0.475695
0.489519 0.255745
0.145593 0.0575985
0.12187 0.94774
0.759537 0.411391
0.718439 0.82129
0.33809 0.611147
0.566273 0.588482
0.349941 0.621249
0.910101 0.498173
0.216477 0.645692
0.745414 0.0301118
0.732692 0.0787066
0.369328 0.598632
0.0548694 0.575037
0.244273 0.372151
0.0380282 0.0138488
0.704477 0.108983
0.159549 0.814594
0.05292 0.265558
0.250532 0.649986
0.137969 0.853597
0.988579 0.44348
0.514204 0.0577102
0.425186 0.792152
0.357768 0.0501578
0.851994 0.621032
0.304387 0.289141
0.8959 0.288786
0.712277 0.0100887
0.754955 0.284438
0.207178 0.656404
0.229956 0.951679
0.907524 0.751129
0.0747086 0.842868
0.817042 0.618217
0.0838419 0.943499
0.893806 0.975731
0.958113 0.797217
0.702145 0.208049
0.63133 0.0519988
0.486045 0.729482
0.690735 0.255466
0.245942 0.321791
0.0684135 0.398887
0.423735 0.10473
0.381211 0.331289
0.514401 0.37473
0.90237 0.634037
0.202238 0.189993
0.0711076 0.987442
0.969003 0.617932
0.304209 0.3842
0.987466 0.629805
0.35404 0.393011
0.694917 0.0698878
0.941786 0.510967
0.39102 0.616289
0.45695 0.770657
0.535931 0.832901
0.812472 0.995387
0.023744 0.736982
0.839574 0.789702
0.0659673 0.125191
0.226768 0.33007
0.210401 0.480515
0.455436 0.106763
0.560549 0.494963
0.430661 0.370007
0.679324 0.107494
0.509343 0.0958653
0.42896 0.206759
0.882187 0.00999512
0.88632 0.731467
0.909823 0.808337
0.194584 0.120061
0.521978 0.981316
0.945154 0.886796
0.251979 0.755134
0.329399 0.131512
0.510453 0.786841
0.876021 0.937304
0.42912 0.407145
0.882053 0.167445
0.310313 0.643816
0.863779 0.778041
0.166849 0.988362
0.56375 0.554524
0.520611 0.622014
0.0549827 0.622319
0.504879 0.191454
0.572836 0.932752
0.279616 0.208951
0.647425 0.749774
0.95772 0.38072
0.637989 0.368983
0.0988735 0.337652
0.394285 0.436631
0.366843 0.557613
0.988615 0.889756
0.927157 0.169602
0.128387 0.596217
0.702849 0.596957
0.42756 0.278317
0.295267 0.879004
0.135766 0.497927
0.667086 0.163662
0.778292 0.598401
0.12758 0.485095
0.522339 0.717263
0.821102 0.889201
0.52909 0.344114
0.399484 0.897131
0.145893 0.655465
0.741989 0.260219
0.822675 0.762167
0.811995 0.277657
0.252015 0.799727
0.929683 0.371286
0.928695 0.762768
4.62532e-05 0.761907
0.762271 0.985893
0.684715 0.769533
0.133264 0.830628
0.786093 0.654545
0.263745 0.684812
0.29765 0.935192
0.756184 0.457201
0.676594 0.653483
0.808736 0.071812
0.0260743 0.257127
0.287944 0.82365
0.578635 0.826109
0.619961 0.242492
0.24069 0.517659
0.757609 0.316052
0.80607 0.861974
0.62142 0.726098
0.526764 0.760319
0.333621 0.979411
0.611053 0.266396
0.440793 0.509184
0.457402 0.929552
0.664088 0.107611
0.361894 0.866928
0.437014 0.587291
0.605952 0.958637
0.0244846 0.16999
0.670731 0.713741
0.98917 0.549991
0.0134244 0.595253
0.0380152 0.88109
0.382606 0.456184
0.311883 0.594114
0.216815 0.139046
0.431165 0.556988
0.642539 0.45214
0.736282 0.54868
0.0471826 0.809595
0.878544 0.545901
0.554788 0.952054
0.795326 0.0811436
0.178842 0.95338
0.40878 0.490877
0.72627 0.672379
0.85424 0.531945
0.00419863 0.280461
0.332182 0.437628
0.0271808 0.0725642
0.460696 0.810117
0.74013 0.393771
0.978173 0.234924
0.207334 0.55698
0.523552 0.691422
0.114891 0.655564
0.60867 0.192208
0.527554 0.00139666
0.100335 0.908286
0.213218 0.0355917
0.177819 0.751417
0.822486 0.811253
0.191167 0.63183
0.197749 0.0629981
0.583944 0.216144
0.138781 0.874851
0.16306 0.0899531
0.671906 0.00504558
0.390702 0.0577039
0.241495 0.0587117
0.0683734 0.755895
0.718017 0.141715
0.291889 0.783866
0.862114 0.751327
0.219608 0.732834
0.066252 0.0487978
0.986199 0.808195
0.998597 0.413375
0.773218 0.560462
0.779554 0.37415
0.0405551 0.560795
0.795311 0.348717
0.0421154 0.445256
0.474019 0.474837
0.128484 0.0712212
0.352675 0.209603
0.336908 0.335224
0.454326 0.0556229
0.657812 0.983523
0.337363 0.368165
0.634167 0.898947
0.242854 0.841682
0.911325 0.852734
0.747824 0.700067
0.911792 0.109083
0.661053 0.503688
0.969988 0.160983
0.350287 0.185157
0.62964 0.514714
0.657033 0.535288
0.251875 0.570409
0.216183 0.599399
0.659356 0.0629098
0.538834 0.800488
0.00611515 0.027222
0.524148 0.0369839
0.319334 0.277828
0.954482 0.785713
0.297691 0.174586
0.967537 0.421382
0.104666 0.129661
0.593969 0.906267
0.475946 0.763801
0.731195 0.858496
0.109429 0.870076
0.954806 0.759688
0.360269 0.337661
0.820218 0.502452
0.756637 0.492406
0.335877 0.539546
0.568496 0.229982
0.645296 0.305433
0.656175 0.955251
0.149048 0.169784
0.505909 0.283681
0.0575121 0.0304331
0.941378 0.186789
0.572752 0.649335
0.129071 0.967572
0.495462 0.8792
0.181084 0.314215
0.00475234 0.383766
0.187372 0.706199
0.580583 0.755311
0.614744 0.310533
0.0533062 0.779053
0.636933 0.184652
0.25062 0.439836
0.299276 0.0354451
0.766978 0.791438
0.877372 0.60191
0.749212 0.751908
0.529749 0.538916
0.862213 0.376471
0.912493 0.921494
0.549224 0.259296
0.424426 0.0709498
0.0356258 0.360102
0.233453 0.222081
0.539275 0.919506
0.0266197 0.987378
0.248781 0.0139878
0.774706 0.0502171
0.138025 0.390072
0.428053 0.704125
0.578169 0.0711351
0.302225 0.684202
0.585849 0.984009
0.835193 0.131407
0.671494 0.238718
0.687322 0.295992
0.176966 0.00341374
0.449439 0.690529
0.0601085 0.299451
0.497616 0.591529
0.713084 0.639105
0.730982 0.794905
0.436259 0.0121792
0.427667 0.180418
0.735357 0.715504
0.328574 0.0143086
0.553606 0.0863731
0.994493 0.104855
0.55524 0.176344
0.676102 0.401169
0.670361 0.805808
0.149749 0.111041
0.59958 0.783942
0.604621 0.613625
0.510529 0.839131
0.880093 0.701669
0.358038 0.489468
0.391448 0.160959
0.889266 0.209061
0.54225 0.423255
0.716667 0.299778
0.384024 0.0918577
0.285221 0.565508
0.678316 0.351902
0.822381 0.352511
0.464487 0.986909
0.757344 0.47162
0.0667741 0.799692
0.118741 0.614434
0.0887847 0.833119
0.462424 0.646673
0.769733 0.516288
0.742357 0.598801
0.0363334 0.717228
0.633658 0.819792
0.0905669 0.619478
0.937781 0.328448
0.764945 0.0503749
0.168966 0.90494
0.899029 0.778653
0.0561895 0.980152
0.0678197 0.52968
0.300256 0.232475
0.640413 0.0800795
0.297187 0.143135
0.0389692 0.53428
0.311095 0.895961
0.083881 0.585052
0.226016 0.278923
0.547293 0.87229
0.406146 0.244185
0.189796 0.0707465
0.285087 0.109738
0.825292 0.537504
0.00472366 0.132497
0.119168 0.0199336
0.174006 0.163138
0.598559 0.29927
0.216997 0.983028
0.90565 0.414507
0.150485 0.682082
0.721936 0.960929
0.517323 0.936484
0.434134 0.859763
0.881586 0.0980809
0.808939 0.171253
0.966276 0.47312
0.684333 0.205005
0.787612 0.24929
0.95249 0.0218347
0.781247 0.689742
0.0896377 0.885798
0.550235 0.22338
0.758706 0.838228
0.280446 0.97137
0.657865 0.182463
0.259949 0.0413052
0.088471 0.0391596
0.700404 0.462431
0.654007 0.702232
0.397617 0.211159
0.931642 0.945041
0.475179 0.673362
0.237186 0.413055
0.877927 0.509708
0.460597 0.182609
0.313538 0.17989
0.582462 0.599882
0.649123 0.646465
0.353443 0.826551
0.876155 0.0544939
0.73909 0.928602
0.212457 0.41801
0.320848 0.73722
0.882783 0.44735
0.62193 0.210722
0.553984 0.391891
0.671735 0.890432
0.532729 0.877594
0.893755 0.397778
0.112548 0.729668
0.901847 0.666643
0.0483876 0.232173
0.784535 0.84388
0.323358 0.400614
0.855461 0.823475
0.525044 0.142117
0.80167 0.9854
0.504436 0.652151
0.59584 0.253974
0.84572 0.236522
0.13124 0.240572
0.953893 0.0611252
0.60203 0.401832
0.645599 0.019261
0.0824387 0.744476
0.304363 0.990335
0.975441 0.854439
0.274056 0.354992
0.363091 0.948873
0.561057 0.105498
0.835901 0.670055
0.579665 0.70421
0.664669 0.754557
0.294745 0.104365
0.271236 0.794397
0.725622 0.926358
0.422478 0.522305
0.841857 0.441269
0.24326 0.0817388
0.200726 0.105422
0.262852 0.276389
0.729098 0.115389
0.931057 0.219081
0.476003 0.628115
0.496283 0.817906
0.48847 0.419096
0.563367 0.81967
0.687694 0.687915
0.981119 0.736923
0.105859 0.396475
0.663299 0.465733
0.483428 0.0860342
0.227714 0.775719
0.240957 0.880139
0.556918 0.978307
0.67868 0.146746
0.429513 0.241411
0.286627 0.742425
0.216176 0.685161
0.0667185 0.30925
0.872763 0.22191
0.635849 0.865401
0.859599 0.608027
0.0203705 0.770854
0.772542 0.249392
0.242193 0.915493
0.74626 0.165056
0.993057 0.303114
0.619973 0.101675
0.391216 0.990723
0.0445471 0.503131
0.854308 0.848081
0.451851 0.129283
0.487043 0.514842
0.386468 0.303028
0.305008 0.572887
0.267262 0.930245
0.462335 0.221
0.28236 0.415023
0.106457 0.308678
0.465005 0.0712354
0.880815 0.143955
0.923347 0.824171
0.35022 0.0436297
0.159208 0.354486
0.838938 0.364861
0.113 0.777702
0.725061 0.54909
0.0548782 0.720625
0.865139 0.862246
0.547999 0.327949
0.0277549 0.134432
0.0989072 0.205401
0.759178 0.867894
0.199922 0.780578
0.959168 0.0862985
0.941497 0.27305
0.993095 0.337573
0.882312 0.812005
0.173133 0.405487
0.645744 0.581118
0.511003 0.151077
0.104507 0.450152
0.100827 0.514895
0.571516 0.00745681
0.669347 0.942642
0.906206 0.17322
0.0517615 0.342189
0.845695 0.724277
0.759648 0.153927
0.301355 0.827527
0.576892 0.334789
0.204775 0.953623
0.156045 0.613949
0.518603 0.415706
0.010582 0.0848007
0.845267 0.268021
0.62366 0.401026
0.878443 0.886708
0.150869 0.228157
0.436371 0.644791
0.916767 0.458558
0.403812 0.421575
0.460459 0.35623
0.967897 0.348716
0.855236 0.0480096
0.243252 0.475507
0.36428 0.894927
0.855894 0.490741
0.409425 0.11369
0.171725 0.615514
0.438346 0.760674
0.141214 0.750712
0.00883934 0.51645
0.157584 0.275354
0.882419 0.271156
0.564343 0.649045
0.592838 0.0514004
0.1295 0.995656
0.60257 0.848774
0.563066 0.779817
0.515254 0.233629
0.218488 0.524156
0.795807 0.155721
0.194841 0.372257
0.378575 0.376564
0.260479 0.123407
0.103614 0.425139
0.956517 0.259605
0.730581 0.439923
0.103644 0.289519
0.416718 0.6376
0.479146 0.0316631
0.814179 0.238854
0.638942 0.135098
0.862392 0.911955
0.985578 0.212943
0.0693589 0.677094
0.362226 0.98229
0.658016 0.602064
0.553923 0.133761
0.801918 0.591323
0.813818 0.945571
0.672488 0.538532
0.234939 0.181302
0.372045 0.149216
0.867412 0.689271
0.918075 0.611006
0.486723 0.31891
0.782416 0.636518
0.457184 0.828926
0.902958 0.233975
0.697092 0.413753
0.0920395 0.541115
0.226099 0.59728
0.305857 0.446931
0.897458 0.331436
0.700694 0.613975
0.800586 0.527696
0.605085 0.56422
0.877038 0.377019
0.350081 0.0890209
0.961017 0.859158
0.918557 0.648056
0.00825365 0.575012
0.493228 0.552152
0.270439 0.740378
0.727434 0.324554
0.525243 0.658256
0.610315 0.804789
0.802138 0.0213419
0.598368 0.664867
0.524535 0.56462
0.520328 0.738307
0.281498 0.903175
0.255296 0.204606
0.184302 0.4388
0.45984 0.525161
0.434516 0.154597
0.502862 0.449184
0.455564 0.859933
0.594412 0.359153
0.429727 0.734285
0.795277 0.435
0.344125 0.48751
0.778303 0.725716
0.944112 6.69877e-05
0.581049 0.415724
0.0656862 0.154431
0.0705856 0.360498
0.469563 0.72416
0.980062 0.945476
0.173056 0.795864
0.770407 0.341096
0.31355 0.715876
0.0864124 0.207565
0.57862 0.371078
0.0654915 0.484859
0.467855 0.250865
0.423404 0.898199
0.0867717 0.25743
0.986736 0.684955
0.21523 0.271238
0.304517 0.47665
0.878897 0.436772
0.40079 0.637464
0.699075 0.725444
0.0679835 0.0936104
0.873287 0.662721
0.428185 0.458489
0.330767 0.855496
0.257962 0.304507
0.132156 0.324062
0.0615043 0.168147
0.665699 0.621971
0.383779 0.777013
0.161944 0.947962
0.388715 0.584862
0.392412 0.800898
0.834989 0.564524
0.313162 0.517346
0.733716 0.214685
0.404944 0.152243
0.220662 0.447395
0.400109 0.37069
0.498676 0.4918
0.753038 0.108062
0.700705 0.02946
0.275421 0.431058
0.432379 0.922424
0.605477 0.0795023
0.805082 0.741963
0.290446 0.00839403
0.192904 0.227729
0.0440074 0.921462
0.840134 0.973469
0.11152 0.813272
0.567764 0.503259
0.56722 0.70354
0.594611 0.516523
0.954906 0.118017
0.163569 0.491036
0.159963 0.318589
0.504793 0.116695
0.00082335 0.522427
0.968894 0.55539
0.846278 0.0881847
0.75071 0.577935
0.274307 0.537402
0.395324 0.86849
0.971757 0.285472
0.344655 0.3023
0.954062 0.313713
0.592395 0.45549
0.188245 0.195255
0.336822 0.895745
0.652078 0.225273
0.242646 0.242054
0.751728 0.642362
0.346912 0.248037
0.114316 0.353399
0.381664 0.110266
0.470225 0.139001
0.49855 0.980891
0.559851 0.446402
0.131887 0.5752
0.430965 0.324487
0.577321 0.17553
0.0380528 0.0557529
0.741302 0.619788
0.696171 0.572575
0.625054 0.756125
0.157562 0.210741
0.916855 0.57568
0.93985 0.432853
0.604881 0.482808
0.0223708 0.209388
0.980446 0.063426
0.956823 0.725116
0.716022 0.519146
0.0122319 0.845527
0.217028 0.329848
0.245478 0.986493
0.721819 0.183077
0.774485 0.426646
0.30135 0.520978
0.385611 0.275138
0.615423 0.340236
0.447657 0.606932
0.461209 0.891905
0.452603 0.436517
0.239593 0.0959955
0.610671 0.440496
0.649145 0.356245
0.0964659 0.0605462
0.136493 0.409318
0.478393 0.370425
0.615491 0.862488
0.398539 0.752491
0.125276 0.20364
0.170127 0.262425
0.774961 0.921414
0.798771 0.474932
0.83986 0.9004
0.39972 0.0212603
0.396906 0.689206
0.031253 0.475777
0.0120574 0.972007
0.247702 0.71516
0.159943 0.446529
0.848725 0.646587
0.10372 0.77697
0.196891 0.81094
0.952111 0.661065
0.00563058 0.922271
0.0126394 0.890952
0.0379626 0.849568
0.449145 0.332226
0.48359 0.9047
0.418353 0.679562
0.0988119 0.0777359
0.528669 0.517617
0.824368 0.406276
0.698122 0.84002
0.252496 0.637724
0.0239642 0.38831
0.847395 0.951544
0.818619 0.577528
0.690536 0.561706
0.894646 0.129498
0.202371 0.0167445
0.784855 0.193215
0.849376 0.114857
0.812735 0.212304
0.37575 0.659796
0.770104 0.0974561
0.419403 0.958438
0.646375 0.266361
0.94004 0.467504
0.681274 0.048237
0.619208 0.025175
0.136784 0.534242
0.802249 0.397317
0.572871 0.289915
0.741878 0.380186
0.608678 0.695399
0.397001 0.483177
0.157474 0.737682
0.545763 0.378791
0.203819 0.753966
0.337904 0.651431
0.0334818 0.204273
0.972784 0.00420808
0.0879246 0.700065
0.196638 0.386196
0.69298 0.780139
0.216974 0.702537
0.951549 0.558446
0.71457 0.730553
0.108952 0.261524
0.077068 0.236314
0.0489161 0.10798
0.626039 0.650796
0.847972 0.194722
0.615392 0.00357369
0.0127175 0.45648
0.386446 0.525347
0.0623948 0.88049
0.126782 0.914258
0.720921 0.875852
0.618626 0.141933
0.776152 0.949116
0.706408 0.903692
0.818653 0.847976
0.895505 0.47516
0.0131255 0.64009
0.994843 0.167012
0.220563 0.840717
0.380194 0.252023
0.845314 0.18242
0.354972 0.278935
0.805857 0.116462
0.764306 0.00947793
0.283327 0.0555581
0.919875 0.889151
0.508561 0.31596
0.127344 0.171139
0.341802 0.105418
0.972268 0.921545
0.8929 0.932277
0.0939193 0.00500987
0.231912 0.165752
0.318815 0.0636439
0.196477 0.88794
0.289807 0.33323
0.191533 0.582165
0.367055 0.00873782
0.538945 0.0770008
0.483556 0.165378
0.921568 0.0778454
0.337642 0.236809
0.338912 0.566386
0.635661 0.567291
0.53919 0.181435
0.208853 0.916872
0.169454 0.862891
0.3295 0.931616
0.0819485 0.457056
0.266143 0.692116
0.205522 0.871924
0.728951 0.240495
0.914723 0.0120574
0.670326 0.823752
0.724534 0.0602757
0.801303 0.772799
0.698665 0.970151
0.831129 0.714373
0.963438 0.134068
0.304862 0.0800677
0.638465 0.791476
0.817263 0.655561
0.37914 0.407746
0.701233 0.480163
0.694808 0.383793
0.809687 0.309662
0.286736 0.322125
0.953846 0.831965
0.723589 0.99555
0.256136 0.872221
0.492896 0.780974
0.444064 0.00715352
0.548655 0.0370768
0.293032 0.615856
0.0215289 0.679759
0.327948 0.796837
0.0978468 0.563244
0.371327 0.930745
0.987168 0.975353
0.176756 0.66785
0.743173 0.673052
0.46464 0.300115
0.198506 0.244201
0.943157 0.912243
0.451443 0.269364
0.447996 0.40174
0.921199 0.304723
0.103579 0.154193
0.410207 0.84907
0.767382 0.812062
0.514827 0.211351
0.607756 0.541901
0.551109 0.285832
0.155951 0.562171
0.15642 0.0370189
0.326063 0.845302
0.899746 0.0315451
0.260557 0.503884
0.762086 0.207806
0.320188 0.202651
0.419814 0.816309
0.166767 0.708967
0.410273 0.741788
0.416143 0.298134
0.269781 0.962516
0.521837 0.46916
0.0650472 0.927394
0.184121 0.841433
0.240907 0.551253
0.113065 0.101844
0.486467 0.598715
0.759093 0.89615
0.175091 0.509436
0.973018 0.188149
0.708677 0.269924
0.831228 0.312474
0.810394 0.695183
0.618808 0.932702
0.415797 0.584347
0.845639 0.0217361
0.39356 0.935061
0.646561 0.408973
0.510068 0.911952
0.698302 0.667939
0.0404004 0.4143
0.495823 0.366059
0.345392 0.150804
0.841129 0.15276
0.766013 0.966521
0.923846 0.546434
0.593311 0.736631
0.0905507 0.962265
0.687273 0.329933
0.657321 0.284178
0.780793 0.54056
0.0588101 0.674332
0.463967 0.959812
0.576157 0.0295523
0.771606 0.761042
0.367712 0.524491
0.090188 0.377365
0.713436 0.431109
0.195214 0.291938
0.138222 0.285924
0.898119 0.574116
0.401247 0.33895
0.640992 0.913663
0.421962 0.971524
0.260888 0.599189
0.193383 0.476648
0.743069 0.502768
0.491569 0.855916
0.596114 0.161126
0.942959 0.60173
0.616351 0.970213
0.933346 0.126116
0.870248 0.331723
0.134143 0.449142
0.412829 0.0438466
0.195018 0.525375
0.0032421 0.68604
0.628038 0.487329
0.917847 0.699591
0.481278 0.413758
0.147802 0.361031
0.98523 0.716727
0.285535 0.634944
0.173244 0.551793
0.726031 0.76978
0.618086 0.614423
0.838908 0.0787202
0.0299708 0.301796
0.00524892 0.79595
0.545053 0.690747
0.489688 0.948286
0.24677 0.135574
0.855524 0.273532
0.381725 0.833264
0.973418 0.595041
0.637013 0.683131
0.0486281 0.605719
0.364448 0.711614
0.576018 0.894135
0.995017 0.0295509
0.306969 0.671614
0.813112 0.930752
0.145105 0.127118
0.791661 0.894531
0.687033 0.925572
0.695056 0.505421
0.553776 0.743868
0.925132 0.717068
0.990628 0.4886
0.490079 0.0200347
0.688287 0.876911
0.0128464 0.828232
0.728736 0.359369
0.862629 0.317803
0.537546 0.588588
0.710632 0.354752
0.815256 0.0381229
0.657683 0.438456
0.000935952 0.251827
0.784991 0.29263
0.660061 0.854176
0.899367 0.0695747
0.335984 0.695973
0.0111408 0.332816
0.0307048 0.945107
0.931795 0.0448555
0.912711 0.359057
0.362985 0.769568
0.910824 0.52436
0.0656277 0.423339
0.936413 0.408097
0.231889 0.811129
0.849523 0.415281
0.541084 0.471105
0.860727 0.990537
0.572681 0.545199
0.59886 0.117128
0.153155 0.912759
0.351747 0.746134
0.282069 0.383703
0.273253 0.163024
0.704176 0.162045
0.239188 0.378115
0.784268 0.131133
0.0484155 0.644844
0.347446 0.802751
0.323474 0.951159
0.958126 0.512809
0.449815 0.46841
0.902486 0.863058
0.379299 0.201029
0.947933 0.684691
0.92945 0.972698
0.275823 0.256433
0.569661 0.129224
0.279014 0.850292
0.348895 0.440146
0.317835 0.771611
0.579219 0.860451
0.378594 0.71779
0.18111 0.147525
0.194096 0.345795
0.940019 0.227389
0.964333 0.651996
0.863909 0.571454
0.911779 0.264365
0.655819 0.318514
0.800644 0.809249
0.401291 0.547834
0.473971 0.21189
0.359146 0.668048
0.851854 0.477642
0.54019 0.616339
0.467936 0.564375
0.974416 0.373291
0.516569 0.267586
0.95517 0.96107
0.104657 0.6954
0.814989 0.461941
0.321116 0.338826
0.0934061 0.645334
0.0920137 0.486089
0.125511 0.707171
0.069733 0.187369
