0.177135 0.386818
0.393966 0.280966
0.318168 0.681069
0.969254 0.253873
0.247727 0.0374985
0.626387 0.837597
0.897209 0.266277
0.858896 0.413711
0.125528 0.73918
0.485066 0.125807
0.347052 0.91799
0.856883 0.748837
0.800977 0.126375
0.756627 0.0266044
0.0577452 0.301922
0.0490628 0.772918
0.485207 0.747953
0.0353438 0.129894
0.565889 0.354673
0.132349 0.0518198
0.0964517 0.454254
0.274599 0.211066
0.788981 0.309947
0.3985 0.338579
0.707017 0.957592
0.91388 0.872801
0.399897 0.631458
0.808768 0.635346
0.731728 0.89855
0.847578 0.896909
0.194252 0.589074
0.709529 0.0883421
0.173729 0.15448
0.879831 0.163341
0.375306 0.412085
0.417899 0.422884
0.938554 0.996869
0.801344 0.00466661
0.24638 0.450048
0.622597 0.267371
0.573588 0.920601
0.368006 0.311603
0.724742 0.942317
0.648535 0.28121
0.999549 0.843082
0.197635 0.199852
0.754066 0.569134
0.678173 0.863375
0.637629 0.763882
0.217291 0.698009
0.172467 0.750112
0.0938852 0.167966
0.623826 0.301959
0.961819 0.144015
0.774208 0.687924
0.905415 0.0631491
0.490969 0.96619
0.521993 0.0135614
0.587853 0.092889
0.664197 0.529488
0.184771 0.663349
0.670087 0.0908774
0.589171 0.797501
0.477309 0.932458
0.364655 0.320957
0.468515 0.715217
0.0601631 0.911303
0.198918 0.00538667
0.408702 0.104302
0.14146 0.359949
0.828496 0.70271
0.20823 0.722639
0.114786 0.996953
0.0612349 0.148514
0.716161 0.78646
0.709609 0.514285
0.936985 0.483205
0.00499308 0.758347
0.235383 0.838416
0.228194 0.175234
0.486979 0.897788
0.498212 0.0537405
0.725525 0.849331
0.941814 0.775673
0.200704 0.771848
0.517558 0.44396
0.921999 0.671378
0.585553 0.166584
0.302338 0.423375
0.802775 0.67941
0.78458 0.0304191
0.0941409 0.972084
0.563359 0.201836
0.223277 0.39124
0.773298 0.609649
0.943946 0.265967
0.228138 0.741957
0.0182835 0.086231
0.272226 0.543322
0.633883 0.722268
0.529988 0.416305
0.295272 0.433678
0.438848 0.80543
0.922458 0.841134
0.000564238 0.651691
0.250784 0.103597
0.33202 0.275878
0.182969 0.359158
0.724526 0.604081
0.813968 0.651426
0.987046 0.866599
0.331558 0.00557436
0.405391 0.225844
0.537124 0.271775
0.328316 0.721133
0.902911 0.758181
0.612174 0.934967
0.440115 0.229855
0.142416 0.128264
0.899158 0.799041
0.172611 0.230634
0.644537 0.40532
0.901403 0.419452
0.490922 0.591465
0.300092 0.698445
0.0731024 0.859922
0.684154 0.922524
0.767383 0.231681
0.679954 0.544753
0.24553 0.256918
0.964635 0.90808
0.26058 0.60048
0.536659 0.177584
0.22654 0.62698
0.720242 0.746024
0.66075 0.693236
0.769448 0.539422
0.159168 0.600515
0.73571 0.517681
0.903187 0.58354
0.909078 0.617893
0.15732 0.872168
0.749938 0.759692
0.9414 0.367848
0.559179 0.86744
0.459261 0.0994952
0.525014 0.461045
0.828878 0.0173814
0.550458 0.0925606
0.880408 0.968312
0.968814 0.0512365
0.564544 0.557263
0.0129866 0.393322
0.448655 0.642788
0.944338 0.209528
0.810965 0.901113
0.431074 0.938003
0.0957605 0.696247
0.747148 0.300607
0.83093 0.592477
0.831549 0.919286
0.565356 0.0532008
0.625118 0.396985
0.485654 0.352638
0.447636 0.44993
0.160644 0.188663
0.293662 0.904195
0.914465 0.885821
0.6961 0.992081
0.481293 0.562378
0.786334 0.342838
0.818911 0.335898
0.301922 0.600605
0.559981 0.59332
0.10288 0.86092
0.00398762 0.725368
0.368585 0.655065
0.27247 0.876329
0.510496 0.874417
0.0998419 0.49384
0.811623 0.410589
0.640591 0.952244
0.980271 0.525484
0.812363 0.275712
0.0607078 0.778859
0.263785 0.799404
0.333521 0.174446
0.360752 0.592322
0.498453 0.615351
0.510262 0.564551
0.898987 0.452273
0.742881 0.200157
0.859871 0.645006
0.791785 0.713542
0.252338 0.795081
0.674211 0.341741
0.823817 0.5727
0.807072 0.850387
0.106707 0.927206
0.0787044 0.403532
0.340155 0.70876
0.160882 0.62565
0.601132 0.741171
0.438654 0.751555
0.556139 0.237218
0.942348 0.305093
0.827708 0.368881
0.273133 0.462129
0.257125 0.951986
0.0549677 0.725592
0.926206 0.51329
0.567022 0.755809
0.25671 0.526022
0.038066 0.744294
0.335106 0.748193
0.574503 0.247105
0.528916 0.946841
0.778712 0.119441
0.371638 0.353928
0.710412 0.352652
0.126867 0.841622
0.39165 0.124428
0.358053 0.885435
0.563584 0.931874
0.997081 0.177706
0.296871 0.830522
0.938912 0.563028
0.452044 0.711962
0.772464 0.285818
0.923175 0.226712
0.971579 0.303309
0.773278 0.383772
0.231135 0.225362
0.0570115 0.650916
0.657041 0.439938
0.566318 0.491797
0.89256 0.703883
0.813547 0.133941
0.73199 0.546556
0.0858912 0.912493
0.585998 0.639489
0.0443325 0.106952
0.606188 0.359871
0.891139 0.933794
0.00479333 0.927239
0.363858 0.787692
0.516243 0.160269
0.462381 0.306179
0.124767 0.887048
0.393409 0.16648
0.395402 0.862307
0.46651 0.968064
0.251018 0.657872
0.135477 0.694779
0.0738708 0.870477
0.633186 0.507569
0.865542 0.807439
0.800797 0.187561
0.32898 0.465481
0.71423 0.428846
0.44336 0.49611
0.532103 0.0767705
0.383328 0.73763
0.532035 0.844682
0.639718 0.684582
0.689736 0.419894
0.286766 0.979516
0.432327 0.570632
0.213458 0.904816
0.17649 0.483028
0.995536 0.564306
0.121902 0.28002
0.107934 0.0877886
0.938462 0.393821
0.875014 0.594023
0.506049 0.842464
0.251778 0.319557
0.156813 0.0708614
0.790556 0.564664
0.420199 0.102838
0.347475 0.821255
0.774136 0.890711
0.488068 0.698229
0.264073 0.701049
0.0999663 0.647019
0.27837 0.176335
0.222781 0.556241
0.885764 0.303834
0.584188 0.147362
0.273526 0.305768
0.298586 0.741638
0.770547 0.342283
0.362518 0.0565211
0.542241 0.745871
0.974908 0.381499
0.539642 0.623239
0.576388 0.29858
0.277297 0.722346
0.246875 0.210122
0.780599 0.927767
0.128154 0.448524
0.00951318 0.688564
0.547262 0.400097
0.880352 0.563201
0.805201 0.234752
0.66799 0.367205
0.450677 0.153189
0.913508 0.536927
0.986094 0.598279
0.430016 0.319974
0.966068 0.44336
0.617117 0.973857
0.532597 0.916783
0.379478 0.982473
0.784194 0.00183238
0.100959 0.684512
0.145501 0.494571
0.187346 0.197963
0.544108 0.647697
0.960371 0.541914
0.756357 0.732795
0.084838 0.564687
0.836853 0.115073
0.623146 0.540074
0.903969 0.23731
0.328095 0.566214
0.462673 0.905894
0.228288 0.0138432
0.0416008 0.550465
0.104985 0.485329
0.0600139 0.379842
0.0981544 0.386943
0.146387 0.1663
0.0254727 0.812977
0.529181 0.763522
0.0141016 0.786067
0.421196 0.0646446
0.0802638 0.812506
0.265596 0.0774907
0.896263 0.0211791
0.694578 0.733607
0.460639 0.0612126
0.0552239 0.0767493
0.146451 0.402119
0.228762 0.350627
0.909781 0.364202
0.0619694 0.507062
0.214466 0.485085
0.55503 0.141526
0.962146 0.580133
0.203186 0.928841
0.0622756 0.0356023
0.698775 0.775208
0.146632 0.240112
0.636406 0.174669
0.452628 0.598488
0.58914 0.888639
0.926443 0.168052
0.112521 0.621255
0.877547 0.0822521
0.267708 0.961896
0.628677 0.00651322
0.953086 0.492904
0.578519 0.714917
0.275218 0.365784
0.335306 0.353028
0.851999 0.86452
0.434501 0.205981
0.694226 0.159319
0.220118 0.0887835
0.0402169 0.574272
0.608273 0.466598
0.399039 0.766673
0.380447 0.832571
0.204841 0.280949
0.916113 0.0909781
0.802525 0.886301
0.313709 0.890369
0.190933 0.967844
0.738331 0.0544711
0.217806 0.245059
0.467725 0.34028
0.836614 0.477058
0.434506 0.860941
0.0541439 0.212071
0.790469 0.437803
0.838268 0.166166
0.568868 0.781514
0.852834 0.310136
0.945636 0.969027
0.135403 0.303582
0.17266 0.285694
0.219605 0.404821
0.619408 0.613234
0.858348 0.0310442
0.738173 0.347024
0.412402 0.0601623
0.184616 0.112612
0.476931 0.813816
0.278947 0.04344
0.873937 0.766702
0.291718 0.663952
0.558459 0.711356
0.87105 0.110048
0.320731 0.154515
0.448987 0.0168481
0.179059 0.678086
0.940714 0.426831
0.713262 0.677941
0.270568 0.127673
0.193722 0.85493
0.193659 0.147717
0.222676 0.457013
0.374628 0.436708
0.300254 0.318891
0.116452 0.398516
0.219931 0.86229
0.179962 0.408034
0.34639 0.519805
0.948782 0.0192211
0.953705 0.800758
0.540006 0.33916
0.425477 0.00864869
0.824927 0.317453
0.760965 0.431617
0.346922 0.0228447
0.213137 0.941177
0.500731 0.0947936
0.160569 0.442824
0.903273 0.151769
0.477091 0.408859
0.608568 0.829079
0.122142 0.185752
0.237318 0.309956
0.403198 0.963177
0.368601 0.728132
0.398232 0.453283
0.693039 0.386425
0.580682 0.963016
0.928363 0.907701
0.985973 0.276649
0.305044 0.512527
0.848469 0.69708
0.387189 0.778561
0.648003 0.626996
0.68527 0.712207
0.0736728 0.946332
0.736588 0.163228
0.996778 0.680958
0.119869 0.797056
0.916091 0.70345
0.851614 0.448493
0.887803 0.384651
0.951061 0.094586
0.20219 0.073476
0.645916 0.908578
0.692737 0.0555894
0.674932 0.237791
0.199028 0.614089
0.0111171 0.963563
0.115044 0.0580368
0.371168 0.544058
0.282013 0.766642
0.227114 0.506713
0.570212 0.279487
0.386896 0.677804
0.614973 0.667732
0.0339928 0.257367
0.151111 0.469035
0.0410384 0.281488
0.567312 0.846501
0.39851 0.595217
0.394134 0.88933
0.224083 0.295574
0.309583 0.931356
0.56112 0.991033
0.0418976 0.97539
0.355739 0.50305
0.4745 0.491345
0.416614 0.487501
0.967065 0.407856
0.411938 0.656557
0.230421 0.125156
0.708295 0.0771393
0.825713 0.0509529
0.168161 0.73088
0.913559 0.732964
0.538036 0.212844
0.364653 0.616223
0.166462 0.919322
0.530837 0.483636
0.0256296 0.944831
0.489259 0.671236
0.674162 0.124941
0.407278 0.717592
0.682421 0.311561
0.855109 0.517615
0.265943 0.479617
0.629543 0.869663
0.253107 0.415633
0.918458 0.648521
0.436049 0.680209
0.117718 0.897529
0.919581 0.955648
0.568433 0.436039
0.962151 0.128992
0.0464007 0.424685
0.00831155 0.52358
0.411954 0.528312
0.379574 0.211611
0.667194 0.64826
0.0526208 0.175687
0.274931 0.850326
0.698063 0.60425
0.71488 0.811357
0.294899 0.627131
0.660492 0.0480532
0.0181336 0.353012
0.696949 0.689457
0.19485 0.528674
0.0381944 0.402701
0.808493 0.517364
0.466982 0.215942
0.823338 0.273132
0.0280775 0.22871
0.538185 0.515342
0.193594 0.434154
0.952116 0.0727158
0.278605 0.647932
0.250824 0.700256
0.899999 0.404493
0.59092 0.977066
0.993169 0.89305
0.615962 0.0716297
0.226126 0.665424
0.535957 0.97246
0.595358 0.523264
0.410366 0.622189
0.740455 0.981235
0.629087 0.151291
0.117346 0.779829
0.0669459 0.675175
0.0537978 0.00590527
0.725664 0.174206
0.0192375 0.482557
0.0657687 0.597646
0.674041 0.950936
0.317632 0.867789
0.38792 0.0192482
0.754583 0.0667797
0.660793 0.385048
0.973508 0.77731
0.659448 0.505773
0.61921 0.492245
0.0112137 0.0192464
0.146327 0.770939
0.909381 0.790831
0.844575 0.087581
0.864439 0.207383
0.443238 0.758862
0.514158 0.785975
0.00188628 0.301127
0.259401 0.409123
0.353629 0.901661
0.198347 0.12525
0.742161 0.273142
0.934607 0.826086
0.477118 0.861761
0.132138 0.423183
0.928747 0.0397834
0.772655 0.16714
0.00602398 0.160901
0.317892 0.991436
0.473016 0.999177
0.927093 0.592985
0.0572922 0.963498
0.576481 0.111393
0.868112 0.22953
0.0164857 0.64512
0.633098 0.443839
0.712026 0.56749
0.690819 0.554153
0.171475 0.329066
0.296507 0.49692
0.970418 0.818684
0.244894 0.918715
0.265298 0.920517
0.450628 0.397132
0.420454 0.393803
0.189286 0.31045
0.104593 0.1213
0.116059 0.822157
0.0173902 0.141306
0.504005 0.919787
0.313092 0.473195
0.233134 0.364811
0.819088 0.727668
0.649989 0.731323
0.656427 0.989207
0.161169 0.794027
0.427391 0.284507
0.838474 0.950314
0.560935 0.0326267
0.507158 0.127609
0.670271 0.150964
0.94051 0.75086
0.926535 0.271018
0.583528 0.682973
0.788355 0.956474
0.406212 0.03071
0.262365 0.14929
0.761404 0.0963746
0.0333144 0.860009
0.607823 0.405165
0.569242 0.60314
0.00895535 0.4383
0.266435 0.268583
0.584972 0.0209463
0.737561 0.719832
0.835418 0.984215
0.527819 0.710288
0.587234 0.42447
0.420703 0.702398
0.291835 0.026105
0.0510647 0.342181
0.468938 0.18095
0.162763 0.527041
0.849996 0.804984
0.774571 0.2085
0.633868 0.349791
0.75544 0.404619
0.894744 0.476343
0.666503 0.805493
0.742241 0.486033
0.814126 0.833364
0.358186 0.941979
0.093254 0.741372
0.229697 0.764291
0.453464 0.257262
0.246679 0.513076
0.467015 0.0879937
0.348553 0.793125
0.661954 0.477362
0.242482 0.821252
0.851225 0.00471524
0.170832 0.838451
0.290693 0.386105
0.737426 0.696346
0.951065 0.68951
0.0358149 0.708749
0.986751 0.337729
0.703934 0.278141
0.675299 0.757632
0.96018 0.666014
0.369547 0.487359
0.778361 0.256291
0.141567 0.317458
0.826706 0.793723
0.502575 0.975505
0.675974 0.91307
0.118783 0.965938
0.738424 0.451379
0.786893 0.740945
0.898704 0.319807
0.216424 0.973473
0.904644 0.199868
0.0938209 0.760983
0.364072 0.0910892
0.581896 0.492022
0.852862 0.263958
0.954173 0.724729
0.0840668 0.53507
0.872982 0.190542
0.411884 0.172384
0.996849 0.382226
0.133568 0.358247
0.81853 0.2129
0.0856193 0.300039
0.568286 0.45633
0.972568 0.17989
0.88092 0.0506315
0.0279324 0.00830248
0.750599 0.854025
0.988419 0.113894
0.5975 0.601184
0.521478 0.815272
0.858235 0.430161
0.109074 0.541152
0.988712 0.472641
0.401857 0.920141
0.844348 0.532959
0.655471 0.599074
0.0117316 0.505682
0.155399 0.267361
0.317053 0.957606
0.155858 0.971017
0.432702 0.79627
0.809514 0.442662
0.465541 0.455351
0.250176 0.876651
0.529464 0.0209861
0.376691 0.171595
0.366079 0.258098
0.584236 0.83089
0.0832553 0.22999
0.423418 0.336407
0.485205 0.258405
0.342562 0.456508
0.996163 0.217769
0.519359 0.272944
0.763981 0.672361
0.331149 0.773677
0.133832 0.639797
0.328016 0.36573
0.619721 0.455381
0.61783 0.0166113
0.292627 0.552695
0.13021 0.219992
0.080819 0.356922
0.806944 0.785886
0.990496 0.984361
0.0370299 0.836905
0.682436 0.184046
0.00759728 0.0439713
0.674921 0.445593
0.0117559 0.572904
0.775851 0.971035
0.402714 0.570005
0.56478 0.386634
0.159099 0.932226
0.697985 0.209992
0.140815 0.0135216
0.610802 0.26513
0.973845 0.633909
0.190596 0.563462
0.726672 0.0245833
0.11502 0.579795
0.568022 0.187684
0.145193 0.833424
0.980987 0.744452
0.716407 0.217764
0.75373 0.892063
0.143947 0.665312
0.403922 0.811549
0.583679 0.0581169
0.103921 0.0276411
0.502994 0.174655
0.555292 0.322162
0.991899 0.434006
0.46345 0.829671
0.290901 0.1663
0.0268244 0.311999
0.0311654 0.622887
0.0220433 0.195499
0.242413 0.988324
0.652862 0.868875
0.358511 0.85545
0.88788 0.488739
0.978099 0.996547
0.514106 0.714148
0.986476 0.936966
0.789672 0.484628
0.303442 0.293167
0.612665 0.326376
0.606607 0.879262
0.481689 0.304813
0.35512 0.213368
0.315056 0.112372
0.356504 0.146008
0.788214 0.761578
0.032108 0.463954
0.742132 0.113014
0.746008 0.633905
0.735344 0.320447
0.033118 0.0579274
0.56346 0.659767
0.667703 0.0233819
0.182622 0.818838
0.0273882 0.606236
0.209201 0.885111
0.299472 0.582564
0.123996 0.516276
0.616829 0.136938
0.653642 0.314678
0.351847 0.56708
0.524576 0.600757
0.540241 0.888751
0.45348 0.860497
0.182527 0.0301033
0.775073 0.820889
0.765903 0.511896
0.335924 0.194333
0.861304 0.494958
0.443043 0.910224
0.820794 0.392025
0.534018 0.125465
0.865509 0.136599
0.608805 0.645323
0.488107 0.464719
0.452902 0.36599
0.740631 0.588648
0.613412 0.10919
0.88033 0.344039
0.24694 0.0640541
0.669127 0.589999
0.26096 0.749473
0.966113 0.221374
0.657112 0.243696
0.421712 0.893189
0.366095 0.377898
0.085214 0.091069
0.199599 0.449773
0.426944 0.189209
0.917194 0.1129
0.192672 0.509279
0.88972 0.658231
0.0934699 0.252633
0.938601 0.62795
0.370838 0.686429
0.965467 0.949857
0.519267 0.388198
0.313323 0.0643234
0.111627 0.149833
0.491468 0.638272
0.799336 0.0565596
0.886355 0.912685
0.617211 0.224701
0.454695 0.548551
0.890308 0.833969
0.612524 0.922413
0.549821 0.805622
0.139271 0.716689
0.723866 0.834052
0.387318 0.481374
0.471151 0.529412
0.808508 0.0933468
0.787834 0.0745467
0.331422 0.619359
0.839354 0.0634506
0.231241 0.567593
0.321093 0.326928
0.683151 0.831243
0.87011 0.899284
0.843549 0.852159
0.861363 0.954462
0.871548 0.276548
0.671162 0.974379
0.810987 0.484525
0.495047 0.759958
0.108742 0.265571
0.381742 0.941511
0.606831 0.769084
0.892761 0.986251
0.350982 0.967115
0.761183 0.645658
0.64699 0.562255
0.507648 0.525645
0.315628 0.0863792
0.483042 0.416525
0.0879855 0.593696
0.465319 0.0356148
0.992556 0.0934733
0.378795 0.394542
0.303049 0.234867
0.437843 0.960155
0.0661468 0.254067
0.50248 0.37251
0.318591 0.53102
0.699683 0.877499
0.737413 0.379202
0.103556 0.340424
0.620809 0.797858
0.510903 0.659278
0.14381 0.54727
0.704781 0.312056
0.855846 0.379213
0.973201 0.708097
0.0800226 0.00696172
0.587634 0.315983
0.00541653 0.255054
0.657714 0.782269
0.702171 0.636713
0.425534 0.134849
0.459141 0.663006
0.339846 0.844075
0.997037 0.807592
0.194831 0.783298
0.0786635 0.722718
0.358234 0.114593
0.717989 0.900374
0.926998 0.446195
0.410162 0.372529
0.941312 0.933119
0.642424 0.189518
0.340916 0.663262
0.76953 0.851704
0.191543 0.636811
0.865494 0.738288
0.971246 0.479524
0.738516 0.129359
0.603574 0.195078
0.88206 0.854568
0.65226 0.0807943
0.534066 0.556516
0.315581 0.257666
0.568326 0.532953
0.972928 0.339605
0.454473 0.268923
0.153562 0.561228
0.16233 0.0280595
0.618912 0.57484
0.305923 0.810764
0.272432 0.260894
0.0764388 0.12518
0.276913 0.353492
0.597459 0.562022
0.134069 0.94237
0.165385 0.990306
0.211742 0.812236
0.507717 0.294574
0.606777 0.705323
0.41158 0.8311
0.327011 0.398205
0.522419 0.313849
0.404172 0.243449
0.83393 0.658556
0.692551 0.0237348
0.427572 0.985015
0.85897 0.554329
0.431348 0.518516
0.19682 0.249205
0.984919 0.0515754
0.661104 0.657558
0.426629 0.442563
0.650731 0.820256
0.136999 0.591333
0.502832 0.198754
0.0932404 0.321317
0.275642 0.00458848
0.969276 0.61774
0.348471 0.430889
0.519583 0.348559
0.827266 0.174933
0.628661 0.0500526
0.493682 0.226332
0.773719 0.799795
0.229013 0.165588
0.762838 0.472544
0.0767467 0.629421
0.0482397 0.536383
0.659725 0.212183
0.0687215 0.197791
0.0889122 0.434364
0.718818 0.395082
0.105251 0.209691
0.0574613 0.491791
0.40898 0.287004
0.022455 0.892178
0.899053 0.00246963
0.897316 0.529059
0.73048 0.239147
0.178857 0.075399
0.0372196 0.351787
0.952999 0.880102
0.181891 0.709109
0.788668 0.377411
0.580865 0.370908
0.755131 0.934711
0.71371 0.653051
0.783035 0.588433
0.463097 0.140445
0.516802 0.0667417
0.244059 0.613185
0.778545 0.159919
0.716203 0.264192
0.0718481 0.81349
0.935114 0.340733
0.335756 0.635414
0.313207 0.131917
0.0433389 0.682021
0.854093 0.353569
0.606831 0.226301
0.259166 0.57654
0.390765 0.531849
0.501376 0.50804
0.30236 0.786944
0.0602753 0.454065
0.369358 0.0660411
0.452521 0.610282
0.84238 0.603912
0.83836 0.231602
0.940966 0.176371
0.146116 0.10559
0.806999 0.541732
0.709643 0.461667
0.298546 0.204307
0.0429234 0.906501
0.0736027 0.0532547
0.50096 0.0184142
0.825303 0.758196
0.165748 0.88968
0.696185 0.487355
0.869765 0.626155
0.372014 0.00417425
0.644845 0.114047
0.801476 0.618461
0.325627 0.0448504
0.337379 0.230689
0.924597 0.311711
0.705855 0.125982
0.476671 0.793731
0.96115 0.849369
0.868204 0.68838
0.734515 0.993211
0.538315 0.677708
0.204485 0.341797
0.511848 0.236651
0.813571 0.953672
0.286362 0.0974091
0.913316 0.130209
0.751882 0.790576
0.677932 0.27365
0.212764 0.0400023
0.348332 0.289284
