0.533701 0.218674
0.548311 0.151996
0.226502 0.759121
0.47572 0.843314
0.479187 0.733571
0.920907 0.521955
0.892959 0.421626
0.12292 0.380713
0.106086 0.446199
0.505063 0.722442
0.140453 0.926976
0.728408 0.0150411
0.261761 0.603615
0.30394 0.234758
0.851443 0.583899
0.952362 0.730141
0.298356 0.802251
0.470922 0.900996
0.0580808 0.139907
0.886259 0.663598
0.48274 0.367723
0.345312 0.183925
0.563777 0.70588
0.749079 0.300366
0.435345 0.577644
0.194486 0.287342
0.82121 0.872763
0.771999 0.651859
0.856659 0.0444561
0.201796 0.0470389
0.921128 0.915123
0.348255 0.191093
0.494219 0.56983
0.287192 0.666536
0.925731 0.802753
0.369735 0.965813
0.861014 0.704488
0.185126 0.664963
0.770338 0.946197
0.443039 0.615712
0.360618 0.722636
0.752151 0.900296
0.698429 0.641588
0.0713034 0.609802
0.086825 0.0439698
0.637978 0.65755
0.708475 0.153613
0.139442 0.0535312
0.519232 0.0937778
0.492846 0.118358
0.674327 0.616798
0.0951804 0.499462
0.581628 0.285353
0.893965 0.550962
0.285395 0.0832191
0.723109 0.430408
0.552397 0.0777235
0.560838 0.452514
0.351539 0.991241
0.602435 0.389977
0.549314 0.821312
0.00547919 0.706131
0.629662 0.806838
0.338437 0.761818
0.798462 0.686684
0.254007 0.51212
0.447899 0.079131
0.267021 0.175358
0.0151114 0.207909
0.609988 0.862964
0.0894236 0.248107
0.908879 0.800597
0.391306 0.166219
0.0447235 0.6465
0.625354 0.292413
0.77485 0.704864
0.213914 0.556143
0.589445 0.612665
0.0492811 0.70738
0.42291 0.633265
0.604432 0.730675
0.587219 0.667649
0.410188 0.896901
0.0124601 0.439762
0.888278 0.592341
0.568852 0.940264
0.434908 0.922318
0.934691 0.0860814
0.449517 0.552991
0.126131 0.698527
0.800113 0.0568961
0.199881 0.363796
0.703216 0.830043
0.877689 0.824515
0.563234 0.0441059
0.764842 0.919577
0.203638 0.433179
0.101902 0.621121
0.638746 0.906001
0.647916 0.794378
0.6661 0.254686
0.362794 0.617225
0.339194 0.11616
0.660382 0.919057
0.690693 0.325341
0.755076 0.237874
0.800555 0.231254
0.198134 0.603302
0.514265 0.00563905
0.268859 0.30943
0.818932 0.211986
0.553762 0.193541
0.927988 0.662104
0.638362 0.105231
0.479972 0.426328
0.616625 0.258508
0.69501 0.0857051
0.376146 0.63931
0.807184 0.393697
0.29362 0.833835
0.124964 0.995082
0.851567 0.35151
0.975492 0.661076
0.842799 0.812822
0.915182 0.880095
0.0441537 0.060207
0.270983 0.711641
0.962838 0.993685
0.768008 0.0842823
0.885154 0.0283028
0.567435 0.737002
0.266253 0.661927
0.758033 0.0234029
0.600272 0.54345
0.722947 0.241159
0.0675826 0.867863
0.199467 0.315413
0.547113 0.65084
0.0850052 0.786122
0.609226 0.709772
0.610681 0.353124
0.376598 0.214019
0.100408 0.164927
0.492404 0.968553
0.401874 0.0113459
0.28214 0.952861
0.0380753 0.993277
0.588658 0.0832019
0.495209 0.920069
0.817862 0.46441
0.540088 0.541049
0.614252 0.526682
0.625023 0.875307
0.798653 0.636853
0.262917 0.86995
0.158429 0.147551
0.0584721 0.936408
0.035127 0.239751
0.751656 0.445695
0.940035 0.31697
0.462041 0.407469
0.824227 0.981898
0.0696543 0.202298
0.560574 0.0324441
0.2983 0.270265
0.548956 0.559265
0.0128209 0.849523
0.420344 0.222106
0.894988 0.506604
0.45197 0.683872
0.20267 0.852015
0.0960113 0.200165
0.863968 0.365678
0.0866124 0.117441
0.876432 0.446872
0.958992 0.174506
0.191161 0.395269
0.710576 0.786513
0.104908 0.321887
0.854519 0.257616
0.167054 0.711613
0.876947 0.90938
0.732727 0.36591
0.445664 0.234046
0.860013 0.0111645
0.360291 0.0186888
0.95364 0.633391
0.00864237 0.741964
0.155968 0.173927
0.341566 0.936172
0.850927 0.680753
0.0624606 0.534694
0.154128 0.341275
0.707388 0.932633
0.432384 0.396816
0.186899 0.775483
0.801948 0.184345
0.550932 0.415194
0.633503 0.62549
0.380013 0.314497
0.554518 0.0213444
0.240904 0.702752
0.906674 0.301013
0.0249923 0.0943751
0.321351 0.46657
0.204899 0.77929
0.654671 0.727243
0.211698 0.81299
0.40507 0.0449725
0.171337 0.368531
0.156628 0.95714
0.622603 0.452925
0.225686 0.290576
0.459882 0.805006
0.95682 0.930113
0.163176 0.488757
0.24366 0.8477
0.740779 0.698377
0.0279698 0.71969
0.201088 0.722846
0.236436 0.202919
0.904296 0.717487
0.403844 0.5142
0.76175 0.769184
0.895007 0.243394
0.285035 0.893858
0.173231 0.0732634
0.0347577 0.365829
0.305371 0.731725
0.822378 0.158409
0.433673 0.124744
0.38374 0.138422
0.0578701 0.577764
0.828008 0.356934
0.984151 0.769074
0.136486 0.741027
0.284416 0.184339
0.0552718 0.410554
0.678094 0.802695
0.0269446 0.130329
0.141898 0.675765
0.917438 0.132598
0.569733 0.61663
0.0183678 0.791515
0.546127 0.638086
0.307665 0.98466
0.681722 0.0407992
0.359799 0.149242
0.990877 0.841834
0.64046 0.505831
0.448233 0.523778
0.616106 0.196005
0.969333 0.629275
0.644296 0.00100435
0.00176844 0.948629
0.384569 0.959728
0.256868 0.337217
0.157776 0.25563
0.512718 0.320438
0.17302 0.518355
0.320028 0.8856
0.523247 0.891702
0.311815 0.151902
0.285244 0.769169
0.248215 0.124731
0.799784 0.772673
0.758588 0.564872
0.0079113 0.181177
0.366405 0.432008
0.281325 0.20611
0.341255 0.791754
0.11871 0.91412
0.821368 0.654495
0.527429 0.91933
0.676582 0.34197
0.295099 0.770535
0.315623 0.19109
0.785543 0.268923
0.990165 0.0354319
0.167472 0.831174
0.892529 0.996467
0.981141 0.212046
0.730374 0.309462
0.0993939 0.0621495
0.358796 0.447893
0.369241 0.570139
0.152672 0.0259194
0.237464 0.671793
0.808767 0.517814
0.815271 0.768743
0.884907 0.150142
0.554526 0.979995
0.521854 0.379801
0.0445705 0.920588
0.125675 0.889539
0.847724 0.75637
0.429365 0.946114
0.752949 0.799664
0.644346 0.485626
0.725608 0.108387
0.829109 0.562567
0.524243 0.24225
0.58548 0.815589
0.502699 0.457205
0.771451 0.338541
0.96513 0.443252
0.111639 0.790476
0.688411 0.26758
0.300502 0.92668
0.950528 0.792078
0.136992 0.0905503
0.205901 0.518393
0.926955 0.946419
0.499896 0.265451
0.996028 0.0225908
0.584272 0.406333
0.62189 0.418532
0.492393 0.820657
0.867012 0.93214
0.97689 0.482097
0.896753 0.0543812
0.0957482 0.474707
0.166538 0.539084
0.489071 0.611389
0.736222 0.658149
0.31882 0.548461
0.412704 0.331348
0.427784 0.37571
0.414159 0.841105
0.827418 0.252813
0.711595 0.458342
0.246142 0.770485
0.389322 0.264973
0.424868 0.068848
0.221546 0.603531
0.532719 0.34098
0.271351 0.509388
0.227223 0.532825
0.461981 0.937973
0.117215 0.513806
0.918654 0.994875
0.0285091 0.465959
0.558998 0.697435
0.212106 0.217929
0.248805 0.448595
0.509087 0.681393
0.77259 0.359847
0.244225 0.226065
0.733779 0.496763
0.351991 0.505512
0.0120141 0.420225
0.780681 0.298834
0.828841 0.500587
0.796937 0.956944
0.694429 0.78781
0.800112 0.731909
0.874526 0.217789
0.0369241 0.258349
0.076543 0.0935743
0.69543 0.403952
0.827032 0.0395105
0.608317 0.0285138
0.942689 0.223611
0.416429 0.127831
0.0951668 0.885579
0.193199 0.568589
0.868476 0.971821
0.121031 0.749936
0.77851 0.155589
0.699762 0.57071
0.0229088 0.399971
0.947709 0.0386762
0.434957 0.27105
0.864104 0.745891
0.807777 0.720525
0.492158 0.876016
0.921591 0.62365
0.466419 0.338933
0.731279 0.975337
0.30349 0.492757
0.340665 0.53049
0.745703 0.387566
0.692454 0.522754
0.70238 0.222313
0.719301 0.571096
0.365344 0.846539
0.611701 0.455022
0.940087 0.561599
0.828587 0.299115
0.782737 0.561347
0.679625 0.146848
0.0193031 0.916004
0.329647 0.939679
0.132789 0.461898
0.472944 0.656416
0.933485 0.754078
0.669236 0.678159
0.646192 0.0636284
0.453948 0.113145
0.560508 0.865254
0.525691 0.790796
0.132547 0.191503
0.264246 0.000241987
0.238773 0.99154
0.311705 0.581565
0.766238 0.606564
0.473005 0.259759
0.529798 0.282375
0.874286 0.60504
0.737759 0.32718
0.61134 0.222067
0.474363 0.378328
0.795841 0.980721
0.118274 0.148559
0.231194 0.728793
0.24008 0.571569
0.811106 0.117823
0.849842 0.414436
0.575184 0.770508
0.859013 0.444802
0.259632 0.0514531
0.718063 0.0765068
0.131053 0.20833
0.389428 0.67674
0.620659 0.758506
0.234507 0.32938
0.743918 0.816871
0.816745 0.838961
0.349541 0.294978
0.661713 0.436327
0.382724 0.0728657
0.89057 0.952743
0.138549 0.556238
0.666997 0.511903
0.766666 0.669457
0.54516 0.594192
0.870774 0.536338
0.740043 0.614996
0.465366 0.286393
0.918383 0.849998
0.490502 0.33145
0.969956 0.702479
0.0143715 0.368132
0.688234 0.927168
0.560861 0.241384
0.00654997 0.00685981
0.340584 0.980921
0.402225 0.468941
0.275624 0.434338
0.222898 0.467658
0.400494 0.597578
0.75067 0.966578
0.459199 0.442462
0.416974 0.264703
0.895713 0.327529
0.134641 0.105111
0.341225 0.279908
0.443172 0.0228144
0.97573 0.276999
0.840763 0.722749
0.478596 0.0342949
0.637922 0.0497958
0.729959 0.882698
0.679714 0.888595
0.90961 0.17554
0.624655 0.924715
0.203332 0.175034
0.156732 0.299947
0.116418 0.701291
0.524478 0.939051
0.65059 0.549863
0.586461 0.927116
0.97848 0.116014
0.348629 0.412072
0.989891 0.455032
0.450819 0.89127
0.64622 0.3096
0.251491 0.915493
0.0733907 0.709538
0.656632 0.74636
0.820578 0.402792
0.0435987 0.658828
0.521437 0.73097
0.547547 0.752688
0.964152 0.238176
0.478661 0.085022
0.66595 0.103574
0.552695 0.887124
0.127336 0.529365
0.275659 0.240558
0.562329 0.496943
0.999385 0.233161
0.764425 0.991932
0.191203 0.934138
0.249984 0.955068
0.528465 0.180788
0.730041 0.728249
0.719665 0.355711
0.212267 0.687706
0.393829 0.217604
0.783627 0.506158
0.0146725 0.675206
0.0936989 0.0920628
0.0641538 0.313241
0.0553148 0.35562
0.947021 0.0581989
0.280891 0.914173
0.469078 0.701961
0.793965 0.0162989
0.290118 0.0149278
0.726344 0.187478
0.787959 0.0291154
0.985872 0.889948
0.136583 0.35951
0.802821 0.329466
0.0579767 0.679323
0.666983 0.875011
0.651097 0.011884
0.778464 0.869391
0.0389582 0.612297
0.0806251 0.151841
0.225551 0.392798
0.379015 0.104043
0.176475 0.885086
0.604677 0.95712
0.353832 0.351867
0.723065 0.768717
0.400634 0.700919
0.00838379 0.633893
0.421992 0.755574
0.545638 0.794338
0.932139 0.841516
0.140191 0.656637
0.816348 0.908835
0.370878 0.3777
0.897274 0.369673
0.694921 0.731717
0.456773 0.177013
0.391286 0.379868
0.358508 0.882689
0.930414 0.479555
0.449546 0.2127
0.0878438 0.0106085
0.709175 0.988461
0.759067 0.206051
0.343775 0.465037
0.220883 0.495245
0.417948 0.549351
0.136649 0.491849
0.883105 0.844353
0.0896342 0.652588
0.393083 0.351373
0.728292 0.0457398
0.851246 0.507722
0.865853 0.285318
0.690743 0.708721
0.0826304 0.717665
0.671505 0.226159
0.0531122 0.440712
0.12991 0.130872
0.191609 0.253143
0.949997 0.277188
0.353499 0.0534272
0.528538 0.355027
0.801814 0.288293
0.181249 0.00779047
0.412369 0.673277
0.661135 0.378253
0.424498 0.167602
0.290226 0.973019
0.918418 0.44092
0.104202 0.978714
0.512852 0.151803
0.292939 0.451263
0.186948 0.123275
0.861531 0.136059
0.245876 0.281018
0.930865 0.541967
0.592814 0.802046
0.467372 0.470829
0.580927 0.0937296
0.863671 0.39087
0.979089 0.782202
0.359107 0.572053
0.730113 0.932202
0.591917 0.58757
0.734761 0.852785
0.711308 0.887367
0.579179 0.189408
0.869669 0.204321
0.692803 0.748882
0.406292 0.437352
0.00782673 0.510006
0.835449 0.00372057
0.443601 0.736726
0.992392 0.975103
0.863423 0.0983936
0.228919 0.632162
0.0607787 0.277732
0.956697 0.100991
0.476492 0.135645
0.327801 0.865434
0.844742 0.219015
0.590435 0.661053
0.517326 0.45112
0.929339 0.245413
0.451145 0.760445
0.920989 0.0303181
0.172531 0.642588
0.877188 0.0751561
0.13072 0.603449
0.388481 0.924166
0.39949 0.725529
0.0670634 0.237103
0.232255 0.0842402
0.226328 0.151673
0.58498 0.220066
0.842548 0.181179
0.342162 0.907004
0.595626 0.127302
0.302168 0.396031
0.486898 0.0643629
0.783663 0.242565
0.435768 0.705927
0.80456 0.136109
0.16385 0.458829
0.26301 0.0839804
0.394036 0.411492
0.837721 0.468677
0.906328 0.182828
0.681435 0.461429
0.864355 0.628336
0.115532 0.228847
0.781419 0.470224
0.428054 0.309341
0.233658 0.414908
0.785073 0.190179
0.611238 0.135786
0.281371 0.862033
0.502835 0.49641
0.240119 0.362693
0.108482 0.413126
0.0196028 0.537199
0.670595 0.19732
0.592328 0.263427
0.163045 0.729593
0.296794 0.545821
0.275223 0.287108
0.712114 0.847862
0.549489 0.304462
0.380414 0.538676
0.364969 0.759931
0.949258 0.414471
0.939802 0.3561
0.57449 0.908715
0.665033 0.650334
0.333351 0.809686
0.908901 0.0838193
0.49965 0.620568
0.0452938 0.47994
0.146021 0.794549
0.0177785 0.564539
0.95451 0.492203
0.0505088 0.0383818
0.454392 0.995527
0.292557 0.370679
0.641755 0.260259
0.427833 0.788178
0.232256 0.948459
0.327935 0.522441
0.77876 0.0892349
0.18727 0.745163
0.0800116 0.59437
0.262875 0.380071
0.55488 0.123259
0.899055 0.899934
0.648663 0.696409
0.0197491 0.169303
0.753912 0.753048
0.633499 0.39746
0.0733711 0.454275
0.441112 0.832782
0.612265 0.585374
0.254715 0.573172
0.00253843 0.905012
0.32583 0.645975
0.930092 0.599973
0.165925 0.621637
0.602246 0.311125
0.521673 0.0650148
0.721989 0.686024
0.569494 0.989472
0.224644 0.906458
0.960058 0.588313
0.352398 0.330551
0.158865 0.899527
0.106998 0.570079
0.092935 0.5528
0.0282281 0.959172
0.782115 0.825609
0.400878 0.478827
0.482571 0.538262
0.191667 0.474124
0.818821 0.436179
0.367532 0.490436
0.485291 0.233672
0.19573 0.815877
0.679357 0.00191436
0.379331 0.803903
0.525188 0.495324
0.324562 0.371671
0.613297 0.0813504
0.364692 0.82833
0.139031 0.431878
0.235034 0.0268243
0.326836 0.226558
0.906754 0.64118
0.0679682 0.524329
0.773104 0.857009
0.630327 0.332057
0.203913 0.09399
0.17372 0.579833
0.972997 0.404201
0.221874 0.0066668
0.0423372 0.029391
0.580918 0.437081
0.998978 0.820253
0.661871 0.583713
0.682356 0.363201
0.316445 0.333482
0.150059 0.579242
0.408129 0.964596
0.528081 0.640704
0.987389 0.069605
0.596641 0.163594
0.109072 0.284844
0.796028 0.799936
0.281155 0.038267
0.63837 0.223794
0.324752 0.74154
0.982277 0.538124
0.888857 0.115973
0.912149 0.214316
0.598909 0.885582
0.464606 0.595541
0.276238 0.485146
0.914762 0.959598
0.789774 0.901421
0.44247 0.0496409
0.212784 0.641503
0.409625 0.584693
0.00870111 0.494508
0.722729 0.630398
0.808365 0.536017
0.986092 0.382195
0.659206 0.835396
0.165405 0.236559
0.670551 0.0684272
0.273705 0.143137
0.496432 0.158034
0.641589 0.553793
0.585684 0.354373
0.0207415 0.30794
0.93666 0.450539
0.830826 0.111797
0.212364 0.255249
0.0665284 0.337039
0.82557 0.621874
0.516789 0.529209
0.0837315 0.944803
0.246366 0.805207
0.181646 0.212861
0.491087 0.556066
0.275632 0.550925
0.704945 0.403849
0.718059 0.268544
0.713271 0.500103
0.157535 0.778404
0.661561 0.42048
0.0191414 0.0723381
0.0958194 0.368313
0.332985 0.0457284
0.840672 0.314153
0.548016 0.463623
0.514096 0.82888
0.00715488 0.324839
0.987173 0.0809189
0.852665 0.789305
0.0978041 0.659669
0.871121 0.858308
0.958986 0.518745
0.179648 0.684173
0.545802 0.958443
0.621913 0.636274
0.0814658 0.375665
0.147475 0.990448
0.534381 0.690792
0.402723 0.189607
0.133508 0.623178
0.292108 0.711757
0.986524 0.337772
0.603139 0.0409144
0.513734 0.987575
0.376328 0.623988
0.389536 0.858004
0.204936 0.969807
0.395498 0.531419
0.414666 0.992709
0.757421 0.122632
0.389989 0.2993
0.556358 0.257025
0.176954 0.193889
0.626018 0.692386
0.172772 0.858864
0.124969 0.251508
0.117225 0.855964
0.0749712 0.987125
0.952242 0.382988
0.33957 0.392115
0.693637 0.677556
0.76025 0.147862
0.685738 0.967075
0.571019 0.318238
0.988644 0.597701
0.897203 0.476333
0.633785 0.1784
0.58067 0.843813
0.675433 0.472279
0.646443 0.953824
0.185692 0.986567
0.19015 0.433324
0.811006 0.933069
0.714618 0.101857
0.127387 0.953219
0.222244 0.857391
0.312007 0.0598216
0.0680674 0.830647
0.534036 0.117657
0.68704 0.544814
0.20328 0.338414
0.681248 0.607505
0.824412 0.601793
0.639127 0.590173
0.0339155 0.877731
0.184034 0.0384872
0.41309 0.878526
0.136935 0.280681
0.701312 0.29381
0.24769 0.25058
0.959741 0.843472
0.371675 0.249206
0.790369 0.447207
0.47796 0.0146724
0.139839 0.851104
0.575998 0.152181
0.996062 0.158323
0.277852 0.61486
0.964829 0.815507
0.66859 0.851613
0.0485478 0.197372
0.000383662 0.283794
0.843032 0.955467
0.742576 0.195277
0.833856 0.864899
0.45481 0.166765
0.451868 0.976251
0.311907 0.321689
0.0439413 0.0966683
0.91741 0.69917
0.824247 0.678427
0.231681 0.174609
0.32167 0.0933299
0.096164 0.812339
0.590261 0.50424
0.26567 0.818849
0.493437 0.211211
0.497794 0.192541
0.976174 0.566834
0.319409 0.0214707
0.650539 0.769863
0.137129 0.817824
0.874576 0.322999
0.420933 0.649083
0.313086 0.283806
0.760361 0.409906
0.513785 0.400122
0.499244 0.664097
0.269608 0.404005
0.313129 0.424414
0.889048 0.696535
0.334499 0.596258
0.874405 0.488549
0.841555 0.0774041
0.48955 0.766892
0.762363 0.729561
0.967232 0.738338
0.876983 0.788375
0.438812 0.503264
0.693772 0.188591
0.840042 0.917612
0.724353 0.591641
0.198203 0.906855
0.922241 0.351294
0.166345 0.412636
0.946328 0.688792
0.917317 0.405166
0.889571 0.269234
0.815401 0.0733458
0.757657 0.534068
0.600612 0.995676
0.231864 0.116881
0.306649 0.595019
0.856729 0.549967
0.53884 0.846531
0.0390526 0.978644
0.379646 0.909762
0.475102 0.788688
0.662099 0.962398
0.144493 0.399911
0.974248 0.341088
0.945228 0.998515
0.556328 0.507346
0.460399 0.64562
0.0892693 0.935623
0.169942 0.0908153
0.345138 0.242226
0.626671 0.834377
0.0270992 0.749381
0.641334 0.138995
0.754526 0.0574734
0.859154 0.88245
0.407584 0.0944335
0.889286 0.747827
0.614565 0.975999
0.582601 0.551036
0.00264951 0.263341
0.0525052 0.760064
0.779394 0.409742
0.914266 0.580792
0.0683068 0.892892
0.498535 0.29512
0.327957 0.703334
0.958771 0.307031
0.159354 0.315149
0.965206 0.875344
0.066228 0.765152
0.0368564 0.566678
0.780203 0.609686
0.559398 0.388465
0.682691 0.131554
0.318882 0.830862
0.904409 0.389197
0.0302654 0.862916
0.0334086 0.800708
0.175291 0.945288
0.649168 0.171184
0.120112 0.0313569
0.0831466 0.285571
0.414801 0.808755
0.987356 0.129093
0.763403 0.493166
0.0406079 0.308859
0.303304 0.68
0.434737 0.350536
0.245984 0.46429
0.926898 0.122404
0.228848 0.884293
0.917529 0.759619
0.388209 0.749209
0.186082 0.139029
0.668611 0.296334
0.2862 0.339375
0.697544 0.0329688
0.477663 0.502413
0.803244 0.577848
0.919226 0.275497
0.352076 0.701161
0.0534706 0.823214
0.602112 0.486058
0.285084 0.127244
0.989381 0.666514
0.51662 0.770512
0.516933 0.417381
0.865415 0.648487
0.640795 0.366693
0.100852 0.84258
0.110228 0.328798
0.077523 0.409441
0.802206 0.358913
0.393668 0.787345
0.320564 0.636478
0.85673 0.162031
0.957336 0.185326
0.733509 0.534413
0.74906 0.263855
0.055081 0.162391
0.448688 0.857493
0.523399 0.588449
0.949853 0.146675
0.381262 0.0292751
0.445109 0.471743
0.35193 0.673739
0.42592 0.432554
0.269287 0.631055
0.824404 0.821261
0.969363 0.930607
0.516733 0.0368839
0.351938 0.086007
0.567481 0.355397
0.301486 0.101083
0.94815 0.889497
0.727225 0.149101
0.340974 0.134348
0.481986 0.952924
0.0101532 0.604741
0.597144 0.768707
0.966779 0.966682
0.0979103 0.750796
0.503696 0.868019
0.259949 0.737083
0.226786 0.0558607
0.0510132 0.49626
0.736534 0.460682
0.455815 0.309288
