0.93375 0.0246154
0.047466 0.660572
0.533797 0.310796
0.247977 0.932313
0.505735 0.525643
0.390905 0.692693
0.838543 0.546165
0.0497528 0.550035
0.719121 0.2647
0.977119 0.0113382
0.874255 0.969169
0.664583 0.201882
0.67058 0.55599
0.724075 0.0286637
0.688492 0.0405376
0.258509 0.194284
0.359129 0.0152113
0.780029 0.103107
0.476768 0.343273
0.00617482 0.0256047
0.609534 0.734865
0.608191 0.175778
0.622032 0.780479
0.0672005 0.136027
0.848957 0.84718
0.695622 0.431246
0.122773 0.0300887
0.99556 0.756301
0.535507 0.616603
0.665288 0.73241
0.265416 0.368291
0.229214 0.349265
0.042617 0.59551
0.372265 0.694818
0.796973 0.268617
0.158355 0.265941
0.77503 0.562043
0.718101 0.863614
0.301208 0.354461
0.62793 0.0302691
0.625869 0.282037
0.895778 0.238918
0.182809 0.0948178
0.269542 0.585137
0.993541 0.635041
0.824417 0.685027
0.0612505 0.652703
0.450222 0.808282
0.643138 0.933889
0.0633001 0.713351
0.530687 0.735351
0.626868 0.558226
0.314702 0.886717
0.0796611 0.864599
0.774278 0.283429
0.474771 0.977071
0.794616 0.128108
0.521373 0.901105
0.836882 0.503021
0.903592 0.81062
0.557908 0.102524
0.279111 0.851526
0.431664 0.783564
0.129826 0.942762
0.777844 0.466829
0.896165 0.952108
0.122396 0.571714
0.724722 0.82488
0.0620351 0.923493
0.599974 0.801584
0.296402 0.340686
0.283877 0.627424
0.65338 0.657244
0.974069 0.371723
0.242516 0.312471
0.59768 0.0676977
0.607921 0.680872
0.170561 0.235015
0.162593 0.199917
0.283939 0.131337
0.277027 0.73819
0.849699 0.806142
0.34794 0.33032
0.870338 0.791257
0.0365393 0.530811
0.0124926 0.911659
0.563081 0.789582
0.227143 0.672193
0.216456 0.891776
0.142532 0.570594
0.360323 0.849527
0.0774752 0.266836
0.594687 0.126342
0.747234 0.421502
0.695418 0.519396
0.96156 0.0287111
0.61125 0.0107885
0.271946 0.10405
0.0553282 0.837715
0.273774 0.392987
0.841898 0.234178
0.0243745 0.992699
0.0322046 0.286874
0.679023 0.0949631
0.557269 0.901247
0.426266 0.187042
0.480871 0.0372456
0.212585 0.0122678
0.0136917 0.808579
0.999625 0.313892
0.818511 0.191997
0.678305 0.233966
0.176883 0.175484
0.780047 0.438679
0.300443 0.412147
0.765295 0.0607615
0.480779 0.945726
0.0986284 0.677715
0.404906 0.87034
0.793379 0.606794
0.104367 0.872876
0.412547 0.733753
0.477025 0.683739
0.980175 0.0672131
0.87692 0.743805
0.820226 0.213863
0.448415 0.0527481
0.841474 0.773239
0.818438 0.295998
0.33199 0.486182
0.259185 0.669155
0.265168 0.0248149
0.457422 0.117122
0.817237 0.358733
0.128174 0.166143
0.859435 0.496307
0.464463 0.77773
0.797709 0.672476
0.349322 0.928336
0.685991 0.734743
0.194316 0.218534
0.687984 0.279359
0.814935 0.475879
0.0780222 0.436718
0.986664 0.915083
0.859702 0.616065
0.0812517 0.656992
0.991995 0.85127
0.967074 0.785597
0.369271 0.625546
0.574672 0.59447
0.345729 0.556132
0.385971 0.479786
0.936625 0.592104
0.591159 0.581956
0.768981 0.637963
0.332122 0.444627
0.382305 0.805586
0.360075 0.788007
0.965131 0.482434
0.480418 0.766233
0.226783 0.046894
0.242788 0.379933
0.249583 0.328737
0.917349 0.423713
0.30579 0.919271
0.48574 0.571102
0.156744 0.848684
0.684508 0.00551398
0.398023 0.256935
0.455278 0.218489
0.868657 0.468683
0.988178 0.0946761
0.334051 0.710263
0.0147295 0.877433
0.212633 0.18292
0.523451 0.443389
0.135764 0.296784
0.957836 0.586832
0.604569 0.53214
0.292406 0.0394644
0.0655199 0.756632
0.717973 0.631343
0.579971 0.634762
0.944851 0.934258
0.814447 0.140309
0.649759 0.487207
0.283601 0.317855
0.260076 0.511633
0.688822 0.477167
0.448128 0.266609
0.205735 0.307439
0.182085 0.744981
0.533947 0.392522
0.900482 0.285439
0.966913 0.324911
0.104885 0.0856185
0.634259 0.720042
0.379347 0.511266
0.346099 0.352331
0.616506 0.491908
0.551656 0.343449
0.822532 0.0855085
0.650582 0.774538
0.84482 0.188588
0.0752136 0.0869987
0.129987 0.823241
0.317055 0.108881
0.932715 0.226844
0.842068 0.354157
0.639816 0.979086
0.796004 0.172725
0.393502 0.536726
0.571044 0.767376
0.0306988 0.181234
0.277055 0.427125
0.454123 0.632574
0.693977 0.255701
0.994921 0.973154
0.245777 0.91968
0.880484 0.135408
0.92954 0.299873
0.0521825 0.111375
0.806323 0.720827
0.153213 0.113422
0.43326 0.319767
0.796399 0.834076
0.165411 0.504076
0.946897 0.35755
0.796481 0.393637
0.902321 0.916998
0.345042 0.594185
0.947341 0.897007
0.751703 0.848543
0.238429 0.138339
0.00967417 0.565937
0.185515 0.0426013
0.450515 0.41234
0.826462 0.720272
0.652489 0.250205
0.945935 0.0751947
0.93374 0.976576
0.187829 0.888924
0.818976 0.882008
0.0118967 0.064555
0.27241 0.450074
0.277972 0.52987
0.0464953 0.811041
0.803718 0.592507
0.304634 0.139399
0.163913 0.926793
0.0624249 0.296636
0.852448 0.951378
0.542595 0.0808935
0.145199 0.664838
0.860434 0.90609
0.35049 0.537419
0.320443 0.841511
0.177234 0.628074
0.473463 0.419243
0.495106 0.845202
0.114674 0.725719
0.97291 0.820153
0.201427 0.475674
0.556493 0.833386
0.979034 0.715895
0.355883 0.903608
0.285799 0.993685
0.750691 0.781007
0.614129 0.407597
0.175801 0.347653
0.218034 0.270294
0.0212792 0.970546
0.0911405 0.742225
0.258879 0.546953
0.136234 0.709553
0.40044 0.185358
0.527295 0.701713
0.308084 0.531661
0.608758 0.239406
0.492532 0.651667
0.954242 0.24928
0.44691 0.536463
0.686642 0.33732
0.586393 0.518309
0.11315 0.533045
0.144736 0.0585648
0.153112 0.531994
0.189489 0.621504
0.7421 0.189667
0.740664 0.379484
0.216628 0.730884
0.666357 0.976049
0.624867 0.333622
0.859665 0.144897
0.868515 0.0343967
0.190684 0.576747
0.880099 0.433724
0.546884 0.548991
0.185795 0.404993
0.0892019 0.955047
0.170158 0.471696
0.635948 0.907869
0.900364 0.648872
0.112363 0.643292
0.496878 0.232363
0.472863 0.906632
0.610806 0.627908
0.860994 0.386701
0.670976 0.93398
0.337579 0.19333
0.539067 0.366226
0.362463 0.282907
0.844378 0.076537
0.679666 0.860887
0.337802 0.96865
0.51854 0.130385
0.641296 0.371873
0.826222 0.819
0.445114 0.740083
0.734706 0.754658
0.28984 0.641638
0.084058 0.547728
0.492153 0.738021
0.600627 0.0548019
0.834627 0.862839
0.144869 0.429821
0.898433 0.447711
0.625726 0.685495
0.292412 0.47762
0.848594 0.286804
0.388895 0.925444
0.788488 0.856705
0.508662 0.591282
0.979025 0.411666
0.203784 0.835725
0.430672 0.967072
0.385551 0.155163
0.0987607 0.332239
0.86881 0.321567
0.135103 0.209323
0.807463 0.505058
0.018296 0.694881
0.322728 0.157861
0.222437 0.874752
0.0822924 0.400401
0.941946 0.112323
0.190723 0.137975
0.933463 0.466448
0.357805 0.870369
0.783821 0.0844341
0.727931 0.579782
0.412573 0.205958
0.506638 0.169898
0.247796 0.157159
0.473363 0.153368
0.581832 0.722546
0.752822 0.398509
0.0520176 0.140001
0.611894 0.84982
0.111475 0.206902
0.775302 0.953198
0.420507 0.594136
0.805685 0.935354
0.635398 0.619064
0.0731699 0.483369
0.549511 0.930657
0.162298 0.904606
0.112744 0.12871
0.0267917 0.507518
0.103846 0.387737
0.834817 0.646993
0.0200042 0.0937672
0.841875 0.44777
0.390473 0.897274
0.806974 0.64817
0.625191 0.577411
0.957621 0.551594
0.441391 0.644545
0.271198 0.081091
0.90018 0.0609592
0.00597697 0.484439
0.397913 0.0136593
0.506604 0.919257
0.969128 0.250818
0.896515 0.622525
0.806845 0.0176318
0.20359 0.807812
0.735608 0.12687
0.64715 0.411616
0.766635 0.874435
0.0774806 0.176897
0.279421 0.0586732
0.397575 0.23307
0.407581 0.5561
0.542568 0.431125
0.734241 0.290111
0.326013 0.792214
0.520437 0.770056
0.640655 0.759117
0.996211 0.379684
0.397877 0.391244
0.533234 0.160852
0.122479 0.387468
0.173888 0.667514
0.123627 0.982057
0.238072 0.577204
0.116637 0.858481
0.51148 0.979678
0.520415 0.554493
0.561572 0.156163
0.00205633 0.68084
0.876492 0.205401
0.0708794 0.511469
0.545655 0.202028
0.709703 0.0857843
0.530939 0.658616
0.902984 0.152001
0.785855 0.320837
0.106541 0.436507
0.466344 0.171309
0.156733 0.135496
0.303599 0.56262
0.829702 0.974595
0.656236 0.186765
0.750795 0.111795
0.953773 0.415055
0.388438 0.297357
0.331425 0.075632
0.647485 0.814893
0.600318 0.877164
0.0436987 0.70122
0.046997 0.0457182
0.402262 0.761187
0.170937 0.574189
0.557762 0.469796
0.784957 0.49935
0.0444783 0.841223
0.770015 0.542793
0.261857 0.289394
0.321579 0.87316
0.310962 0.305606
0.602909 0.958182
0.923116 0.55498
0.243946 0.999647
0.498165 0.428337
0.906703 0.113099
0.362794 0.0943965
0.444457 0.22233
0.0367911 0.26799
0.511126 0.946722
0.269034 0.689134
0.668193 0.89313
0.262044 0.254167
0.921331 0.86587
0.67558 0.798098
0.146521 0.365288
0.979035 0.567311
0.278935 0.891608
0.482804 0.603998
0.99457 0.153623
0.289607 0.957585
0.0942076 0.830796
0.711499 0.564765
0.371319 0.0447092
0.346158 0.683213
0.509613 0.357141
0.921011 0.758812
0.723264 0.0811879
0.64245 0.14049
0.700885 0.612021
0.729475 0.430075
0.628996 0.227137
0.257243 0.615472
0.243622 0.0420996
0.172849 0.986343
0.628264 0.956332
0.560162 0.958398
0.703546 0.18686
0.140386 0.0217596
0.8053 0.309551
0.582949 0.0620866
0.42112 0.509606
0.639781 0.876947
0.55267 0.687864
0.362913 0.224774
0.376426 0.127165
0.669136 0.599944
0.181281 0.760706
0.50829 0.268653
0.430098 0.935753
0.560097 0.420143
0.160985 0.796469
0.126397 0.905296
0.11398 0.818033
0.410884 0.777807
0.247733 0.425559
0.994131 0.932559
0.424958 0.708251
0.793539 0.98779
0.734304 0.220548
0.952834 0.059205
0.680579 0.162759
0.854475 0.275634
0.066553 0.956024
0.835865 0.441126
0.155394 0.475059
0.640626 0.596046
0.125679 0.62052
0.481404 0.454447
0.0539398 0.325823
0.45251 0.93669
0.643176 0.26972
0.0743748 0.602171
0.58727 0.323606
0.866072 0.236969
0.866778 0.655079
0.103998 0.114971
0.213832 0.595726
0.361105 0.751185
0.894398 0.427602
0.152537 0.294953
0.384573 0.849414
0.012495 0.12576
0.581542 0.227131
0.62113 0.437388
0.661097 0.5367
0.311918 0.382413
0.431344 0.687438
0.410966 0.432672
0.062924 0.994579
0.211813 0.0729948
0.759814 0.7414
0.150251 0.961485
0.0118293 0.734199
0.707384 0.768786
0.00844562 0.155973
0.28725 0.589242
0.500021 0.0592144
0.356092 0.44488
0.75499 0.637174
0.413976 0.134531
0.432164 0.892809
0.408767 0.0642997
0.498744 0.469617
0.216986 0.384087
0.900923 0.342301
0.473824 0.362667
0.0957201 0.221783
0.0244862 0.347463
0.398062 0.317641
0.932189 0.820144
0.939664 0.198334
0.383634 0.569982
0.544455 0.240419
0.755531 0.00644873
0.978433 0.11625
0.779149 0.1649
0.689497 0.117487
0.780224 0.345556
0.209289 0.666004
0.105721 0.156862
0.641325 0.851619
0.848208 0.0419818
0.555423 0.755748
0.747949 0.167414
0.825259 0.250755
0.654792 0.075863
0.871959 0.871926
0.353891 0.745293
0.209687 0.766129
0.132395 0.51343
0.310837 0.745412
0.200715 0.917864
0.663768 0.387508
0.562697 0.495171
0.456858 0.865921
0.613561 0.900566
0.164413 0.000965399
0.857808 0.925309
0.567917 0.189396
0.900343 0.0432816
0.586834 0.422818
0.11267 0.986769
0.815089 0.961172
0.739988 0.1408
0.136601 0.0838957
0.320121 0.66815
0.701685 0.639969
0.895177 0.198091
0.46258 0.731983
0.902023 0.172698
0.223158 0.415258
0.973421 0.516006
0.0631923 0.369004
0.782595 0.0480305
0.479101 0.110152
0.913099 0.972284
0.788846 0.224937
0.590281 0.150728
0.900184 0.333181
0.897262 0.885608
0.481079 0.543323
0.568557 0.388791
0.156834 0.724221
0.171803 0.696902
0.790368 0.440193
0.0987842 0.0599319
0.428014 0.403215
0.925585 0.661915
0.43156 0.105468
0.724182 0.45984
0.96656 0.443098
0.55392 0.617018
0.161898 0.39545
0.312379 0.777986
0.837652 0.588159
0.9252 0.711013
0.1913 0.518891
0.24764 0.720556
0.251911 0.107443
0.87846 0.383947
0.194759 0.703054
0.994077 0.478249
0.501278 0.681204
0.922566 0.612651
0.422436 0.498553
0.0539647 0.011667
0.218126 0.193412
0.999775 0.218911
0.0652776 0.779462
0.410066 0.900068
0.772657 0.900153
0.688481 0.900545
0.649763 0.00735873
0.498892 0.307675
0.646322 0.440756
0.38989 0.657394
0.0477189 0.086286
0.225517 0.712742
0.127047 0.422278
0.679649 0.442933
0.49933 0.630925
0.00723548 0.230423
0.00994529 0.78668
0.106861 0.472185
0.45309 0.580724
0.592224 0.19637
0.287025 0.947441
0.100758 0.929971
0.0283746 0.391172
0.341138 0.507217
0.314817 0.0139656
0.914548 0.00966517
0.976148 0.297655
0.690881 0.0475709
0.313677 0.0825109
0.678841 0.296823
0.229516 0.559573
0.969197 0.668495
0.0670681 0.567228
0.998597 0.822658
0.222425 0.524587
0.985339 0.183836
0.901867 0.781052
0.826615 0.6246
0.497509 0.121894
0.482245 0.802514
0.595694 0.932123
0.668732 0.518249
0.0874383 0.185252
0.270442 0.821671
0.707336 0.988595
0.663255 0.644421
0.366369 0.408597
0.799067 0.765331
0.0222322 0.62171
0.896599 0.595265
0.0818547 0.709996
0.332461 0.414273
0.915152 0.701792
0.629281 0.20492
0.0438794 0.440107
0.956087 0.148331
0.716307 0.959186
0.216632 0.507628
0.863329 0.589836
0.219295 0.625086
0.0115506 0.650055
0.651729 0.476661
0.0315639 0.737183
0.433776 0.0955018
0.131971 0.249499
0.00817063 0.0377998
0.656704 0.349763
0.683366 0.582494
0.212044 0.79272
0.24993 0.794407
0.179649 0.0321934
0.603546 0.644742
0.296701 0.228042
0.722892 0.721915
0.940396 0.135713
0.139168 0.762249
0.262924 0.902189
0.711113 0.316193
0.955152 0.863267
0.387323 0.104702
0.442995 0.841355
0.0863817 0.796795
0.554897 0.869464
0.726342 0.5287
0.876904 0.667611
0.55137 0.0391269
0.621228 0.823798
0.264321 0.482516
0.692656 0.757316
0.652725 0.0437813
0.796859 0.753747
0.680709 0.131004
0.925259 0.519096
0.900872 0.560007
0.848212 0.165546
0.193783 0.379136
0.543204 0.962281
0.832535 0.114687
0.228491 0.0794085
0.856899 0.999532
0.0351089 0.767024
0.844405 0.692412
0.327838 0.266371
0.939445 0.40252
0.536779 0.580144
0.510111 0.32662
0.0437762 0.948211
0.531457 0.830018
0.440224 0.375424
0.908761 0.499278
0.209096 0.943629
0.0391562 0.612473
0.0714316 0.335978
0.944358 0.789968
0.670186 0.843556
0.724555 0.538281
0.752616 0.957091
0.243266 0.8243
0.703728 0.214713
0.0492266 0.21427
0.998451 0.436316
0.941991 0.172533
0.11065 0.351129
0.538378 0.292468
0.346923 0.0465974
0.56085 0.294751
0.885539 0.702735
0.42215 0.0481206
0.384343 0.727142
0.741356 0.0586405
0.845427 0.917144
0.28887 0.778979
0.319842 0.71701
0.435586 0.0211988
0.814706 0.55395
0.845552 0.74932
0.942855 0.836179
0.485282 0.386211
0.521331 0.507193
0.772147 0.197873
0.46334 0.517139
0.596244 0.382866
0.324191 0.934494
0.510688 0.717257
0.0504527 0.481802
0.663818 0.664268
0.38955 0.459176
0.445495 0.45659
0.0211527 0.927667
0.464675 0.312961
0.964396 0.95574
0.285167 0.712203
0.193114 0.295268
0.889091 0.541731
0.917518 0.244543
0.60592 0.474139
0.338046 0.3071
0.813959 0.4063
0.332492 0.251054
0.691725 0.696782
0.147551 0.645264
0.963608 0.987802
0.588564 0.459215
0.737866 0.921228
0.51671 0.0221508
0.100245 0.513565
0.20615 0.438606
0.880035 0.824392
0.782501 0.376225
0.065216 0.431984
0.71334 0.807204
0.171798 0.0758686
0.370035 0.588498
0.963771 0.62401
0.701979 0.356492
0.237023 0.962024
0.044462 0.884259
0.0901131 0.616487
0.231183 0.262358
0.140222 0.337263
0.749243 0.975331
0.0933729 0.0317791
0.767383 0.676303
0.152317 0.605821
0.747039 0.58719
0.503731 0.0936384
0.942642 0.321695
0.707301 0.689753
0.919539 0.382784
0.709943 0.491747
0.814624 0.0563837
0.750707 0.712837
0.0643481 0.896586
0.342839 0.124584
0.361716 0.978492
0.366568 0.26526
0.814222 0.543813
0.467776 0.291114
0.866597 0.521991
0.853165 0.109219
0.108672 0.57927
0.291867 0.817382
0.781416 0.0126099
0.290895 0.245453
0.992883 0.352095
0.260701 0.771085
0.316611 0.581733
0.887253 0.0995623
0.296772 0.680746
0.765395 0.520339
0.225028 0.232578
0.783551 0.708712
0.182365 0.252988
0.502879 0.873679
0.581173 0.351712
0.157854 0.316681
0.100435 0.280088
0.700364 0.405703
0.32819 0.825207
0.417482 0.84037
0.89663 0.37432
0.104629 0.786573
0.43699 0.157962
0.119645 0.684765
0.705545 0.920722
0.157332 0.803853
0.857735 0.324807
0.957809 0.68388
0.515375 0.25495
0.254662 0.220407
0.645841 0.078537
0.119376 0.247954
0.967864 0.718138
0.69065 0.951658
0.174262 0.43707
0.466517 0.891952
0.750914 0.677691
0.15239 0.874181
0.285073 0.190492
0.237472 0.478944
0.469562 0.0139714
0.743507 0.316472
0.274884 0.162586
0.182804 0.956275
0.586612 0.678444
0.639812 0.125351
0.528585 0.814333
0.0120116 0.455795
0.980233 0.615232
0.958243 0.894064
0.765579 0.824137
0.591391 0.300887
0.194456 0.342323
0.751662 0.336876
0.893095 0.277361
0.518208 0.791799
0.69247 0.38781
0.42619 0.45799
0.631983 0.308975
0.865629 0.715514
0.753297 0.797908
0.321859 0.218153
0.335105 0.379269
0.575999 0.106375
0.724815 0.360193
0.270584 0.866915
0.463339 0.987425
0.119118 0.471662
0.873667 0.0732274
0.368719 0.805375
0.829441 0.345089
0.373329 0.17121
0.501644 0.198779
0.987073 0.273336
0.970812 0.761671
0.480029 0.208392
0.103512 0.308273
0.179457 0.848527
0.234531 0.856893
0.527533 0.0687838
0.212741 0.984944
0.0223154 0.330921
0.322515 0.0322773
0.83117 0.0164843
0.551301 0.659143
0.124645 0.761
0.783369 0.237962
0.0569344 0.383465
0.99712 0.867938
0.347307 0.159144
0.00313453 0.527904
0.575668 0.00716961
0.0142187 0.272842
0.473964 0.258087
0.401702 0.965032
0.807965 0.807872
0.944447 0.743712
0.420619 0.292623
0.203629 0.145589
0.36458 0.21084
0.737268 0.909667
0.367549 0.645872
0.812876 0.898996
0.468499 0.0710755
0.241639 0.756654
0.945563 0.46601
0.0161024 0.411616
0.583449 0.812778
0.264509 0.984369
0.371164 0.373356
0.625261 0.526631
0.0450798 0.230021
0.482589 0.835277
0.533328 0.209885
0.534256 0.475512
0.575863 0.857693
0.896483 0.851369
0.070592 0.235992
0.615704 0.360691
0.664468 0.316507
0.309887 0.189341
0.754603 0.602222
0.288834 0.280621
0.184965 0.544356
0.576922 0.561158
0.848597 0.401545
0.510648 0.39772
0.468854 0.694673
0.654718 0.703336
0.15316 0.173295
0.70177 0.824409
0.383697 0.420631
0.524847 0.873861
0.0617646 0.0504687
0.601891 0.757914
0.010647 0.580679
0.635 0.159013
0.738859 0.0181125
0.413243 0.820609
0.424126 0.258993
0.574967 0.912611
0.452842 0.612147
0.434753 0.66394
0.741921 0.236052
0.786132 0.789447
0.559981 0.521956
0.561001 0.260362
0.560323 0.0295997
0.94193 0.275634
0.304152 0.501659
0.0848525 0.994955
0.226341 0.454196
0.753625 0.269424
0.949488 0.522246
0.385405 0.00617239
0.893765 0.755431
0.720819 0.872894
0.880303 0.999551
0.587674 0.268828
0.459905 0.484656
0.707072 0.159625
0.925341 0.08861
0.718021 0.669545
0.240867 0.632998
0.512687 0.0083385
0.937926 0.649662
0.89626 0.48891
0.382211 0.0722032
0.587802 0.987639
0.491295 0.495295
0.40344 0.641863
0.324968 0.62205
0.742738 0.469379
0.213076 0.106089
0.543245 0.991425
0.91582 0.924136
0.369201 0.476482
0.786104 0.921903
0.106874 0.905915
0.542203 0.126595
0.326424 0.983729
0.307546 0.457644
0.333667 0.639266
0.61653 0.100592
0.437601 0.561368
0.401583 0.362329
0.567999 0.716955
0.865769 0.550704
0.405113 0.607776
0.747954 0.49179
0.381545 0.952074
0.433682 0.346831
0.423991 0.998236
0.962446 0.2038
0.0425136 0.179606
0.380456 0.339478
