0.932762 0.401945
0.780167 0.854226
0.968071 0.260724
0.47699 0.145782
0.74797 0.95733
0.903868 0.304449
0.915691 0.889206
0.0940494 0.803102
0.63678 0.0761428
0.054921 0.868404
0.102163 0.83304
0.241277 0.381544
0.356619 0.610589
0.733263 0.749255
0.629891 0.0549031
0.25944 0.642301
0.871315 0.0978063
0.795797 0.770551
0.871063 0.974198
0.679485 0.5565
0.993614 0.386565
0.380014 0.600452
0.106868 0.742143
0.280444 0.816076
0.890067 0.568292
0.321431 0.941954
0.171315 0.318107
0.536111 0.492626
0.302695 0.77528
0.558813 0.841553
0.304307 0.822259
0.57324 0.567076
0.00228764 0.699943
0.83182 0.546265
0.34125 0.234182
0.216367 0.355481
0.382403 0.320196
0.0231344 0.759181
0.387258 0.339605
0.186637 0.457273
0.413037 0.540714
0.940875 0.953255
0.918596 0.254837
0.729197 0.674344
0.258129 0.867152
0.672066 0.606963
0.547461 0.654839
0.20472 0.0866731
0.632428 0.116217
0.740305 0.710916
0.859294 0.654974
0.145956 0.242369
0.994353 0.79413
0.0136508 0.659116
0.389447 0.169249
0.781399 0.0912396
0.764032 0.132103
0.516449 0.941262
0.145951 0.0118387
0.971118 0.490442
0.80407 0.0271747
0.871666 0.575921
0.440922 0.244987
0.44362 0.741244
0.458436 0.29946
0.271424 0.914062
0.911329 0.824186
0.423239 0.0814968
0.440514 0.175109
0.690984 0.521805
0.362592 0.765777
0.446688 0.228631
0.382152 0.367906
0.65884 0.430787
0.279342 0.535983
0.422812 0.31128
0.130589 0.301699
0.85547 0.0147037
0.167171 0.0637906
0.433452 0.376846
0.887679 0.283223
0.400266 0.582565
0.624611 0.812423
0.606029 0.385466
0.432499 0.0279715
0.406904 0.463968
0.631818 0.028732
0.132728 0.505574
0.617785 0.56589
0.355256 0.550227
0.236312 0.555206
0.805763 0.218002
0.345587 0.794445
0.626449 0.908864
0.143574 0.690028
0.990976 0.979605
0.610661 0.988873
0.604973 0.955845
0.279825 0.0617158
0.616555 0.421117
0.448246 0.936241
0.364576 0.937168
0.550266 0.993521
0.594206 0.0279762
0.904197 0.164479
0.0265922 0.792715
0.47974 0.776671
0.730527 0.860729
0.276382 0.681993
0.355297 0.486532
0.148037 0.367161
0.876828 0.324447
0.967848 0.104384
0.721888 0.821391
0.605436 0.537067
0.392127 0.755591
0.786136 0.668
0.638554 0.836605
0.994961 0.0374229
0.785044 0.182819
0.183743 0.352704
0.821793 0.00974584
0.977924 0.766701
0.0616971 0.605966
0.150848 0.260814
0.192071 0.396744
0.725057 0.909435
0.18357 0.125854
0.666121 0.315828
0.947066 0.421057
0.689823 0.794225
0.363576 0.41852
0.563757 0.964069
0.145714 0.932355
0.439952 0.648031
0.685489 0.270623
0.920748 0.356617
0.623713 0.135144
0.743793 0.506511
0.42266 0.274653
0.639046 0.95038
0.529599 0.210875
0.301887 0.0634949
0.185012 0.937003
0.837558 0.396724
0.722974 0.330639
0.828488 0.886884
0.930793 0.621918
0.787429 0.408822
0.377923 0.635923
0.704337 0.283276
0.0661941 0.656756
0.673284 0.211887
0.879172 0.0450629
0.45229 0.195019
0.670097 0.384697
0.382084 0.533158
0.827562 0.0384824
0.948061 0.308894
0.00777502 0.472869
0.169809 0.724712
0.523782 0.44308
0.687099 0.837461
0.62185 0.193112
0.177041 0.929896
0.956021 0.458729
0.0835382 0.0134623
0.540875 0.11696
0.131028 0.868819
0.157299 0.0965415
0.47693 0.720578
0.818139 0.416431
0.415522 0.200273
0.685703 0.541203
0.960294 0.972008
0.251447 0.615569
0.400809 0.660073
0.0663078 0.759488
0.219928 0.470678
0.319949 0.513492
0.297672 0.368445
0.158037 0.5679
0.508393 0.0568826
0.311615 0.997588
0.896481 0.0424284
0.669955 0.160861
0.158322 0.755893
0.437831 0.512284
0.499033 0.477468
0.0978876 0.867897
0.349985 0.457148
0.99406 0.615139
0.214512 0.291614
0.946455 0.843943
0.540014 0.907735
0.0391437 0.407584
0.855771 0.503198
0.494842 0.785604
0.354424 0.64721
0.718278 0.887483
0.132336 0.213144
0.494999 0.609954
0.450065 0.985121
0.757724 0.812306
0.0764863 0.0501618
0.835397 0.482196
0.713604 0.584705
0.318018 0.493361
0.659557 0.181649
0.829587 0.129109
0.818565 0.896445
0.011673 0.948573
0.11518 0.531258
0.205419 0.432686
0.0822967 0.262007
0.133343 0.0331084
0.538724 0.0314419
0.51533 0.19195
0.115375 0.951012
0.927791 0.715145
0.97501 0.825159
0.713761 0.700421
0.690383 0.943637
0.26996 0.165958
0.0794964 0.381719
0.407919 0.426753
0.795848 0.22034
0.521698 0.825981
0.600041 0.716689
0.483697 0.822904
0.560651 0.943415
0.0523935 0.552425
0.245477 0.51564
0.439812 0.125091
0.869169 0.524471
0.805481 0.442654
0.109827 0.901852
0.510034 0.245976
0.0509755 0.303971
0.905344 0.89933
0.114341 0.133532
0.334668 0.889359
0.353881 0.814064
0.484981 0.20754
0.400304 0.377187
0.816703 0.660054
0.770169 0.0517789
0.782883 0.127486
0.17873 0.657566
0.524534 0.063263
0.86156 0.203367
0.373392 0.987127
0.127821 0.562437
0.919229 0.598189
0.328642 0.733521
0.810879 0.94161
0.83902 0.771177
0.414643 0.0127543
0.715913 0.925535
0.614804 0.783357
0.256646 0.327758
0.282045 0.136059
0.701664 0.118754
0.534672 0.619817
0.708244 0.0704105
0.300873 0.475313
0.020047 0.628872
0.303909 0.917861
0.873431 0.699195
0.527103 0.993271
0.110802 0.169493
0.274225 0.662743
0.322065 0.196417
0.486563 0.518369
0.428942 0.603595
0.132102 0.459006
0.770426 0.91201
0.156491 0.837737
0.986548 0.0113557
0.471082 0.558746
0.0120269 0.45424
0.515349 0.377227
0.456605 0.136133
0.486084 0.351855
0.924879 0.543723
0.354426 0.177499
0.588472 0.858904
0.352995 0.684621
0.479494 0.0365329
0.379422 0.200445
0.578194 0.0804004
0.279892 0.368931
0.229661 0.729403
0.821677 0.643509
0.981428 0.549672
0.774286 0.729266
0.874839 0.456329
0.0367123 0.494381
0.943228 0.815111
0.206392 0.498794
0.940841 0.521695
0.352559 0.36713
0.822605 0.574192
0.835398 0.798958
0.248288 0.507798
0.459091 0.864359
0.794504 0.79707
0.650086 0.979984
0.880843 0.166534
0.839182 0.304036
0.784725 0.465349
0.30693 0.750586
0.784364 0.762218
0.349622 0.0894767
0.315221 0.0387966
0.759367 0.423597
0.522887 0.953223
0.827389 0.187129
0.952534 0.502462
0.00316555 0.052203
0.184493 0.181504
0.44937 0.680639
0.396663 0.0686161
0.685686 0.973544
0.861042 0.086372
0.8084 0.810015
0.672121 0.024594
0.185829 0.598836
0.967446 0.670536
0.572541 0.419243
0.711848 0.988239
0.338366 0.0687961
0.822679 0.279892
0.0583325 0.0316289
0.803429 0.0664287
0.861573 0.291209
0.767538 0.660102
0.0305861 0.883967
0.642296 0.209947
0.157935 0.624227
0.224378 0.861277
0.426897 0.413157
0.578713 0.209265
0.62044 0.615091
0.711554 0.640542
0.987553 0.142377
0.0938236 0.697582
0.485242 0.264528
0.398781 0.669726
0.589121 0.900276
0.692374 0.237616
0.592412 0.983391
0.11689 0.233064
0.076324 0.353564
0.242525 0.814457
0.664968 0.871994
0.327324 0.397818
0.067022 0.832042
0.0765171 0.243129
0.688054 0.324149
0.0795952 0.617877
0.829914 0.0798986
0.615208 0.589208
0.983342 0.179267
0.198629 0.790865
0.507143 0.865308
0.720364 0.191707
0.143458 0.105182
0.545602 0.522494
0.644809 0.518563
0.487758 0.958085
0.783365 0.477365
0.940452 0.145185
0.765783 0.161551
0.496238 0.0875732
0.506647 0.16012
0.191104 0.856828
0.476478 0.419151
0.271926 0.285888
0.558368 0.203718
0.572546 0.30492
0.381038 0.885611
0.0281876 0.0649078
0.581869 0.473254
0.818329 0.713571
0.487539 0.363727
0.567279 0.0144434
0.488038 0.229379
0.0672954 0.137401
0.728014 0.0228381
0.669869 0.0495569
0.0747303 0.910464
0.446931 0.699502
0.788811 0.364218
0.847337 0.244636
0.162559 0.795821
0.223694 0.0180244
0.87074 0.148644
0.605186 0.495147
0.913646 0.197467
0.5061 0.0199932
0.644849 0.888335
0.647416 0.150886
0.183754 0.973778
0.177201 0.0145367
0.164187 0.292006
0.82687 0.969594
0.93682 0.912798
0.966606 0.728894
0.122541 0.648943
0.924194 0.573573
0.195427 0.875644
0.61542 0.230028
0.0778994 0.659519
0.407978 0.044499
0.0189914 0.721664
0.438291 0.768031
0.805561 0.866583
0.900941 0.117105
0.670591 0.119192
0.893449 0.38004
0.428889 0.573033
0.566631 0.453693
0.332291 0.65891
0.950512 0.5935
0.443935 0.631571
0.600072 0.660307
0.627296 0.349144
0.0940425 0.191904
0.106637 0.929423
0.953526 0.874281
0.778345 0.551522
0.92685 0.0261732
0.919406 0.758496
0.870666 0.867388
0.886206 0.424844
0.2927 0.199019
0.992922 0.843043
0.645636 0.748173
0.36668 0.850212
0.282448 0.111364
0.411708 0.624423
0.751839 0.805281
0.511137 0.908762
0.477796 0.628279
0.512049 0.6634
0.480816 0.174341
0.944495 0.0719914
0.361198 0.309075
0.0665177 0.978059
0.662428 0.582727
0.463613 0.735192
0.0301033 0.13105
0.973527 0.0699343
0.54838 0.388602
0.637627 0.382872
0.0655516 0.123824
0.33597 0.136929
0.19801 0.418797
0.759592 0.00756006
0.29311 0.698922
0.235917 0.831666
0.915976 0.636646
0.295606 0.232282
0.986579 0.231995
0.300953 0.159971
0.154288 0.981451
0.725538 0.261254
0.458737 0.460298
0.384848 0.999392
0.166628 0.542461
0.645677 0.630109
0.726144 0.231468
0.232718 0.456559
0.10916 0.488722
0.00910996 0.239859
0.867024 0.248766
0.867255 0.352845
0.59739 0.166254
0.853048 0.904284
0.464469 0.9413
0.299433 0.850904
0.0871701 0.423638
0.414011 0.843516
0.79777 0.98012
0.271439 0.342371
0.736611 0.485945
0.73819 0.380763
0.165675 0.471451
0.696933 0.158467
0.458298 0.329139
0.734312 0.358099
0.371149 0.71014
0.11346 0.400774
0.377622 0.56274
0.748798 0.323476
0.619235 0.287612
0.272828 0.46556
0.852755 0.0560256
0.427961 0.975829
0.830389 0.351449
0.696581 0.65433
0.541459 0.878588
0.85631 0.846547
0.755212 0.444279
0.577061 0.698405
0.883173 0.757915
0.432481 0.877457
0.779175 0.516701
0.524268 0.413483
0.195778 0.249567
0.663876 0.934721
0.644127 0.641495
0.859282 0.940349
0.592724 0.516359
0.633846 0.685324
0.846184 0.188187
0.174844 0.376823
0.0822658 0.865217
0.239154 0.123409
0.272514 0.744184
0.04993 0.773945
0.97443 0.446016
0.966958 0.637413
0.29817 0.618116
0.285675 0.583193
0.0511281 0.275438
0.745422 0.284465
0.748484 0.103994
0.0962861 0.28698
0.34742 0.85016
0.543905 0.0997729
0.283732 0.260976
0.214399 0.172708
0.465303 0.510422
0.171901 0.669844
0.72869 0.987277
0.00557873 0.858733
0.334889 0.342836
0.882432 0.931366
0.810974 0.370873
0.97362 0.604925
0.374516 0.146968
0.323645 0.336531
0.439381 0.0755884
0.997887 0.091525
0.717386 0.556656
0.0427244 0.350462
0.747264 0.542206
0.138233 0.639755
0.227098 0.946441
0.807433 0.590574
0.842981 0.440098
0.731121 0.624658
0.876549 0.00544975
0.0163411 0.183013
0.0220707 0.214259
0.628418 0.463741
0.769165 0.0384991
0.379638 0.123894
0.205411 0.57479
0.773492 0.248655
0.587663 0.0456322
0.122601 0.594371
0.759651 0.197324
0.705209 0.730065
0.446452 0.341949
0.0161033 0.356192
0.528864 0.142838
0.881955 0.211683
0.490054 0.591555
0.565372 0.497152
0.641111 0.406919
0.333912 0.246434
0.505265 0.460005
0.72693 0.772162
0.920534 0.125541
0.454357 0.840295
0.0325887 0.0952776
0.348102 0.0327961
0.0822907 0.0981735
0.295235 0.638243
0.385987 0.409715
0.180626 0.270457
0.411079 0.48903
0.442571 0.550254
0.378536 0.0406653
0.149278 0.332406
0.328153 0.112291
0.863264 0.815784
0.637218 0.523743
0.131257 0.708003
0.983018 0.691478
0.460034 0.27005
0.922135 0.795586
0.574383 0.922671
0.968791 0.214947
0.0530331 0.0730959
0.148861 0.517347
0.724728 0.114647
0.69147 0.491021
0.282795 0.719185
0.102117 0.618502
0.567549 0.0928993
0.613429 0.875093
0.0708229 0.177225
0.0651042 0.918319
0.0376516 0.818251
0.308996 0.429725
0.415808 0.163246
0.0398727 0.244122
0.412474 0.918504
0.414557 0.28902
0.219601 0.338487
0.841089 0.607219
0.402217 0.779004
0.0217504 0.411977
0.355757 0.757047
0.9435 0.236382
0.362783 0.506266
0.855987 0.69445
0.934214 0.764967
0.039058 0.952805
0.204383 0.0659787
0.727175 0.522049
0.955893 0.0429316
0.076739 0.948702
0.22678 0.255561
0.0543631 0.583555
0.268511 0.857241
0.49989 0.318804
0.1082 0.671905
0.663925 0.265097
0.92082 0.219441
0.638844 0.00645046
0.116366 0.0811418
0.141377 0.762854
0.0232181 0.901801
0.824202 0.241855
0.214097 0.707926
0.181622 0.217494
0.293329 0.308359
0.61246 0.675928
0.667059 0.0943982
0.607507 0.344514
0.84846 0.979787
0.153342 0.177049
0.236997 0.665434
0.976562 0.803122
0.107073 0.0409337
0.375915 0.815793
0.315335 0.795524
0.351253 0.0218505
0.898273 0.348481
0.321208 0.62465
0.951899 0.767199
0.0939465 0.314833
0.891531 0.249057
0.998423 0.741631
0.463328 0.0620993
0.829094 0.737946
0.807613 0.320087
0.235605 0.261928
0.276332 0.979995
0.418237 0.69904
0.418916 0.343073
0.719495 0.304288
0.932977 0.278571
0.919509 0.470022
0.242958 0.302264
0.0104928 0.119195
0.468096 0.0914324
0.0268117 0.00372589
0.994319 0.428684
0.460871 0.59087
0.674274 0.452294
0.85742 0.124308
0.187199 0.743673
0.535427 0.553318
0.305208 0.0925008
0.0270161 0.32354
0.383356 0.707916
0.907784 0.409419
0.466131 0.891924
0.372978 0.0814588
0.590182 0.641218
0.144413 0.398296
0.743266 0.581156
0.336144 0.19818
0.80645 0.836287
0.72746 0.0703535
0.12852 0.341786
0.547851 0.449869
0.558093 0.342006
0.947609 0.377613
0.983181 0.366888
0.353927 0.928007
0.23664 0.201895
0.22598 0.633509
0.408577 0.510059
0.211162 0.758291
0.220204 0.55328
0.707569 0.790923
0.220514 0.968653
0.671296 0.901811
0.80838 0.102331
0.952194 0.714046
0.459953 0.483794
0.0238094 0.597862
0.0828354 0.5347
0.982003 0.877689
0.822885 0.143962
0.0588405 0.168371
0.332435 0.590926
0.337016 0.975843
0.800165 0.612807
0.243801 0.0836698
0.618631 0.753072
0.247723 0.601174
0.979866 0.923738
0.68843 0.422881
0.0962629 0.0847383
0.0486649 0.382811
0.761511 0.636332
0.647326 0.254273
0.976299 0.402339
0.757849 0.8534
0.387458 0.25639
0.204233 0.60794
0.0261324 0.56371
0.774896 0.994926
0.266015 0.420262
0.826198 0.932355
0.477352 0.915891
0.670642 0.840261
0.982559 0.313916
0.402206 0.933746
0.918792 0.0841297
0.0619847 0.504494
0.137583 0.195816
0.330733 0.268591
0.526074 0.762334
0.905382 0.516057
0.0215228 0.280599
0.769115 0.397101
0.0356744 0.973857
0.7152 0.439687
0.0432459 0.639925
0.687984 0.748673
0.316641 0.890134
0.810333 0.1617
0.472302 0.665785
0.919383 0.313882
0.783222 0.300743
0.571185 0.54581
0.56313 0.871532
0.836546 0.33296
0.710036 0.0360813
0.341058 0.385932
0.83487 0.692236
0.728766 0.153244
0.0906426 0.757228
0.670284 0.753934
0.665668 0.799219
0.891259 0.724088
0.190927 0.216874
0.128066 0.776782
0.00647665 0.511873
0.858153 0.619359
0.83224 0.841524
0.571993 0.238426
0.218594 0.159808
0.284607 0.946287
0.527704 0.812668
0.0513915 0.210043
0.762936 0.27098
0.940502 0.174148
0.329583 0.528098
0.784189 0.916164
0.893691 0.673324
0.564513 0.667804
0.393389 0.1121
0.237763 0.214367
0.515581 0.509492
0.921714 0.664349
0.250739 0.7407
0.0221369 0.678774
0.725646 0.404841
0.88217 0.482264
0.457521 0.816832
0.698416 0.361795
0.737231 0.946267
0.549838 0.174811
0.0625966 0.431089
0.0830076 0.218045
0.0324227 0.832828
0.76307 0.755762
0.337611 0.716135
0.193124 0.536808
0.645909 0.347731
0.551203 0.0560011
0.49735 0.683433
0.102228 0.341912
0.162347 0.880974
0.153855 0.594843
0.29506 0.407096
0.0973516 0.433303
0.171855 0.136438
0.974793 0.902398
0.455303 0.392664
0.576884 0.817856
0.938047 0.930652
0.958744 0.558603
0.957861 0.114866
0.19579 0.828632
0.66759 0.68143
0.41761 0.817994
0.0940396 0.584557
0.610004 0.0851795
0.190897 0.904536
0.152127 0.421324
0.623109 0.720023
0.840628 0.546035
0.94424 0.346909
0.881411 0.61259
0.593904 0.250683
0.330839 0.58069
0.961216 0.655413
0.679278 0.00155364
0.680174 0.074943
0.580182 0.372734
0.872558 0.784311
0.043667 0.530465
0.98423 0.944674
0.382245 0.470678
0.322286 0.974764
0.327352 0.85364
0.283582 0.888082
0.529348 0.272036
0.69823 0.398511
0.970866 0.334798
0.935342 0.0129808
0.891847 0.85144
0.520649 0.710086
0.610205 0.31065
0.2379 0.901953
0.0577395 0.691515
0.407711 0.802194
0.302997 0.0183457
0.190672 0.807814
0.250088 0.0108783
0.274777 0.189169
0.557023 0.154086
0.321323 0.555149
0.911176 0.474951
0.620758 0.84643
0.200659 0.0202525
0.414873 0.960641
0.279514 0.020044
0.100882 0.461405
0.660535 0.494945
0.645909 0.300062
0.464833 0.440247
0.209853 0.114126
0.254852 0.946487
0.495471 0.543533
0.694529 0.47681
0.0564811 0.711283
0.0562645 0.725876
0.888904 0.525081
0.558427 0.276427
0.507717 0.108295
0.31197 0.451905
0.409528 0.731585
0.0842795 0.489563
0.239877 0.14945
0.54478 0.793357
0.585249 0.807999
0.928673 0.441053
0.51364 0.75075
0.422738 0.119772
0.201197 0.506801
0.587132 0.77311
0.138196 0.83569
0.32935 0.149088
0.117214 0.140858
0.631883 0.243521
0.381448 0.271989
0.213587 0.681291
0.919376 0.97379
0.56045 0.727706
0.461464 0.0254358
0.981969 0.153492
0.312116 0.315432
0.490657 0.4062
0.899856 0.993147
0.248221 0.4179
0.470977 0.986512
0.354919 0.289746
0.575775 0.339485
0.0487482 0.464211
0.0680308 0.318926
0.264644 0.238007
0.532427 0.329939
0.498734 0.989739
0.552704 0.763859
0.025771 0.167926
0.581593 0.410405
0.0833827 0.796891
0.257503 0.578809
0.677012 0.66252
0.86064 0.383689
0.691086 0.207388
0.554855 0.60517
0.756947 0.593329
0.254466 0.793403
0.611722 0.928359
0.409139 0.230017
0.00194986 0.525981
0.995508 0.574019
0.498723 0.721065
0.254559 0.458509
0.741946 0.676582
0.83724 0.745362
0.182609 0.048039
0.781816 0.698259
0.7101 0.849002
0.594464 0.11759
0.777206 0.319804
0.639846 0.469959
0.376518 0.227662
0.678668 0.359945
0.111397 0.376275
0.761147 0.8895
0.312282 0.284822
0.682029 0.703795
0.144586 0.438315
0.530517 0.303859
0.1731 0.705261
0.365108 0.899577
0.00173469 0.279451
0.580351 0.747658
0.427022 0.449936
0.238756 0.0458322
0.924159 0.855193
0.89039 0.636926
0.0521602 0.451569
0.538052 0.246136
0.781245 0.561509
0.37605 0.966428
0.198491 0.641945
0.748796 0.220955
0.964025 0.00113605
0.216556 0.773135
0.25557 0.981784
0.528536 0.359978
0.513257 0.644922
0.773664 0.615569
0.888128 0.738802
0.926148 0.689582
0.579869 0.623164
0.805164 0.518482
0.692385 0.890986
0.316825 0.680346
0.022135 0.920283
0.22786 0.909727
0.139611 0.0635222
0.584321 0.591787
0.77484 0.955559
0.644299 0.565125
0.288639 0.548034
0.96855 0.274913
0.647269 0.786284
0.890634 0.802475
0.871567 0.897677
0.604848 0.182354
0.00179436 0.317772
0.250182 0.0597007
0.095557 0.554266
0.545407 0.699978
0.033853 0.0157687
0.132208 0.807166
0.691005 0.608517
0.202527 0.98393
0.751508 0.0704223
0.5924 0.276514
0.731874 0.456171
0.530445 0.590362
0.138534 0.899986
0.512958 0.8461
0.108236 0.721704
0.196697 0.31449
0.837066 0.464788
0.872301 0.422433
0.773393 0.355392
0.898478 0.948118
0.257199 0.106857
0.164892 0.487316
0.262167 0.774844
0.494804 0.875287
0.605061 0.449499
0.233751 0.386883
0.354906 0.435083
0.96662 0.199858
0.493265 0.121759
0.725772 0.172197
0.815601 0.508165
0.445025 0.782834
0.792894 0.706902
0.112607 0.994162
0.280273 0.500446
0.397459 0.866351
0.426651 0.901386
0.49136 0.294015
0.247427 0.700227
0.136268 0.966615
0.802077 0.268424
0.515436 0.564627
0.910011 0.0748347
0.0910488 0.984041
0.659387 0.717607
0.160204 0.157355
0.58154 0.142031
0.11904 0.274088
