0.419407 0.249348
0.126472 0.732284
0.875825 0.661327
0.324206 0.0187501
0.411736 0.0377297
0.0813694 0.767798
0.139583 0.105953
0.139352 0.840967
0.294483 0.693943
0.387783 0.764105
0.192272 0.36318
0.307395 0.592142
0.184624 0.123615
0.0290406 0.680377
0.0951517 0.829138
0.937808 0.304591
0.00963518 0.459748
0.169646 0.37662
0.45339 0.436151
0.671999 0.0473563
0.0313112 0.0623923
0.276579 0.716371
0.313616 0.881053
0.906419 0.507231
0.946662 0.36193
0.620129 0.632197
0.0522488 0.770868
0.816778 0.44709
0.966139 0.544145
0.529904 0.837576
0.941053 0.0866706
0.293559 0.520548
0.942082 0.726338
0.72105 0.0933097
0.550468 0.152112
0.0781824 0.871756
0.342892 0.709653
0.943954 0.994473
0.571854 0.516603
0.945215 0.33674
0.909675 0.912068
0.685914 0.635831
0.0217209 0.601682
0.852259 0.0518436
0.00713848 0.989693
0.802945 0.642144
0.0226508 0.710565
0.0513731 0.902179
0.653447 0.141939
0.905259 0.364575
0.92829 0.384732
0.670908 0.182
0.0966289 0.986866
0.470961 0.85991
0.697715 0.206206
0.47045 0.817488
0.883394 0.22073
0.296126 0.765078
0.426034 0.43238
0.862857 0.354351
0.557707 0.272296
0.111981 0.782955
0.338764 0.248172
0.609854 0.613426
0.261098 0.835034
0.0270829 0.365875
0.766855 0.150836
0.177929 0.414815
0.124268 0.373243
0.662979 0.962436
0.634248 0.932214
0.220129 0.830712
0.116309 0.928639
0.764501 0.693102
0.890762 0.104734
0.674086 0.928569
0.0707252 0.418463
0.592732 0.250708
0.531613 0.0925888
0.422942 0.878733
0.163022 0.185384
0.159892 0.815396
0.906647 0.881601
0.326583 0.21632
0.285142 0.0481929
0.445554 0.50463
0.804644 0.441593
0.79809 0.488153
0.585779 0.5712
0.404238 0.602158
0.00371063 0.740392
0.129669 0.607951
0.757921 0.349122
0.49185 0.481271
0.577437 0.376466
0.778506 0.335306
0.608763 0.142312
0.541696 0.352399
0.160798 0.438905
0.388299 0.410691
0.194442 0.585229
0.554869 0.70197
0.615593 0.554425
0.382336 0.449647
0.573485 0.654064
0.318912 0.914732
0.769375 0.832106
0.5854 0.00724363
0.832496 0.164375
0.0535388 0.61906
0.248338 0.720007
0.855848 0.678601
0.306819 0.138823
0.001144 0.0713424
0.110744 0.205184
0.965395 0.394934
0.0260017 0.503892
0.093362 0.0852019
0.706309 0.108671
0.937824 0.578724
0.729506 0.802691
0.465467 0.23177
0.362244 0.537705
0.654082 0.0332007
0.147791 0.883381
0.473926 0.687979
0.355812 0.414661
0.586096 0.350416
0.665451 0.819438
0.791139 0.131457
0.641177 0.209255
0.745021 0.135241
0.267125 0.56315
0.205064 0.404266
0.51194 0.70975
0.617121 0.404718
0.0484969 0.645778
0.612841 0.062435
0.490973 0.914653
0.998827 0.327911
0.0858386 0.510091
0.126574 0.406941
0.0547192 0.666691
0.753473 0.453432
0.891061 0.836468
0.978558 0.494115
0.972694 0.643681
0.799491 0.815626
0.485805 0.25345
0.37959 0.681386
0.893688 0.805548
0.0266455 0.555484
0.720319 0.307881
0.364515 0.19132
0.0189525 0.332174
0.0482963 0.750278
0.697354 0.134434
0.218778 0.548772
0.04971 0.0892505
0.537057 0.240802
0.75228 0.375935
0.740852 0.203639
0.226047 0.920552
0.147841 0.34597
0.0780994 0.38866
0.270842 0.409337
0.357357 0.38658
0.17957 0.616363
0.674876 0.211565
0.7733 0.237819
0.917581 0.249225
0.523892 0.0385212
0.41159 0.403543
0.803207 0.314377
0.162731 0.0193232
0.984145 0.16677
0.124004 0.00362514
0.816075 0.8401
0.798781 0.909477
0.501687 0.432889
0.21546 0.265215
0.0645591 0.936603
0.263024 0.524004
0.451416 0.954956
0.698129 0.83968
0.777245 0.532983
0.0860428 0.964151
0.851046 0.0971781
0.655379 0.27385
0.437731 0.942267
0.46382 0.652312
0.675864 0.455114
0.314419 0.803111
0.480768 0.183984
0.585211 0.295714
0.897934 0.769795
0.423854 0.796056
0.299502 0.20184
0.74729 0.0020975
0.456715 0.801157
0.873892 0.613824
0.450694 0.349487
0.169524 0.874152
0.185187 0.081319
0.145528 0.222737
0.460223 0.529029
0.51018 0.379677
0.110883 0.353856
0.314382 0.753271
0.110077 0.114446
0.177645 0.691663
0.0562775 0.0349881
0.974752 0.836665
0.327807 0.417236
0.369684 0.331526
0.951595 0.655561
0.781534 0.207908
0.985086 0.299176
0.795651 0.896273
0.611377 0.975973
0.858098 0.573582
0.860079 0.856285
0.0141521 0.0966472
0.80046 0.287953
0.192109 0.731
0.725732 0.659555
0.0252498 0.462665
0.191229 0.965597
0.269941 0.749315
0.707484 0.0363957
0.286364 0.855622
0.625055 0.999326
0.0634183 0.477286
0.546887 0.38493
0.421948 0.466175
0.0205134 0.40762
0.000150453 0.582392
0.234276 0.462231
0.606205 0.024147
0.22431 0.245696
0.18485 0.208538
0.868047 0.714556
0.0253465 0.205155
0.0822233 0.108941
0.872189 0.176911
0.944058 0.774721
0.884954 0.521053
0.247853 0.584334
0.165681 0.45601
0.546165 0.978287
0.0181749 0.198492
0.891031 0.861731
0.447743 0.201822
0.376288 0.647168
0.542953 0.143184
0.208321 0.486501
0.259471 0.251302
0.563625 0.665197
0.731356 0.535648
0.241914 0.499945
0.964389 0.934752
0.242784 0.554281
0.527502 0.308661
0.360142 0.131205
0.410197 0.56727
0.0371141 0.819951
0.600897 0.664486
0.642723 0.431567
0.232178 0.353149
0.674177 0.488439
0.782384 0.424977
0.167166 0.634115
0.472285 0.0231847
0.161736 0.784101
0.977341 0.120262
0.407233 0.346255
0.120582 0.87314
0.886463 0.641567
0.367756 0.143574
0.27145 0.362876
0.176295 0.482606
0.245835 0.759066
0.422984 0.671179
0.7437 0.980922
0.208946 0.30091
0.774578 0.77822
0.639848 0.0402771
0.8566 0.90044
0.722524 0.626294
0.681678 0.709262
0.226513 0.948013
0.601084 0.842939
0.695929 0.546726
0.0654289 0.360681
0.937531 0.244004
0.718453 0.825072
0.188432 0.251285
0.290901 0.664476
0.367625 0.447713
0.749783 0.240682
0.0740588 0.125579
0.993549 0.182564
0.693569 0.88211
0.166143 0.528884
0.140811 0.669321
0.179807 0.168128
0.184946 0.148002
0.529215 0.210966
0.602674 0.346454
0.569706 0.207569
0.288322 0.234898
0.459845 0.767647
0.0840298 0.264289
0.713057 0.345927
0.322898 0.454318
0.196162 0.642265
0.216261 0.723456
0.606168 0.234171
0.240451 0.419521
0.0221705 0.944277
0.438417 0.914272
0.998164 0.646355
0.450528 0.63161
0.0186783 0.873031
0.460651 0.298767
0.338886 0.277612
0.141625 0.168681
0.893206 0.173896
0.000679905 0.290223
0.517118 0.408157
0.518622 0.951961
0.0228018 0.794346
0.355846 0.946997
0.572992 0.039273
0.0360218 0.842342
0.548388 0.330395
0.287632 0.313608
0.775576 0.106005
0.850806 0.2296
0.624603 0.267028
0.674519 0.312512
0.817067 0.131964
0.457049 0.489106
0.441153 0.286945
0.250461 0.969868
0.963056 0.200167
0.506081 0.56889
0.221875 0.967283
0.28844 0.121955
0.674196 0.80027
0.388268 0.914597
0.588103 0.698476
0.910881 0.991569
0.646596 0.107546
0.798688 0.182073
0.698577 0.24739
0.366938 0.984711
0.178765 0.0451034
0.0652328 0.884526
0.520555 0.190673
0.103123 0.56487
0.792057 0.362525
0.550098 0.779008
0.491204 0.0474878
0.923116 0.810087
0.762727 0.872721
0.756194 0.732667
0.348252 0.89333
0.575558 0.727795
0.505193 0.798127
0.738915 0.581486
0.372372 0.210532
0.319961 0.150866
0.941525 0.46187
0.616868 0.389097
0.817328 0.563072
0.659506 0.394495
0.933978 0.751851
0.993075 0.44783
0.975413 0.237252
0.773158 0.925725
0.901242 0.555984
0.376706 0.735032
0.415496 0.506159
0.136274 0.0211992
0.372929 0.718039
0.533703 0.442296
0.916286 0.0392848
0.217543 0.191245
0.6026 0.879141
0.165602 0.931612
0.399475 0.213732
0.686241 0.501447
0.269739 0.156036
0.743391 0.166569
0.114174 0.0591647
0.305619 0.315374
0.420506 0.538003
0.00250173 0.362622
0.900614 0.280408
0.622313 0.724334
0.0347279 0.609504
0.221383 0.798561
0.714891 0.390747
0.112343 0.326958
0.475957 0.00739396
0.542901 0.590412
0.966365 0.27467
0.0671682 0.998749
0.609526 0.79728
0.263028 0.483705
0.817678 0.0781984
0.556063 0.55415
0.461177 0.907587
0.0999413 0.645705
0.790835 0.781325
0.315323 0.356793
0.689908 0.57547
0.299055 0.790784
0.100856 0.400141
0.634543 0.543918
0.0478469 0.248131
0.651306 0.591635
0.965567 0.0770706
0.524755 0.617879
0.865928 0.799521
0.422632 0.208711
0.980055 0.0322227
0.867497 0.958287
0.0798493 0.345574
0.428202 0.774497
0.983931 0.78069
0.551303 0.10564
0.507895 0.354766
0.423552 0.171729
0.514788 0.687094
0.127924 0.199245
0.961387 0.328046
0.521876 0.876392
0.0270607 0.981494
0.50271 0.899683
0.612067 0.69744
0.688932 0.981048
0.892793 0.712547
0.062929 0.705154
0.866649 0.380082
0.222921 0.112828
0.665171 0.677784
0.586118 0.895396
0.543486 0.755205
0.790117 0.672409
0.976546 0.856048
0.16439 0.285371
0.38856 0.286463
0.673531 0.421903
0.582735 0.826938
0.551935 0.179891
0.451515 0.585388
0.306857 0.572517
0.400499 0.692414
0.738267 0.43308
0.547914 0.877606
0.215415 0.0651532
0.341668 0.059094
0.182383 0.559452
0.660865 0.860839
0.350038 0.843125
0.728504 0.749706
0.403753 0.380002
0.130368 0.45134
0.634631 0.241511
0.967172 0.430407
0.00356787 0.819589
0.515431 0.101547
0.646496 0.896552
0.799773 0.0836507
0.0813727 0.924193
0.249259 0.312085
0.724268 0.5171
0.644507 0.360167
0.730758 0.230911
0.97342 0.974697
0.968433 0.00713366
0.683934 0.0103261
0.968025 0.87643
0.220517 0.12858
0.227487 0.696908
0.824478 0.582831
0.385884 0.627562
0.384029 0.495165
0.335456 0.661069
0.0272735 0.418222
0.952258 0.0542371
0.665679 0.244638
0.396258 0.124317
0.194743 0.525806
0.16221 0.963303
0.751625 0.927998
0.649281 0.520961
0.932289 0.277274
0.447344 0.151551
0.0563253 0.159512
0.901279 0.385483
0.726644 0.0272552
0.253311 0.899703
0.701149 0.95566
0.79881 0.746322
0.0143876 0.768955
0.48005 0.362835
0.482272 0.411324
0.757831 0.624517
0.563387 0.876439
0.69571 0.0602902
0.455723 0.743087
0.376287 0.57129
0.559404 0.834918
0.105502 0.156515
0.972435 0.723895
0.11295 0.491193
0.495273 0.666487
0.991917 0.15004
0.867094 0.742625
0.198523 0.456437
0.853455 0.180912
0.205682 0.592013
0.990427 0.960805
0.743887 0.552735
0.302555 0.403773
0.375871 0.359288
0.876591 0.330374
0.76426 0.308501
0.932837 0.0263775
0.90961 0.322071
0.376703 0.845853
0.306875 0.726173
0.78132 0.49296
0.355646 0.78263
0.320715 0.377973
0.0812822 0.177726
0.940662 0.498929
0.374367 0.0370119
0.219951 0.761799
0.567793 0.312108
0.536756 0.2694
0.184308 0.223662
0.336253 0.188465
0.938436 0.684114
0.0677213 0.821727
0.532498 0.943869
0.0271318 0.139071
0.938785 0.191711
0.0465881 0.304842
0.883863 0.428304
0.64841 0.777619
0.363894 0.24074
0.412083 0.820847
0.58307 0.747872
0.212855 0.662083
0.506114 0.220652
0.50798 0.266622
0.824777 0.696251
0.588946 0.927821
0.932702 0.435879
0.574872 0.457255
0.702525 0.357266
0.901196 0.571304
0.500105 0.598715
0.269924 0.289312
0.606721 0.468051
0.929515 0.864207
0.788516 0.956089
0.366348 0.081515
0.0808941 0.618856
0.416639 0.107959
0.470424 0.113033
0.871978 0.142489
0.653748 0.607291
0.0458877 0.391171
0.516269 0.518416
0.918245 0.723048
0.165307 0.730476
0.670077 0.157112
0.988331 0.108926
0.0130289 0.867337
0.964272 0.904014
0.784367 0.0213592
0.638284 0.690382
0.489314 0.545389
0.0738168 0.796548
0.242794 0.856228
0.377092 0.502194
0.517302 0.00762158
0.63203 0.18667
0.4125 0.746871
0.0360665 0.11773
0.29374 0.500153
0.602276 0.420949
0.258723 0.0979662
0.210765 0.352941
0.883443 0.0702644
0.601069 0.293915
0.336335 0.0124659
0.476745 0.0831165
0.0779475 0.297321
0.305201 0.0633973
0.281334 0.991774
0.621031 0.06642
0.489616 0.738373
0.567213 0.407967
0.389456 0.157962
0.551866 0.421971
0.831398 0.747543
0.154112 0.677727
0.845216 0.395397
0.750354 0.287156
0.611534 0.856266
0.125222 0.806563
0.525697 0.560638
0.93972 0.956766
0.679632 0.36325
0.589145 0.0975449
0.151589 0.056199
0.570756 0.237456
0.851758 0.480031
0.844697 0.447003
0.663389 0.347628
0.223516 0.0749586
0.403207 0.899622
0.93666 0.147564
0.608508 0.568325
0.93991 0.524531
0.14127 0.712944
0.158594 0.503095
0.305066 0.0905367
0.864299 0.054119
0.411487 0.947965
0.871704 0.273195
0.377023 0.932417
0.148385 0.561859
0.268939 0.379871
0.814977 0.979414
0.24723 0.333379
0.704779 0.786398
0.0744274 0.2108
0.608909 0.51127
0.619412 0.802307
0.904749 0.602829
0.34208 0.107761
0.0109485 0.901751
0.378518 0.00159849
0.7022 0.611858
0.831726 0.663588
0.981441 0.616906
0.978157 0.368201
0.638145 0.954903
0.219013 0.170464
0.220975 0.513467
0.783023 0.709609
0.730799 0.0720942
0.0923038 0.042308
0.0599684 0.560548
0.965689 0.477606
0.225399 0.613802
0.261568 0.456322
0.632888 0.143559
0.93466 0.416564
0.466046 0.400542
0.0774544 0.72408
0.905043 0.0661997
0.335882 0.938273
0.921536 0.115615
0.402425 0.172646
0.480107 0.62302
0.897818 0.938539
0.390757 0.0898715
0.729701 0.328641
0.874118 0.474762
0.0820765 0.455182
0.715738 0.922804
0.257204 0.78805
0.61145 0.190574
0.475376 0.588767
0.0544194 0.330914
0.278097 0.451542
0.0588784 0.206738
0.275081 0.00107755
0.830485 0.9254
0.82378 0.237142
0.234583 0.393932
0.275526 0.265363
0.352052 0.602163
0.823966 0.510332
0.149248 0.912507
0.71457 0.583915
0.323941 0.0312298
0.0675578 0.867374
0.623474 0.354952
0.975002 0.690575
0.972258 0.816472
0.346647 0.356756
0.453525 0.881008
0.303836 0.978985
0.479802 0.328194
0.458017 0.0566609
0.748255 0.0572272
0.552156 0.809616
0.180855 0.98866
0.265945 0.810368
0.675749 0.0869113
0.253772 0.0600974
0.449649 0.837841
0.762741 0.413991
0.270118 0.165869
0.701813 0.471938
0.336466 0.315277
0.313683 0.244945
0.152638 0.333849
0.257001 0.660327
0.69355 0.766866
0.289155 0.610806
0.148244 0.589602
0.655893 0.572157
0.713383 0.989545
0.979486 0.750021
0.841026 0.118447
0.729233 0.47905
0.931354 0.939283
0.0982527 0.245567
0.7445 0.111951
0.892423 0.320223
0.124847 0.242052
0.117524 0.467959
0.638787 0.497507
0.783772 0.593796
0.241055 0.149429
0.769425 0.638324
0.425236 0.292047
0.333975 0.978107
0.13923 0.292436
0.805216 0.224847
0.153951 0.394108
0.814382 0.393607
0.807229 0.962719
0.539688 0.720748
0.315256 0.638961
0.489686 0.946233
0.822602 0.886103
0.610593 0.753642
0.8906 0.688404
0.24927 0.225606
0.714581 0.717727
0.294289 0.345522
0.68321 0.915775
0.762355 0.588155
0.873629 0.0117367
0.0157921 0.251755
0.370286 0.814224
0.838025 0.758724
0.774719 0.0748261
0.589169 0.61264
0.466481 0.198033
0.27959 0.632417
0.733758 0.270286
0.879801 0.906752
0.712679 0.440319
0.29525 0.433662
0.0600472 0.443109
0.64937 0.871764
0.757438 0.798217
0.489275 0.124882
0.425995 0.245052
0.586038 0.507363
0.0962922 0.0232654
0.818618 0.0549513
0.968925 0.552273
0.44198 0.0143408
0.561002 0.535983
0.121016 0.767681
0.557707 0.929023
0.741216 0.503495
0.823152 0.0299189
0.947259 0.79091
0.168113 0.828697
0.336165 0.523753
0.440564 0.368364
0.0384895 0.156246
0.86577 0.591544
0.465752 0.538667
0.322504 0.685962
0.39284 0.799377
0.857105 0.833781
0.856432 0.521963
0.416127 0.640357
0.593568 0.950763
0.42109 0.846776
0.235311 0.0193294
0.334283 0.167132
0.824157 0.795376
0.230965 0.292182
0.631067 0.471237
0.350599 0.303636
0.0664209 0.245681
0.307649 0.867107
0.553118 0.998115
0.27316 0.0351226
0.0450645 0.0161378
0.0104715 0.653698
0.546599 0.476901
0.0586948 0.538575
0.575885 0.970012
0.567626 0.598496
0.937367 0.623854
0.1763 0.100302
0.283117 0.898504
0.0509814 0.970844
0.693727 0.292137
0.0081499 0.241926
0.10731 0.303908
0.380179 0.261692
0.203115 0.799127
0.832688 0.490717
0.218261 0.438396
0.780146 0.546549
0.854329 0.958355
0.497197 0.459998
0.663167 0.0901687
0.335445 0.830351
0.00746647 0.538244
0.772817 0.183695
0.71133 0.67886
0.268062 0.103517
0.0327484 0.723142
0.682639 0.667904
0.697286 0.262369
0.461263 0.462485
0.0337004 0.923505
0.585415 0.190157
0.916158 0.642829
0.914669 0.4721
0.669672 0.753603
0.841105 0.313392
0.988302 0.693004
0.509354 0.303611
0.853043 0.418693
0.504855 0.0679825
0.392317 0.310136
0.468953 0.260573
0.682369 0.726599
0.184349 0.922606
0.418771 0.614777
0.631392 0.761032
0.27922 0.930425
0.926353 0.5424
0.748309 0.84005
0.417304 0.994382
0.84347 0.293178
0.766105 0.0437644
0.139036 0.973507
0.734218 0.700348
0.406817 0.462625
0.342051 0.470436
0.0662669 0.0653366
0.119619 0.545988
0.783324 0.269557
0.900143 0.967829
0.886043 0.760049
0.418355 0.728971
0.359647 0.58624
0.64828 0.72513
0.000212783 0.0414097
0.106607 0.697724
0.75155 0.880394
0.20417 0.912229
0.541621 0.487344
0.326316 0.0958976
0.449411 0.0913321
0.881467 0.131398
0.892118 0.474435
0.0663325 0.57855
0.737069 0.761101
0.830966 0.340672
0.696904 0.410082
0.107578 0.901877
0.588098 0.456529
0.508183 0.50992
0.729332 0.893053
0.0943789 0.580444
0.339173 0.618288
0.433432 0.676132
0.84689 0.627287
0.335759 0.55242
0.532345 0.667197
0.767221 0.971432
0.565941 0.0532347
0.770751 0.473217
0.148489 0.133483
0.994513 0.512867
0.392053 0.542392
0.642244 0.29901
0.118711 0.530872
0.942643 0.89592
0.113763 0.668173
0.109688 0.843327
0.676714 0.536702
0.846697 0.210218
0.967762 0.228038
0.175276 0.32099
0.19691 0.00427715
0.111705 0.432941
0.491741 0.860526
0.733601 0.943884
0.231067 0.00489997
0.664878 0.632485
0.579558 0.78132
0.310161 0.945848
0.122833 0.953153
0.542163 0.917384
0.510586 0.639945
0.830805 0.709784
0.140198 0.500108
0.594132 0.154736
0.25806 0.606134
0.820118 0.266552
0.864233 0.99754
0.441357 0.134869
0.505784 0.831257
0.706523 0.153247
0.144445 0.636162
0.619772 0.908595
0.19685 0.681007
0.8601 0.543562
0.809407 0.607457
0.192098 0.311776
0.036295 0.498906
0.188005 0.86763
0.134946 0.0793892
0.972438 0.588267
0.53525 0.0448226
0.924861 0.679537
0.949388 0.142391
0.209313 0.0351398
0.246468 0.881896
0.551216 0.629087
0.0830862 0.67533
0.789329 0.0126598
0.897843 0.428917
0.48758 0.307592
0.65165 0.993727
0.465689 0.709478
0.305246 0.482513
0.124244 0.272588
0.816952 0.539495
0.478788 0.973346
0.931934 0.838571
0.75466 0.663687
0.20514 0.834643
0.254036 0.680717
0.988321 0.40668
0.23972 0.205104
0.625989 0.319461
0.393854 0.86952
0.645345 0.83241
0.508407 0.14892
0.338644 0.743023
0.101675 0.616599
0.235691 0.637933
0.581349 0.128103
0.379251 0.0480693
0.296313 0.552721
0.992143 0.922112
0.715228 0.189382
0.391569 0.960853
0.643429 0.449841
0.282511 0.196944
0.016598 0.0231826
0.573921 0.084929
0.48586 0.780744
0.913783 0.203682
0.422189 0.0770729
0.522853 0.790223
0.0336948 0.281496
0.361204 0.659127
0.30971 0.826948
0.309252 0.277641
0.269148 0.942991
0.823912 0.354419
0.910929 0.160024
0.802256 0.85533
0.618914 0.100232
0.845246 0.869646
0.785694 0.7341
0.938971 0.597531
0.70851 0.864096
0.514378 0.991694
0.442682 0.574822
0.445765 0.399501
0.890884 0.0240876
0.348859 0.775775
0.635427 0.657106
0.212728 0.874549
0.0998378 0.731914
0.113905 0.147498
0.427151 0.0487729
0.843812 0.799535
0.158224 0.763814
0.926809 0.100978
0.814569 0.178221
0.435666 0.711804
0.0738558 0.516641
0.513753 0.748614
0.841586 0.938588
0.427925 0.327213
0.341706 0.494324
0.427335 0.98751
0.191727 0.769253
0.159452 0.256433
0.863436 0.269706
0.835665 0.0026343
0.825219 0.63642
0.493548 0.157113
0.742976 0.389051
0.355038 0.885591
0.796809 0.392539
0.899024 0.232357
