1.748543418943881989e-02 6.473037600517272949e-01
2.494492009282112122e-02 4.298212826251983643e-01
8.210763931274414062e-01 3.576639592647552490e-01
7.370612621307373047e-01 1.819341927766799927e-01
8.386909961700439453e-01 6.121566891670227051e-01
2.845812439918518066e-01 6.082779169082641602e-01
8.605958223342895508e-01 2.898066639900207520e-01
8.257478475570678711e-01 6.980831027030944824e-01
3.501916825771331787e-01 3.550440967082977295e-01
6.974759101867675781e-01 3.579194843769073486e-02
6.899666786193847656e-01 5.903669595718383789e-01
8.477005958557128906e-01 9.400903582572937012e-01
8.453268408775329590e-01 5.595927834510803223e-01
7.257391214370727539e-01 9.990442395210266113e-01
7.440435886383056641e-01 9.915810078382492065e-02
7.031409144401550293e-01 8.652613162994384766e-01
9.512214660644531250e-01 7.546783238649368286e-02
8.143449574708938599e-02 4.579697847366333008e-01
3.628534078598022461e-02 9.880285859107971191e-01
4.252420067787170410e-01 9.929532408714294434e-01
3.209896981716156006e-01 2.180458158254623413e-01
1.812004894018173218e-01 7.702857851982116699e-01
4.045222997665405273e-01 3.498862087726593018e-01
8.752229809761047363e-01 5.397821068763732910e-01
9.727679491043090820e-01 9.835333824157714844e-01
8.005019426345825195e-01 5.141322016716003418e-01
3.885903060436248779e-01 4.902166500687599182e-02
2.323070317506790161e-01 6.664346903562545776e-02
9.460534155368804932e-02 6.965093314647674561e-02
6.273046731948852539e-01 9.961179494857788086e-01
2.433956786990165710e-02 6.975576877593994141e-01
3.788755461573600769e-02 4.745604693889617920e-01
2.065520882606506348e-01 8.600224256515502930e-01
5.657434463500976562e-01 5.941888093948364258e-01
8.144394159317016602e-01 2.594742476940155029e-01
2.800989449024200439e-01 1.130316182971000671e-01
8.455554246902465820e-01 8.343271613121032715e-01
9.741288423538208008e-01 7.721344232559204102e-01
2.483939528465270996e-01 7.902632951736450195e-01
3.501496315002441406e-01 2.132123112678527832e-01
4.855525493621826172e-01 9.851897358894348145e-01
9.101838469505310059e-01 8.161798715591430664e-01
1.292161345481872559e-01 5.386180281639099121e-01
7.314488291740417480e-01 4.940535128116607666e-01
5.375360846519470215e-01 6.862882971763610840e-01
4.288400411605834961e-01 6.706532090902328491e-02
3.600012063980102539e-01 3.069941699504852295e-02
1.860687509179115295e-02 7.608248591423034668e-01
4.065677523612976074e-01 8.501335382461547852e-01
7.198247313499450684e-01 7.421393990516662598e-01
9.605854153633117676e-01 6.082679629325866699e-01
4.708286821842193604e-01 9.116530418395996094e-01
8.364059776067733765e-02 9.702977538108825684e-01
9.232387542724609375e-01 9.001002907752990723e-01
4.629466533660888672e-01 7.173186540603637695e-01
8.595304191112518311e-02 2.980534732341766357e-01
9.221776127815246582e-01 8.522678613662719727e-01
3.225085139274597168e-01 5.819966793060302734e-01
2.139046639204025269e-01 7.310783863067626953e-02
7.250569295138120651e-03 8.351107835769653320e-01
7.218979597091674805e-01 5.610842108726501465e-01
1.566016077995300293e-01 7.580969929695129395e-01
4.023225605487823486e-01 5.773860216140747070e-01
3.639218807220458984e-01 6.278733015060424805e-01
7.889201045036315918e-01 5.211205780506134033e-02
2.861890792846679688e-01 9.925323128700256348e-01
4.935036897659301758e-01 7.641124129295349121e-01
6.980517506599426270e-01 2.289545685052871704e-01
7.164680361747741699e-01 3.584818840026855469e-01
8.577220439910888672e-01 7.493698596954345703e-01
2.344073653221130371e-01 5.784886479377746582e-01
6.441369056701660156e-01 9.717426300048828125e-01
7.510776817798614502e-02 5.160176157951354980e-01
6.075533628463745117e-01 6.500351428985595703e-01
2.033550739288330078e-01 2.767988145351409912e-01
5.529521703720092773e-01 2.118703573942184448e-01
6.442491412162780762e-01 8.478200435638427734e-01
5.124809220433235168e-02 1.693726927042007446e-01
5.171868205070495605e-01 9.601756185293197632e-02
4.432723820209503174e-01 1.269191503524780273e-01
5.432155132293701172e-01 4.703480005264282227e-01
3.883866071701049805e-01 6.846174597740173340e-01
4.360465705394744873e-01 3.743568658828735352e-01
1.556583214551210403e-02 3.412016928195953369e-01
3.544993102550506592e-01 8.074525594711303711e-01
1.597843170166015625e-01 2.791666090488433838e-01
5.627934932708740234e-01 8.659477531909942627e-02
9.678027033805847168e-01 1.642635166645050049e-01
4.138175249099731445e-01 2.813035622239112854e-03
2.827017009258270264e-01 6.305397152900695801e-01
9.690111279487609863e-01 4.309417605400085449e-01
9.765700101852416992e-01 6.429938673973083496e-01
1.269131302833557129e-01 3.975833654403686523e-01
2.330655604600906372e-01 5.214576721191406250e-01
5.807195901870727539e-01 7.670419812202453613e-01
2.530721426010131836e-01 8.231939077377319336e-01
3.673968911170959473e-01 7.229094505310058594e-01
8.436169028282165527e-01 9.249246716499328613e-01
5.901506543159484863e-01 6.839690208435058594e-01
4.718800783157348633e-01 4.632955789566040039e-01
7.733076810836791992e-01 6.927760690450668335e-02
4.670056104660034180e-01 4.049613475799560547e-01
8.109643459320068359e-01 9.215740561485290527e-01
1.910320073366165161e-01 9.232069253921508789e-01
4.467087984085083008e-01 8.281455039978027344e-01
8.171800971031188965e-01 1.969517320394515991e-01
8.627277612686157227e-01 1.055948585271835327e-01
6.192376613616943359e-01 8.123831748962402344e-01
3.059972524642944336e-01 7.464732974767684937e-02
8.513716459274291992e-01 3.046998381614685059e-01
6.613662838935852051e-01 3.144985735416412354e-01
8.283268213272094727e-01 1.670847833156585693e-01
2.551053166389465332e-01 4.621847867965698242e-01
7.964667081832885742e-01 7.107809185981750488e-01
3.360576927661895752e-01 7.653778046369552612e-02
8.225005865097045898e-02 3.474217057228088379e-01
1.598253101110458374e-01 5.579582452774047852e-01
7.307883501052856445e-01 2.949729561805725098e-01
3.840593099594116211e-01 4.301558434963226318e-01
7.002483606338500977e-01 1.682043075561523438e-04
8.648774027824401855e-01 1.472975909709930420e-01
2.307450771331787109e-01 4.497840702533721924e-01
7.567251920700073242e-01 4.010906517505645752e-01
9.786543846130371094e-01 3.061679303646087646e-01
7.722329497337341309e-01 8.914469480514526367e-01
3.369638025760650635e-01 1.651326864957809448e-01
6.893135905265808105e-01 5.133736133575439453e-01
1.247307211160659790e-01 1.130499970167875290e-02
2.091757208108901978e-01 4.150390326976776123e-01
9.970678687095642090e-01 7.920386195182800293e-01
7.143296003341674805e-01 9.195985198020935059e-01
1.706756353378295898e-01 1.974812336266040802e-02
5.876360535621643066e-01 5.765200257301330566e-01
9.930179715156555176e-01 8.603528738021850586e-01
7.575366497039794922e-01 6.302849650382995605e-01
2.417208254337310791e-01 2.958195805549621582e-01
5.263341069221496582e-01 9.173113107681274414e-01
8.295722305774688721e-02 1.816444396972656250e-01
2.175463736057281494e-02 5.460487604141235352e-01
5.373774170875549316e-01 8.583834767341613770e-01
4.608867168426513672e-01 4.701221585273742676e-01
3.650440871715545654e-01 4.146462976932525635e-01
1.369940042495727539e-01 2.190195322036743164e-01
5.061962455511093140e-02 9.261131882667541504e-01
1.988323777914047241e-01 9.944813847541809082e-01
5.713702440261840820e-01 3.452595472335815430e-01
6.884280443191528320e-01 7.133440375328063965e-01
4.839882850646972656e-01 6.180556416511535645e-01
6.476087570190429688e-01 4.557535350322723389e-01
7.793760895729064941e-01 4.522084891796112061e-01
5.687274411320686340e-02 8.604643344879150391e-01
2.992519438266754150e-01 5.201625227928161621e-01
3.081144690513610840e-01 7.767015099525451660e-01
9.158457517623901367e-01 3.721498847007751465e-01
1.783640980720520020e-01 6.695140600204467773e-01
5.148624777793884277e-01 1.954401433467864990e-01
8.828287124633789062e-01 4.370394349098205566e-01
7.193940877914428711e-01 3.862214982509613037e-01
8.095805048942565918e-01 3.823665976524353027e-01
5.818313360214233398e-01 9.553549885749816895e-01
6.498362421989440918e-01 6.583720445632934570e-02
8.722844719886779785e-02 1.290246546268463135e-01
5.139408111572265625e-01 6.201646327972412109e-01
1.864998489618301392e-01 8.020431995391845703e-01
1.182837337255477905e-01 6.346845030784606934e-01
5.677164793014526367e-01 3.106736540794372559e-01
1.320799142122268677e-01 6.585273146629333496e-01
7.922461256384849548e-03 8.472289890050888062e-02
3.539757430553436279e-01 2.878674566745758057e-01
7.822346687316894531e-01 5.576944947242736816e-01
1.070169508457183838e-01 7.743613123893737793e-01
1.987664252519607544e-01 1.424012482166290283e-01
1.044282317161560059e-02 9.365556836128234863e-01
4.172799587249755859e-01 1.805636733770370483e-01
5.724407434463500977e-01 2.186564952135086060e-01
1.820547878742218018e-01 4.964452385902404785e-01
2.718693017959594727e-01 8.981828689575195312e-01
4.008027315139770508e-01 2.907019257545471191e-01
6.167618036270141602e-01 5.164625644683837891e-01
3.251392245292663574e-01 4.083576798439025879e-01
2.562536597251892090e-01 7.080060839653015137e-01
3.196456432342529297e-01 8.570602536201477051e-01
3.643520176410675049e-01 6.411407589912414551e-01
2.172824591398239136e-01 9.143052101135253906e-01
4.160324633121490479e-01 2.643134891986846924e-01
1.165047138929367065e-01 8.532583713531494141e-01
6.450433284044265747e-02 4.009872376918792725e-01
2.663010060787200928e-01 3.504380583763122559e-01
9.291748404502868652e-01 1.430341452360153198e-01
5.717051625251770020e-01 8.335895538330078125e-01
6.331946253776550293e-01 4.210590422153472900e-01
6.721720695495605469e-01 8.283680677413940430e-01
3.317046761512756348e-01 9.369505047798156738e-01
9.193723201751708984e-01 7.534814476966857910e-01
5.380008220672607422e-01 4.451284408569335938e-01
8.864094018936157227e-01 2.370980195701122284e-02
9.153702855110168457e-01 1.575041711330413818e-01
1.157029345631599426e-01 9.455638527870178223e-01
8.429600596427917480e-01 3.457662463188171387e-02
5.517679452896118164e-01 9.438019394874572754e-01
5.592419579625129700e-02 7.227892875671386719e-01
4.907020926475524902e-01 7.785901427268981934e-01
9.472105503082275391e-01 9.376608133316040039e-01
3.982902169227600098e-01 5.641629099845886230e-01
4.271610081195831299e-01 6.216047406196594238e-01
9.766846299171447754e-01 2.284071296453475952e-01
7.900506258010864258e-01 6.185539364814758301e-01
5.155170708894729614e-02 2.291916757822036743e-01
2.832113765180110931e-02 2.392805963754653931e-01
7.371129989624023438e-01 1.124919503927230835e-01
9.325417131185531616e-02 6.500138640403747559e-01
6.341255903244018555e-01 5.163958668708801270e-01
6.450616121292114258e-01 1.340583413839340210e-01
9.098630547523498535e-01 5.591682195663452148e-01
6.734269261360168457e-01 6.174973249435424805e-01
7.270749211311340332e-01 7.977092266082763672e-01
5.091403126716613770e-01 7.080320119857788086e-01
3.519252836704254150e-01 7.354970574378967285e-01
8.536134362220764160e-01 3.647716641426086426e-01
6.602085828781127930e-01 7.062042951583862305e-01
4.679954349994659424e-01 9.814832806587219238e-01
4.986245930194854736e-01 4.168262481689453125e-01
9.128119945526123047e-01 4.872460961341857910e-01
5.493333935737609863e-01 2.383693680167198181e-02
4.930374920368194580e-01 2.657948434352874756e-01
4.692701995372772217e-01 3.238219916820526123e-01
6.430259943008422852e-01 9.995893388986587524e-02
7.058421373367309570e-01 2.695970237255096436e-01
6.157729625701904297e-01 3.170986771583557129e-01
2.450591921806335449e-01 3.837185204029083252e-01
4.788513779640197754e-01 2.559485733509063721e-01
5.000788569450378418e-01 8.350057601928710938e-01
2.055348306894302368e-01 2.555502057075500488e-01
2.559529542922973633e-01 9.947924613952636719e-01
5.208456516265869141e-01 5.991751551628112793e-01
8.589825779199600220e-02 9.611463546752929688e-02
7.059893757104873657e-02 2.778878994286060333e-02
4.907645583152770996e-01 1.298267245292663574e-01
4.703747928142547607e-01 5.161166191101074219e-01
7.520112395286560059e-01 8.430308103561401367e-01
7.276492714881896973e-01 7.184250950813293457e-01
2.906837761402130127e-01 4.809101521968841553e-01
9.388831257820129395e-01 2.838253676891326904e-01
3.848684206604957581e-02 5.892807245254516602e-01
1.939312368631362915e-01 6.971293091773986816e-01
6.122925281524658203e-01 2.043799608945846558e-01
1.688433885574340820e-01 6.047376990318298340e-01
2.771623730659484863e-01 2.951947450637817383e-01
5.911185741424560547e-01 5.109376907348632812e-01
2.030515819787979126e-01 1.876564770936965942e-01
5.912790894508361816e-01 1.483403742313385010e-01
3.690624535083770752e-01 1.103027835488319397e-01
6.994843482971191406e-01 9.168727993965148926e-01
9.611065387725830078e-01 3.912788331508636475e-01
9.063498973846435547e-01 2.026202082633972168e-01
9.065737128257751465e-01 6.933752298355102539e-01
