1.011497378349304199e-01 7.808144688606262207e-01
9.773014783859252930e-01 3.699045777320861816e-01
1.807690113782882690e-01 6.168115139007568359e-01
9.282709956169128418e-01 4.941546916961669922e-01
4.312947392463684082e-01 1.044257506728172302e-01
2.759388089179992676e-01 4.331179261207580566e-01
2.185275107622146606e-01 1.130876615643501282e-01
3.007512688636779785e-01 3.052588999271392822e-01
2.001483142375946045e-01 2.656251192092895508e-01
3.361170291900634766e-01 3.134028315544128418e-01
8.474161624908447266e-01 6.668755412101745605e-02
8.367570042610168457e-01 7.323582172393798828e-01
8.070648312568664551e-01 1.650782972574234009e-01
1.750933565199375153e-02 1.012302041053771973e-01
7.422654032707214355e-01 6.701560616493225098e-01
7.872436046600341797e-01 2.806301414966583252e-01
8.645827174186706543e-01 8.310075849294662476e-03
4.234742820262908936e-01 7.502931356430053711e-01
3.880217075347900391e-01 7.794038057327270508e-01
8.697404861450195312e-01 5.171484351158142090e-01
5.975614786148071289e-01 6.581748723983764648e-01
6.953147649765014648e-01 5.675711035728454590e-01
1.217836663126945496e-01 6.730039119720458984e-01
5.791967511177062988e-01 4.411952793598175049e-01
7.201960086822509766e-01 8.596067428588867188e-01
4.999208450317382812e-01 7.405836582183837891e-01
4.107783734798431396e-01 5.106802582740783691e-01
6.566241383552551270e-01 2.949549555778503418e-01
1.775029897689819336e-01 4.303326606750488281e-01
9.340863823890686035e-01 4.204791188240051270e-01
9.424282908439636230e-01 5.769481062889099121e-01
2.222990840673446655e-01 4.362542331218719482e-01
7.526593804359436035e-01 6.844375729560852051e-01
5.252335593104362488e-02 1.864473223686218262e-01
1.885903477668762207e-01 8.001018762588500977e-01
7.463185191154479980e-01 9.571064114570617676e-01
1.101961657404899597e-01 4.455828368663787842e-01
5.247660279273986816e-01 4.467346668243408203e-01
3.132372796535491943e-01 1.410425305366516113e-01
4.723512232303619385e-01 5.591863989830017090e-01
7.120399475097656250e-01 4.606195390224456787e-01
5.994105935096740723e-01 8.845551609992980957e-01
4.645863175392150879e-01 9.429625272750854492e-01
5.257483720779418945e-01 8.744640946388244629e-01
5.909802317619323730e-01 7.378752231597900391e-01
9.767347574234008789e-01 1.558895707130432129e-01
6.894411444664001465e-01 8.888652920722961426e-02
6.823421716690063477e-01 7.560202479362487793e-01
3.746589124202728271e-01 6.323297023773193359e-01
9.357770681381225586e-01 3.227949440479278564e-01
8.740417957305908203e-01 4.189944267272949219e-01
4.112637341022491455e-01 2.412138432264328003e-01
7.183145284652709961e-01 7.979905605316162109e-01
8.576161861419677734e-01 2.540369629859924316e-01
5.512197017669677734e-01 3.303734660148620605e-01
4.880102872848510742e-01 8.401972055435180664e-01
7.450184822082519531e-01 8.814258873462677002e-02
5.730241909623146057e-02 9.253311753273010254e-01
5.831762552261352539e-01 9.540660381317138672e-01
9.148356318473815918e-01 3.691447675228118896e-01
2.851378023624420166e-01 5.316774845123291016e-01
7.013567686080932617e-01 1.387830078601837158e-01
2.692267596721649170e-01 9.639509320259094238e-01
2.943471074104309082e-01 6.253758072853088379e-02
3.708784580230712891e-01 5.697157979011535645e-01
1.752143949270248413e-01 9.584551453590393066e-01
7.457848787307739258e-01 6.075949072837829590e-01
6.372942924499511719e-01 8.397933840751647949e-01
3.145289421081542969e-01 6.218013167381286621e-01
4.519512355327606201e-01 3.111310675740242004e-02
4.490568935871124268e-01 5.935350060462951660e-01
5.709890723228454590e-01 4.601108729839324951e-01
8.154143393039703369e-02 4.151441454887390137e-01
2.482292056083679199e-01 7.937688827514648438e-01
8.689080178737640381e-02 8.682660460472106934e-01
8.799166083335876465e-01 9.335592389106750488e-01
2.678802609443664551e-01 3.238846063613891602e-01
4.241387844085693359e-01 6.992543339729309082e-01
5.222613215446472168e-01 6.904558539390563965e-01
5.845347791910171509e-02 3.469142019748687744e-01
9.987283349037170410e-01 4.879115819931030273e-01
9.474756717681884766e-01 2.864059060811996460e-02
7.656288743019104004e-01 3.632540404796600342e-01
9.792233705520629883e-01 7.741611599922180176e-01
2.323298752307891846e-01 2.542350888252258301e-01
6.019095182418823242e-01 6.118733063340187073e-02
1.293823271989822388e-01 6.946770846843719482e-02
9.623376131057739258e-01 1.033638194203376770e-01
2.250398546457290649e-01 5.547419786453247070e-01
1.287927925586700439e-01 2.902888059616088867e-01
7.489655613899230957e-01 8.058061599731445312e-01
9.105609655380249023e-01 1.919088959693908691e-01
6.216661930084228516e-01 1.091484799981117249e-01
7.477774024009704590e-01 4.327047169208526611e-01
9.438548684120178223e-01 8.525931239128112793e-01
1.333311051130294800e-01 8.286398053169250488e-01
1.267901957035064697e-01 6.484578847885131836e-01
7.465784549713134766e-01 9.080699086189270020e-01
5.971374362707138062e-02 2.355705946683883667e-01
2.698954753577709198e-02 8.112666606903076172e-01
2.491457611322402954e-01 8.952640891075134277e-01
1.489413976669311523e-01 9.914274215698242188e-01
6.543471217155456543e-01 6.339926719665527344e-01
7.286827564239501953e-01 1.679391413927078247e-01
3.018072545528411865e-01 6.470345258712768555e-01
6.096410751342773438e-01 7.766371369361877441e-01
8.344620466232299805e-01 3.718229234218597412e-01
1.700301319360733032e-01 1.708442121744155884e-01
6.295130252838134766e-01 5.678035020828247070e-01
4.548920989036560059e-01 5.011450648307800293e-01
9.211425781250000000e-01 8.882725238800048828e-01
8.176296353340148926e-01 9.995010495185852051e-01
1.530875544995069504e-02 1.487607043236494064e-02
8.327859044075012207e-01 6.689680814743041992e-01
7.272249460220336914e-01 9.701756834983825684e-01
1.935768127441406250e-01 8.646956682205200195e-01
4.947166144847869873e-01 2.659198045730590820e-01
7.131795287132263184e-01 2.512943148612976074e-01
6.389589905738830566e-01 1.443867236375808716e-01
9.766519069671630859e-01 9.234678149223327637e-01
4.144656062126159668e-01 3.402701914310455322e-01
5.019723251461982727e-02 4.510166347026824951e-01
5.340694785118103027e-01 6.738083958625793457e-01
4.110553264617919922e-01 6.132137775421142578e-01
3.335462510585784912e-02 5.411336421966552734e-01
5.600994825363159180e-01 7.297975420951843262e-01
3.943514823913574219e-01 9.539534449577331543e-01
2.464430928230285645e-01 1.943991035223007202e-01
4.446626827120780945e-02 3.390625119209289551e-01
6.806625425815582275e-02 7.232521176338195801e-01
6.806485056877136230e-01 6.322550177574157715e-01
5.790298581123352051e-01 1.458082497119903564e-01
1.555749922990798950e-01 1.874176561832427979e-01
2.168969511985778809e-01 3.610905706882476807e-01
1.765072047710418701e-01 4.921324551105499268e-01
2.025951165705919266e-03 7.009518146514892578e-01
7.335492968559265137e-01 3.558551669120788574e-01
1.999995112419128418e-02 8.797624111175537109e-01
6.897663474082946777e-01 3.493565022945404053e-01
7.831512689590454102e-01 5.089036747813224792e-02
8.191436529159545898e-01 3.245212435722351074e-01
4.513148069381713867e-01 7.778706550598144531e-01
5.974208116531372070e-01 5.156988501548767090e-01
8.256684541702270508e-01 5.728118419647216797e-01
1.849911920726299286e-02 6.587451100349426270e-01
5.396514534950256348e-01 8.238670825958251953e-01
1.116399168968200684e-01 1.779074072837829590e-01
3.679544031620025635e-01 4.497071802616119385e-01
7.939811348915100098e-01 1.991329193115234375e-01
5.909735560417175293e-01 8.308590054512023926e-01
2.293982505798339844e-01 7.065414190292358398e-01
9.616505503654479980e-01 2.104382663965225220e-01
3.222630023956298828e-01 4.701917171478271484e-01
4.373970925807952881e-01 6.302589774131774902e-01
3.870080113410949707e-01 9.804431200027465820e-01
1.268927156925201416e-01 3.340046107769012451e-01
5.299020409584045410e-01 1.159951090812683105e-01
7.130768895149230957e-01 5.075856447219848633e-01
3.409906327724456787e-01 1.115113273262977600e-01
8.339689373970031738e-01 9.455159306526184082e-01
9.999447464942932129e-01 6.353614330291748047e-01
3.692911863327026367e-01 2.301562763750553131e-02
1.032994985580444336e-01 2.239952236413955688e-01
5.306034684181213379e-01 2.067540884017944336e-01
1.836941391229629517e-01 6.811875700950622559e-01
9.490726143121719360e-02 9.585476517677307129e-01
6.240257024765014648e-01 9.449209570884704590e-01
2.661267817020416260e-01 5.700898915529251099e-02
7.568991780281066895e-01 2.418317496776580811e-01
8.257386088371276855e-01 8.330798149108886719e-01
3.812397718429565430e-01 8.085369467735290527e-01
5.133998394012451172e-01 5.430017709732055664e-01
5.430806875228881836e-01 3.745497465133666992e-01
3.694490194320678711e-01 2.088439017534255981e-01
2.059115320444107056e-01 1.464627683162689209e-01
1.920984834432601929e-01 3.490232229232788086e-01
2.022810876369476318e-01 4.900182485580444336e-01
3.761668205261230469e-01 1.652891933917999268e-01
9.097704887390136719e-01 7.928543090820312500e-01
6.151910424232482910e-01 2.898547351360321045e-01
5.210880637168884277e-01 5.983740687370300293e-01
4.528147876262664795e-01 4.746926203370094299e-02
8.300024271011352539e-01 1.389769017696380615e-01
6.784140318632125854e-02 5.612028837203979492e-01
7.784695625305175781e-01 8.243432044982910156e-01
1.330552697181701660e-01 5.404884219169616699e-01
2.043317556381225586e-01 2.720140665769577026e-02
2.681119740009307861e-01 4.910611808300018311e-01
5.337295532226562500e-01 2.917550690472126007e-02
3.303264081478118896e-01 9.801284670829772949e-01
5.314719676971435547e-01 8.589746430516242981e-03
6.879578828811645508e-01 8.669240474700927734e-01
7.567132711410522461e-01 5.985973477363586426e-01
7.350739836692810059e-01 5.421543121337890625e-01
4.866223037242889404e-01 1.174613758921623230e-01
3.795178830623626709e-01 8.348388224840164185e-02
2.018920518457889557e-02 2.116062492132186890e-01
2.814562320709228516e-01 8.128585815429687500e-01
6.651977896690368652e-01 1.947502195835113525e-01
9.523149728775024414e-01 9.031023979187011719e-01
1.030034944415092468e-01 8.529222607612609863e-01
3.069976270198822021e-01 3.946878612041473389e-01
4.188539683818817139e-01 3.783361315727233887e-01
1.212996337562799454e-02 4.297002851963043213e-01
7.278228551149368286e-02 6.260250210762023926e-01
9.151502847671508789e-01 7.417063117027282715e-01
8.196207284927368164e-01 6.288701891899108887e-01
5.265097022056579590e-01 7.348726689815521240e-02
2.113712206482887268e-02 9.248796701431274414e-01
1.566080451011657715e-01 3.471653908491134644e-02
2.526955902576446533e-01 8.737060427665710449e-01
9.432778358459472656e-01 6.609751582145690918e-01
5.856713652610778809e-01 1.670227050781250000e-01
7.319918870925903320e-01 9.911289066076278687e-02
9.007083177566528320e-01 1.594764888286590576e-01
7.434055209159851074e-01 7.468757033348083496e-01
1.311046034097671509e-01 9.228847026824951172e-01
8.870757222175598145e-01 6.430158019065856934e-01
4.506327807903289795e-01 1.919606328010559082e-01
4.276332855224609375e-01 3.942473530769348145e-01
7.944586277008056641e-01 5.033764243125915527e-01
2.844996377825737000e-02 7.208273410797119141e-01
8.326084613800048828e-01 8.458598852157592773e-01
8.508765697479248047e-01 8.765996992588043213e-02
8.733322024345397949e-01 4.854230582714080811e-01
8.313562273979187012e-01 2.302452027797698975e-01
4.910316467285156250e-01 4.632792174816131592e-01
5.921591520309448242e-01 3.029285967350006104e-01
1.866639554500579834e-01 5.402194261550903320e-01
7.632017135620117188e-01 4.363301694393157959e-01
1.504594981670379639e-01 8.926464617252349854e-02
2.251976132392883301e-01 6.538663506507873535e-01
5.757035613059997559e-01 3.686697185039520264e-01
3.538556098937988281e-01 7.211473584175109863e-01
6.984568387269973755e-02 6.215772032737731934e-02
9.175673127174377441e-01 7.135575413703918457e-01
4.272474646568298340e-01 9.089454412460327148e-01
3.834369182586669922e-01 2.953251004219055176e-01
3.198457658290863037e-01 7.220636606216430664e-01
3.838165998458862305e-01 8.674615621566772461e-01
9.102639555931091309e-01 2.327809855341911316e-02
2.703369259834289551e-01 5.911611914634704590e-01
9.522002339363098145e-01 5.159434676170349121e-01
6.187312602996826172e-01 6.373204588890075684e-01
6.214333772659301758e-01 4.776796698570251465e-01
9.198079705238342285e-01 2.653844952583312988e-01
8.797371983528137207e-01 8.578912615776062012e-01
6.245551109313964844e-01 2.137290686368942261e-01
4.522788822650909424e-01 2.882121801376342773e-01
2.033578604459762573e-01 7.687257528305053711e-01
4.140039980411529541e-01 8.708742260932922363e-01
1.859591342508792877e-02 5.157813057303428650e-02
4.469430744647979736e-01 3.654649853706359863e-01
3.165267109870910645e-01 8.447278738021850586e-01
6.199367046356201172e-01 6.356253288686275482e-03
3.219608962535858154e-01 2.008730024099349976e-01
