4.581366181373596191e-01 7.325460910797119141e-01
4.832999110221862793e-01 8.107196092605590820e-01
2.690519392490386963e-01 1.196917220950126648e-01
4.740378260612487793e-01 6.973787546157836914e-01
7.126896381378173828e-01 7.599238157272338867e-01
6.941379308700561523e-01 4.784441888332366943e-01
9.691802859306335449e-01 6.357461214065551758e-01
9.811387658119201660e-01 3.448027074337005615e-01
3.695865571498870850e-01 1.795751750469207764e-01
2.970607280731201172e-01 4.732120335102081299e-01
2.466402351856231689e-01 4.857637584209442139e-01
9.166373610496520996e-01 4.319091141223907471e-01
3.995760083198547363e-01 9.920952916145324707e-01
3.339425623416900635e-01 7.249955534934997559e-01
6.821229457855224609e-01 5.065107941627502441e-01
2.100056856870651245e-01 1.460349261760711670e-01
5.373926162719726562e-01 7.502945661544799805e-01
9.317955970764160156e-01 7.696892619132995605e-01
8.423855155706405640e-02 2.918083667755126953e-01
5.065041184425354004e-01 7.778093218803405762e-01
8.044007420539855957e-01 1.077628061175346375e-01
6.128194928169250488e-01 7.090622782707214355e-01
2.013066709041595459e-01 2.115373164415359497e-01
1.604827642440795898e-01 5.598186254501342773e-01
8.059555888175964355e-01 9.327489137649536133e-01
8.495147228240966797e-01 9.448180198669433594e-01
6.886690258979797363e-01 3.029085509479045868e-02
2.904072403907775879e-01 3.908021450042724609e-01
6.521713137626647949e-01 8.329676985740661621e-01
4.686452448368072510e-01 5.393309146165847778e-02
4.163004830479621887e-02 1.769285351037979126e-01
9.807037115097045898e-01 9.168496727943420410e-02
9.716436266899108887e-03 1.092461682856082916e-02
7.309195995330810547e-01 9.867277741432189941e-01
8.778778314590454102e-01 2.311546802520751953e-01
1.947089135646820068e-01 4.791414439678192139e-01
4.944748878479003906e-01 9.666301608085632324e-01
6.528422832489013672e-01 5.245246291160583496e-01
8.505685925483703613e-01 1.467982232570648193e-01
6.252467036247253418e-01 3.603124916553497314e-01
2.383931167423725128e-02 3.468187153339385986e-01
9.139118790626525879e-01 9.027755260467529297e-01
5.014937743544578552e-02 4.135074093937873840e-02
5.073590874671936035e-01 4.242435097694396973e-02
8.754698038101196289e-01 8.255248069763183594e-01
1.350804269313812256e-01 1.064745038747787476e-01
3.842900693416595459e-01 8.816884160041809082e-01
4.010133743286132812e-01 4.857621192932128906e-01
7.432889938354492188e-01 4.616520106792449951e-01
9.989138841629028320e-01 4.069732427597045898e-01
3.558648228645324707e-01 2.691035270690917969e-01
4.341593086719512939e-01 9.572535157203674316e-01
9.358006715774536133e-01 2.808080911636352539e-01
2.747780680656433105e-01 7.520843744277954102e-01
2.910060286521911621e-01 9.821119308471679688e-01
2.238748073577880859e-01 9.273906350135803223e-01
9.508144110441207886e-02 4.489426314830780029e-01
6.949075460433959961e-01 7.952277660369873047e-01
5.282036215066909790e-02 8.586826324462890625e-01
4.360903203487396240e-01 6.862549185752868652e-01
7.781678438186645508e-01 6.914044916629791260e-02
5.519868135452270508e-01 5.398055315017700195e-01
3.832713663578033447e-01 2.309500873088836670e-01
5.068089962005615234e-01 4.562143087387084961e-01
5.503042340278625488e-01 3.748568296432495117e-01
8.069787621498107910e-01 7.089208364486694336e-01
1.831377297639846802e-02 4.881492257118225098e-01
5.754296779632568359e-01 2.168122492730617523e-02
1.337921917438507080e-01 3.448477089405059814e-01
3.866460323333740234e-01 8.977853655815124512e-01
4.891797006130218506e-01 3.415521681308746338e-01
8.341771364212036133e-01 8.192006945610046387e-01
4.267969727516174316e-01 8.148329854011535645e-01
8.412445783615112305e-01 4.768722355365753174e-01
8.247808218002319336e-01 1.245657075196504593e-02
8.543773293495178223e-01 2.553532421588897705e-01
4.187355935573577881e-01 1.151723340153694153e-01
2.594117224216461182e-01 9.127215743064880371e-01
4.099592566490173340e-02 3.904475569725036621e-01
8.851326704025268555e-01 4.896572232246398926e-01
5.857812762260437012e-01 9.616085290908813477e-01
5.792754292488098145e-01 2.748528122901916504e-01
8.528484106063842773e-01 8.542128205299377441e-01
1.052238270640373230e-01 7.907387018203735352e-01
6.165905594825744629e-01 6.205901876091957092e-02
6.343483924865722656e-01 8.613644838333129883e-01
8.343448042869567871e-01 3.057629168033599854e-01
7.605234980583190918e-01 9.304302930831909180e-01
4.435274600982666016e-01 4.271384477615356445e-01
7.679376006126403809e-01 7.289446592330932617e-01
7.397020459175109863e-01 2.068856507539749146e-01
8.144783377647399902e-01 1.656770706176757812e-03
6.336567997932434082e-01 1.098664402961730957e-01
1.391717046499252319e-01 1.766100078821182251e-01
2.037638276815414429e-01 2.308939397335052490e-01
3.888847231864929199e-01 4.417532086372375488e-01
8.866565227508544922e-01 9.162909537553787231e-02
1.796748638153076172e-01 5.258128046989440918e-01
1.404147297143936157e-01 8.572404384613037109e-01
5.020886063575744629e-01 4.355387091636657715e-01
5.084024071693420410e-01 2.665769755840301514e-01
7.230568528175354004e-01 8.748629093170166016e-01
7.651955634355545044e-02 8.800916075706481934e-01
4.539074897766113281e-01 1.788032650947570801e-01
5.272682309150695801e-01 4.608860313892364502e-01
6.310648918151855469e-01 7.986150979995727539e-01
7.464662790298461914e-01 2.404132485389709473e-01
5.992633700370788574e-01 1.799996644258499146e-01
2.968094348907470703e-01 2.182615399360656738e-01
8.672741651535034180e-01 6.493266224861145020e-01
9.985321760177612305e-01 7.359886169433593750e-01
8.080399632453918457e-01 5.873351693153381348e-01
8.969674706459045410e-01 2.069261521100997925e-01
5.789011120796203613e-01 7.042430639266967773e-01
9.381101131439208984e-01 5.174499154090881348e-01
7.422864437103271484e-01 1.665360480546951294e-01
6.306693553924560547e-01 2.107363492250442505e-01
7.560042738914489746e-01 4.492122530937194824e-01
3.067225217819213867e-01 6.455828547477722168e-01
7.272407412528991699e-01 8.594627380371093750e-01
4.719898998737335205e-01 2.819885015487670898e-01
3.068547546863555908e-01 5.534069538116455078e-01
7.818426489830017090e-01 2.580434083938598633e-01
9.237306714057922363e-01 5.793506503105163574e-01
4.797720909118652344e-02 4.499226808547973633e-01
7.659898400306701660e-01 7.898785471916198730e-01
1.685367822647094727e-01 9.383088946342468262e-01
3.459079265594482422e-01 5.175326466560363770e-01
2.131665050983428955e-01 6.363801956176757812e-01
5.002995133399963379e-01 1.629086434841156006e-01
6.406838893890380859e-01 8.882883787155151367e-01
2.153509110212326050e-01 3.425381779670715332e-01
2.339827120304107666e-01 9.195984005928039551e-01
1.711701005697250366e-01 7.039531469345092773e-01
9.122699499130249023e-01 6.757843494415283203e-01
2.005936503410339355e-01 3.074302524328231812e-02
9.724692702293395996e-01 1.284985840320587158e-01
8.507499694824218750e-01 3.479653894901275635e-01
3.050929009914398193e-01 3.425810337066650391e-01
7.417237162590026855e-01 3.173823654651641846e-01
4.552291929721832275e-01 5.528687834739685059e-01
4.957015812397003174e-01 8.475629687309265137e-01
3.635461628437042236e-01 8.300690650939941406e-01
3.484056890010833740e-02 6.494997739791870117e-01
9.460492730140686035e-01 8.637004494667053223e-01
4.966690838336944580e-01 9.495160579681396484e-01
5.252748727798461914e-01 8.728581666946411133e-01
9.111315757036209106e-02 6.611003279685974121e-01
1.082323938608169556e-01 9.538782238960266113e-01
5.763685107231140137e-01 7.485105395317077637e-01
6.397863477468490601e-02 9.807462096214294434e-01
6.665641665458679199e-01 3.046725094318389893e-01
4.032708704471588135e-01 6.060374379158020020e-01
1.185991689562797546e-01 6.116444468498229980e-01
9.835408329963684082e-01 8.972681760787963867e-01
1.523635685443878174e-01 5.320917367935180664e-01
6.811338067054748535e-01 1.220391020178794861e-01
3.319323062896728516e-02 7.902591675519943237e-02
1.588251441717147827e-01 8.401491045951843262e-01
8.574962615966796875e-01 7.446133494377136230e-01
2.669779658317565918e-01 3.308426737785339355e-01
2.742594778537750244e-01 2.212608754634857178e-01
9.342380166053771973e-01 6.383669972419738770e-01
6.177486777305603027e-01 9.971751570701599121e-01
9.274479746818542480e-01 1.451226919889450073e-01
5.903102159500122070e-01 1.352817863225936890e-01
4.205152690410614014e-01 5.222293734550476074e-01
7.011506557464599609e-01 1.070127785205841064e-01
4.477251470088958740e-01 9.589938819408416748e-02
2.110071033239364624e-01 3.896097242832183838e-01
1.077366247773170471e-01 7.157297730445861816e-01
3.863764181733131409e-02 6.757503151893615723e-01
5.446511507034301758e-01 6.505093574523925781e-01
1.650933176279067993e-01 8.981530070304870605e-01
1.418650299310684204e-01 8.233972638845443726e-02
3.810862004756927490e-01 4.964779317378997803e-02
4.488078653812408447e-01 3.646866381168365479e-01
3.887672126293182373e-01 9.481295347213745117e-01
9.635872244834899902e-01 4.704540371894836426e-01
8.300753235816955566e-01 5.087269544601440430e-01
9.276952743530273438e-01 9.615694880485534668e-01
8.305897116661071777e-01 3.884506225585937500e-01
5.867122858762741089e-02 9.481315016746520996e-01
1.484605297446250916e-02 2.935488820075988770e-01
8.510111570358276367e-01 6.668873876333236694e-02
7.434834837913513184e-01 6.096966862678527832e-01
9.639061689376831055e-01 5.117758642882108688e-03
3.532698452472686768e-01 6.829035878181457520e-01
3.092777356505393982e-02 8.208734989166259766e-01
8.555775284767150879e-01 2.813148200511932373e-01
4.473052173852920532e-02 7.575792670249938965e-01
2.975527346134185791e-01 5.708610415458679199e-01
7.414525151252746582e-01 1.218240782618522644e-01
2.074348181486129761e-02 2.559945285320281982e-01
4.085091650485992432e-01 3.003002703189849854e-01
2.725765109062194824e-01 1.671471297740936279e-01
3.540250062942504883e-01 5.524204373359680176e-01
5.164277553558349609e-01 2.797227501869201660e-01
3.121836483478546143e-01 6.248133629560470581e-02
5.235403776168823242e-01 5.195096731185913086e-01
5.203346014022827148e-01 6.479457020759582520e-01
6.953319162130355835e-02 2.045301795005798340e-01
3.817615509033203125e-01 3.605933189392089844e-01
9.939687848091125488e-01 1.836555451154708862e-01
1.528591811656951904e-01 3.077258765697479248e-01
3.403539359569549561e-01 1.423516720533370972e-01
5.408740043640136719e-01 8.831405639648437500e-01
2.271862775087356567e-01 6.755170822143554688e-01
9.957565665245056152e-01 2.422004193067550659e-01
4.073866307735443115e-01 7.537717819213867188e-01
1.913868933916091919e-01 8.351907730102539062e-01
8.954677581787109375e-01 4.578433930873870850e-03
2.267715930938720703e-01 7.077673673629760742e-01
9.699082374572753906e-01 9.644010066986083984e-01
6.938423514366149902e-01 2.316840440034866333e-01
6.192516684532165527e-01 2.375670969486236572e-01
7.674431204795837402e-01 6.613684296607971191e-01
7.457853555679321289e-01 3.712204396724700928e-01
8.306564688682556152e-01 7.471510171890258789e-01
5.483491420745849609e-01 3.934461772441864014e-01
9.701162576675415039e-01 5.403261184692382812e-01
1.823524087667465210e-01 5.997469648718833923e-02
5.420371294021606445e-01 6.133900284767150879e-01
1.338401883840560913e-01 4.102306962013244629e-01
3.234595954418182373e-01 8.848257660865783691e-01
7.010769248008728027e-01 6.768487691879272461e-01
5.316954851150512695e-01 9.149365872144699097e-02
6.675536632537841797e-01 5.829932689666748047e-01
1.080273464322090149e-01 6.981465816497802734e-01
1.076452359557151794e-01 4.690175056457519531e-01
7.178230285644531250e-01 9.272370934486389160e-01
6.141325235366821289e-01 3.538972437381744385e-01
2.336640655994415283e-01 5.923079848289489746e-01
1.036955639719963074e-01 1.605839431285858154e-01
3.210687935352325439e-01 9.108121395111083984e-01
2.040334045886993408e-01 7.396583557128906250e-01
7.251181006431579590e-01 3.292624652385711670e-01
2.975734770298004150e-01 8.158960342407226562e-01
6.080234050750732422e-01 5.332877635955810547e-01
8.271108269691467285e-01 4.203189313411712646e-01
6.924977898597717285e-01 3.793838322162628174e-01
3.027625083923339844e-01 9.421772360801696777e-01
1.084371134638786316e-01 2.277891710400581360e-02
7.529982328414916992e-01 5.486382246017456055e-01
3.650594353675842285e-01 3.944239765405654907e-02
2.366624325513839722e-01 4.974070489406585693e-01
5.748691409826278687e-02 5.483430624008178711e-01
6.669415235519409180e-01 6.977491974830627441e-01
6.288151144981384277e-01 4.392891228199005127e-01
6.272240281105041504e-01 5.878825187683105469e-01
6.656330227851867676e-01 6.345553398132324219e-01
4.943782389163970947e-01 2.052289247512817383e-01
3.562842011451721191e-01 3.960327804088592529e-01
8.511993288993835449e-01 6.139381527900695801e-01
1.752654910087585449e-01 2.884451746940612793e-01
2.922122776508331299e-01 6.171595454216003418e-01
