1.821348518133163452e-01 8.852715790271759033e-02
9.529858231544494629e-01 2.068361192941665649e-01
2.362108379602432251e-01 4.691031202673912048e-02
9.989766478538513184e-01 5.115411877632141113e-01
1.926166117191314697e-01 7.431650161743164062e-01
9.537655115127563477e-01 4.448843896389007568e-01
5.254403352737426758e-01 5.608969330787658691e-01
8.902306556701660156e-01 8.142783492803573608e-02
3.539269864559173584e-01 1.290474086999893188e-01
3.770880401134490967e-01 4.301727712154388428e-01
4.670413732528686523e-01 8.018039464950561523e-01
9.587551355361938477e-01 7.858582735061645508e-01
7.779028415679931641e-01 9.686033725738525391e-01
9.505395889282226562e-01 3.589210808277130127e-01
7.688681483268737793e-01 1.621721088886260986e-01
5.115751624107360840e-01 8.886453509330749512e-01
2.957672178745269775e-01 2.068051397800445557e-01
4.053803384304046631e-01 3.569762110710144043e-01
2.096741199493408203e-01 2.125757932662963867e-01
3.580352067947387695e-01 5.991708040237426758e-01
6.974982619285583496e-01 6.589318513870239258e-01
5.270801782608032227e-01 3.527076840400695801e-01
5.356914401054382324e-01 5.037761330604553223e-01
7.688025832176208496e-01 3.106964230537414551e-01
1.330875009298324585e-01 6.517970561981201172e-01
1.030038744211196899e-01 5.941363573074340820e-01
4.003984928131103516e-01 6.308442950248718262e-01
4.340738058090209961e-01 9.322406053543090820e-01
4.436758458614349365e-01 1.594999730587005615e-01
5.070112943649291992e-01 7.401107549667358398e-01
9.340032339096069336e-01 7.045479416847229004e-01
3.076528310775756836e-01 5.332618951797485352e-01
8.229968547821044922e-01 5.387575626373291016e-01
2.009748369455337524e-01 3.429795801639556885e-01
4.490180015563964844e-01 5.813200473785400391e-01
7.664566636085510254e-01 3.482604920864105225e-01
1.189639791846275330e-01 9.336230158805847168e-01
6.485262513160705566e-01 9.685769081115722656e-01
2.548047304153442383e-01 2.614121437072753906e-01
6.758329868316650391e-01 4.268284738063812256e-01
1.813181340694427490e-01 4.865795373916625977e-01
5.935673788189888000e-02 3.351339697837829590e-01
3.831330239772796631e-01 1.921667307615280151e-01
5.948379263281822205e-02 4.533217847347259521e-01
7.791711688041687012e-01 6.004247665405273438e-01
4.817444980144500732e-01 6.542960405349731445e-01
1.051625981926918030e-01 7.911697030067443848e-01
2.368533760309219360e-01 1.059576272964477539e-01
1.158100739121437073e-01 1.277431398630142212e-01
9.863357543945312500e-01 4.733989536762237549e-01
3.689150810241699219e-01 9.284654259681701660e-01
5.726123452186584473e-01 9.543430209159851074e-01
3.509114086627960205e-01 4.956982433795928955e-01
2.577274143695831299e-01 9.095929265022277832e-01
5.819688439369201660e-01 4.611725509166717529e-01
2.224622815847396851e-01 7.709218859672546387e-01
8.233981132507324219e-01 8.164979815483093262e-01
9.281944632530212402e-01 9.154700636863708496e-01
4.577061533927917480e-01 9.495283961296081543e-01
4.000990092754364014e-01 7.176084816455841064e-02
6.269019842147827148e-01 2.372658811509609222e-02
5.191950201988220215e-01 5.023620128631591797e-01
3.962072432041168213e-01 7.743311524391174316e-01
1.494518965482711792e-01 2.355627566576004028e-01
3.287443518638610840e-01 3.385716676712036133e-01
5.610803961753845215e-01 6.584660410881042480e-01
7.054884433746337891e-01 2.572427876293659210e-02
3.680135905742645264e-01 5.648686885833740234e-01
5.620331764221191406e-01 2.489836513996124268e-01
1.225830838084220886e-01 2.754240036010742188e-01
3.393956124782562256e-01 4.725469946861267090e-01
5.361340045928955078e-01 1.281234025955200195e-01
3.324318826198577881e-01 6.423793435096740723e-01
8.842356801033020020e-01 7.372918128967285156e-01
6.649301946163177490e-02 9.405316710472106934e-01
8.293587565422058105e-01 6.709822416305541992e-01
9.173430204391479492e-01 3.570164442062377930e-01
9.575510025024414062e-01 9.570603966712951660e-01
1.054428331553936005e-02 5.939017534255981445e-01
7.225078344345092773e-01 3.835615217685699463e-01
5.307136178016662598e-01 3.294577077031135559e-02
2.503049746155738831e-02 9.579633474349975586e-01
7.610459625720977783e-02 1.826348006725311279e-01
1.942621022462844849e-01 5.986313819885253906e-01
5.641292333602905273e-01 9.145469218492507935e-02
3.602511584758758545e-01 2.480047047138214111e-01
7.115850448608398438e-01 3.352110981941223145e-01
6.069710254669189453e-01 7.429292201995849609e-01
1.601504976861178875e-03 3.673730790615081787e-01
8.165052533149719238e-01 9.318192601203918457e-01
6.409087777137756348e-01 1.414396464824676514e-01
5.392779707908630371e-01 9.304629564285278320e-01
6.963195204734802246e-01 4.347766190767288208e-02
6.313914656639099121e-01 2.172591686248779297e-01
4.480038583278656006e-01 2.606849670410156250e-01
1.178002581000328064e-01 3.958475589752197266e-01
3.486643135547637939e-01 8.251808285713195801e-01
1.290783286094665527e-01 9.232125282287597656e-01
6.409010291099548340e-01 6.773539781570434570e-01
3.112714365124702454e-02 1.038943827152252197e-01
7.380872368812561035e-01 4.977179467678070068e-01
1.891156584024429321e-01 1.680295728147029877e-02
8.435420393943786621e-01 4.947296679019927979e-01
7.912324666976928711e-01 7.674246430397033691e-01
5.474305897951126099e-02 4.890269041061401367e-01
6.153876781463623047e-01 5.859612822532653809e-01
8.200002312660217285e-01 2.630086839199066162e-01
6.833857297897338867e-01 9.651131033897399902e-01
3.389788866043090820e-01 3.071578741073608398e-01
5.054482221603393555e-01 1.708127707242965698e-01
8.856383562088012695e-01 2.011171430349349976e-01
7.319292426109313965e-02 3.074035942554473877e-01
8.235580325126647949e-01 6.948744654655456543e-01
4.370220899581909180e-01 7.237181663513183594e-01
3.511318862438201904e-01 7.734969854354858398e-01
2.686464786529541016e-01 5.740392208099365234e-01
8.369573354721069336e-01 3.755960464477539062e-01
9.240587353706359863e-01 4.806545078754425049e-01
8.527060747146606445e-01 3.049164414405822754e-01
5.748770833015441895e-01 5.971787571907043457e-01
3.467513620853424072e-01 8.978599905967712402e-01
3.840886354446411133e-01 3.051925078034400940e-02
9.276258945465087891e-01 8.590189814567565918e-01
3.144421577453613281e-01 7.592527661472558975e-03
2.896954715251922607e-01 6.202616915106773376e-02
7.104732394218444824e-01 2.705566585063934326e-01
6.141068339347839355e-01 4.079094231128692627e-01
4.829474985599517822e-01 4.418364465236663818e-01
9.669032096862792969e-01 8.556806445121765137e-01
4.318832419812679291e-03 8.731509745121002197e-02
1.753560006618499756e-01 4.029273092746734619e-01
2.114695459604263306e-01 9.858658909797668457e-01
1.902830749750137329e-01 6.859519481658935547e-01
7.196381092071533203e-01 5.313174128532409668e-01
7.195736765861511230e-01 2.193379700183868408e-01
9.726492166519165039e-01 5.920296907424926758e-01
1.421124786138534546e-01 8.654800057411193848e-01
2.591381967067718506e-01 7.911689281463623047e-01
7.426232695579528809e-01 8.298443555831909180e-01
4.656676948070526123e-01 7.051665186882019043e-01
4.316994845867156982e-01 1.550671458244323730e-02
4.292989373207092285e-01 8.466044068336486816e-01
3.302991092205047607e-01 7.042742371559143066e-01
1.117087379097938538e-01 6.495406478643417358e-02
2.300992906093597412e-01 4.634851515293121338e-01
5.839245915412902832e-01 8.583630919456481934e-01
8.510339260101318359e-01 1.902114152908325195e-01
6.824320554733276367e-01 3.018741011619567871e-01
4.531673192977905273e-01 4.352200627326965332e-01
2.167902514338493347e-02 2.064013183116912842e-01
4.297997057437896729e-01 3.077268302440643311e-01
5.811058282852172852e-01 2.289837300777435303e-01
2.925374805927276611e-01 2.686608210206031799e-02
4.125603139400482178e-01 3.308691978454589844e-01
7.323135137557983398e-01 8.990786075592041016e-01
8.495277762413024902e-01 6.823088973760604858e-02
5.218386277556419373e-02 5.503238439559936523e-01
6.114946603775024414e-01 2.132540382444858551e-02
3.155270218849182129e-01 3.668156862258911133e-01
2.745322883129119873e-02 3.038477525115013123e-02
1.649663895368576050e-01 5.482904314994812012e-01
6.463205218315124512e-01 3.962579369544982910e-01
8.432224392890930176e-01 6.175990104675292969e-01
2.561467289924621582e-01 2.213663011789321899e-01
5.018882155418395996e-01 7.723376154899597168e-01
1.060466766357421875e-01 6.758639812469482422e-01
4.382657110691070557e-01 2.102295160293579102e-01
6.793738007545471191e-01 1.118531152606010437e-01
8.460001349449157715e-01 4.255222678184509277e-01
1.797693371772766113e-01 3.147639036178588867e-01
2.685931026935577393e-01 3.658924400806427002e-01
6.686350107192993164e-01 7.350227236747741699e-01
5.542504787445068359e-01 3.966495394706726074e-01
1.527340561151504517e-01 9.917927384376525879e-01
1.405005753040313721e-01 3.002410195767879486e-02
6.205043941736221313e-02 3.861365616321563721e-01
1.211141720414161682e-01 5.764166712760925293e-01
7.532410621643066406e-01 6.895725727081298828e-01
2.502186894416809082e-01 6.363536715507507324e-01
7.083821892738342285e-01 8.548613190650939941e-01
1.566727906465530396e-01 1.789828091859817505e-01
9.184792041778564453e-01 1.557771265506744385e-01
8.491986989974975586e-01 1.475021243095397949e-01
9.752688407897949219e-01 7.144070863723754883e-01
3.423511683940887451e-01 1.845225244760513306e-01
1.508026123046875000e-01 1.393982023000717163e-01
7.883893251419067383e-01 8.384734392166137695e-01
8.638899326324462891e-01 4.692713022232055664e-01
6.009529829025268555e-01 3.087959885597229004e-01
8.192779421806335449e-01 9.654428362846374512e-01
3.174103498458862305e-01 1.019862815737724304e-01
7.403593063354492188e-01 4.337615370750427246e-01
8.713054060935974121e-01 9.119958281517028809e-01
1.209910959005355835e-01 7.325924634933471680e-01
7.811068296432495117e-01 5.275632739067077637e-01
5.287338793277740479e-02 8.573061823844909668e-01
9.673248529434204102e-01 6.358633935451507568e-02
4.688887894153594971e-01 6.031408905982971191e-02
2.773940861225128174e-01 6.117978692054748535e-01
5.510677695274353027e-01 6.841307878494262695e-01
1.241353526711463928e-01 4.727488756179809570e-01
9.401133656501770020e-01 8.156654834747314453e-01
9.023601412773132324e-01 1.308060288429260254e-01
2.593744397163391113e-01 7.192629575729370117e-01
9.029117226600646973e-02 9.966605305671691895e-01
2.326737903058528900e-02 7.381715774536132812e-01
9.010593891143798828e-01 5.723606944084167480e-01
2.470414787530899048e-01 4.283461272716522217e-01
8.257259726524353027e-01 1.076310127973556519e-01
6.796135306358337402e-01 5.098103284835815430e-01
7.493472695350646973e-01 6.478437781333923340e-01
5.415253043174743652e-01 3.205442130565643311e-01
4.249321520328521729e-01 6.806503534317016602e-01
4.885109364986419678e-01 8.614698648452758789e-01
8.497608900070190430e-01 7.490658164024353027e-01
3.041544370353221893e-02 2.451836168766021729e-01
8.850203156471252441e-01 1.319383084774017334e-02
6.556663513183593750e-01 5.371974706649780273e-01
9.101411104202270508e-01 2.468540817499160767e-01
7.211044430732727051e-01 7.570098042488098145e-01
1.798302829265594482e-01 2.543635964393615723e-01
6.513843536376953125e-01 1.886304914951324463e-01
9.248991608619689941e-01 2.996866703033447266e-01
9.255025386810302734e-01 5.918869972229003906e-01
7.394821941852569580e-02 7.712308764457702637e-01
4.237709045410156250e-01 5.758219361305236816e-01
4.045750200748443604e-01 4.588517248630523682e-01
9.547312259674072266e-01 6.421580314636230469e-01
9.115234017372131348e-01 9.624403715133666992e-01
7.693297266960144043e-01 7.492453455924987793e-01
3.637000024318695068e-01 8.486167192459106445e-01
6.983953118324279785e-01 6.181735396385192871e-01
9.157300591468811035e-01 4.055617153644561768e-01
2.329052239656448364e-01 4.993383288383483887e-01
6.867293119430541992e-01 1.448510587215423584e-01
3.919783048331737518e-03 8.849663138389587402e-01
6.075201630592346191e-01 7.932339310646057129e-01
5.261474251747131348e-01 1.465546339750289917e-02
5.350773334503173828e-01 2.575066387653350830e-01
2.594018876552581787e-01 8.334875702857971191e-01
1.433122754096984863e-01 5.186067819595336914e-01
8.803771138191223145e-01 2.572984099388122559e-01
4.076957702636718750e-04 7.962285876274108887e-01
2.024067640304565430e-01 9.400125145912170410e-01
6.468939185142517090e-01 4.513993263244628906e-01
5.071802139282226562e-01 5.820074677467346191e-01
8.187052607536315918e-01 8.554897904396057129e-01
4.165626689791679382e-02 6.660676002502441406e-01
5.002250671386718750e-01 9.279825687408447266e-01
6.976836919784545898e-01 9.311445355415344238e-01
7.847569584846496582e-01 4.525858163833618164e-02
6.397275328636169434e-01 8.637748360633850098e-01
2.329380363225936890e-01 8.749040961265563965e-01
8.405109047889709473e-01 5.292425155639648438e-01
5.047686100006103516e-01 1.281252503395080566e-01
3.825105726718902588e-01 5.211844444274902344e-01
