4.876213073730468750e-01 4.177888035774230957e-01
4.150096774101257324e-01 3.743647933006286621e-01
5.825360417366027832e-01 7.086830735206604004e-01
6.925960183143615723e-01 2.172358632087707520e-01
4.973224401473999023e-01 6.486269831657409668e-01
8.971217274665832520e-01 9.003955721855163574e-01
3.169212341308593750e-01 9.499499797821044922e-01
9.339196085929870605e-01 2.094414085149765015e-01
9.255307316780090332e-01 6.996439099311828613e-01
1.856871098279953003e-01 3.736669123172760010e-01
7.867202162742614746e-01 2.432755678892135620e-01
2.234746962785720825e-01 6.577922701835632324e-01
1.158327534794807434e-01 5.942431837320327759e-02
9.791180491447448730e-01 7.823721766471862793e-01
7.582701444625854492e-01 4.712693393230438232e-01
4.030807018280029297e-01 5.964775681495666504e-01
5.771352052688598633e-01 6.735624074935913086e-01
5.640416145324707031e-01 4.545176625251770020e-01
1.368482783436775208e-02 1.719021201133728027e-01
5.525377765297889709e-02 4.844051599502563477e-01
4.761853814125061035e-01 5.521183013916015625e-01
2.810894548892974854e-01 6.838623285293579102e-01
7.562829852104187012e-01 4.994841217994689941e-01
5.080390572547912598e-01 7.178090810775756836e-01
2.963663041591644287e-01 4.556130170822143555e-01
7.366401553153991699e-01 2.390681803226470947e-01
9.582160711288452148e-01 9.525336623191833496e-01
6.287986040115356445e-01 9.519742727279663086e-01
7.633881568908691406e-01 9.759100079536437988e-01
8.091515898704528809e-01 4.314993917942047119e-01
7.620036005973815918e-01 3.318732678890228271e-01
8.397111296653747559e-01 8.680290579795837402e-01
8.781763315200805664e-01 8.706814050674438477e-01
2.840718030929565430e-01 8.215444087982177734e-01
8.425300121307373047e-01 6.881645321846008301e-01
9.601927995681762695e-01 1.989029198884963989e-01
8.495803475379943848e-01 1.891411989927291870e-01
7.506324648857116699e-01 8.259630799293518066e-01
7.820670008659362793e-01 4.300737380981445312e-01
6.706668734550476074e-01 5.998768210411071777e-01
7.587687969207763672e-01 9.459629058837890625e-01
1.963717639446258545e-01 5.003069043159484863e-01
1.797312051057815552e-01 7.230883836746215820e-01
8.154370188713073730e-01 1.510938256978988647e-01
7.594375014305114746e-01 5.709403157234191895e-01
7.305511236190795898e-01 3.172768652439117432e-01
3.453375995159149170e-01 9.127923846244812012e-01
6.506724953651428223e-01 2.454312145709991455e-01
3.798669874668121338e-01 1.744571924209594727e-01
5.898092687129974365e-02 2.063396871089935303e-01
5.442256927490234375e-01 2.786385416984558105e-01
7.370974421501159668e-01 3.845811784267425537e-01
6.475580930709838867e-01 7.510360479354858398e-01
8.920694589614868164e-01 4.916788041591644287e-01
8.208740949630737305e-01 3.326547145843505859e-01
6.866165399551391602e-01 5.088087916374206543e-01
2.039254903793334961e-01 6.572235822677612305e-01
5.910951495170593262e-01 5.690091848373413086e-02
4.566639959812164307e-01 4.803907573223114014e-01
5.199535489082336426e-01 4.361880421638488770e-01
9.563744068145751953e-01 6.109949350357055664e-01
2.896580398082733154e-01 3.459304943680763245e-02
8.594924211502075195e-01 2.377344369888305664e-01
5.002867579460144043e-01 1.164784505963325500e-01
1.784618794918060303e-01 8.197479248046875000e-01
9.943031072616577148e-01 1.895610392093658447e-01
9.607020616531372070e-01 1.119609400629997253e-01
6.293097734451293945e-01 4.451735615730285645e-01
7.121815085411071777e-01 2.880054712295532227e-01
8.981239795684814453e-01 5.909598469734191895e-01
9.728773832321166992e-01 6.729220151901245117e-01
4.134224653244018555e-01 1.124382615089416504e-01
2.874600887298583984e-01 7.715885043144226074e-01
6.087428331375122070e-01 3.106935620307922363e-01
2.335895746946334839e-01 3.098551034927368164e-01
2.664213776588439941e-01 6.004047393798828125e-01
6.382032036781311035e-01 1.450085341930389404e-01
2.062980085611343384e-01 5.381584167480468750e-01
5.711456388235092163e-02 3.149506151676177979e-01
9.624941945075988770e-01 8.630812168121337891e-01
5.851240158081054688e-01 8.078585863113403320e-01
1.166546121239662170e-01 3.643939495086669922e-01
8.171769790351390839e-03 3.382400274276733398e-01
4.976325929164886475e-01 8.905820250511169434e-01
7.835841178894042969e-01 1.455929316580295563e-02
7.165418267250061035e-01 4.307591319084167480e-01
6.750676780939102173e-02 9.904875159263610840e-01
4.191399812698364258e-01 5.385206341743469238e-01
5.747889876365661621e-01 9.249234199523925781e-01
5.492106825113296509e-02 8.758617043495178223e-01
2.445220351219177246e-01 6.597994267940521240e-02
4.752833247184753418e-01 1.573328077793121338e-01
4.544740319252014160e-01 4.456965625286102295e-01
5.201800465583801270e-01 8.667533844709396362e-02
3.617285490036010742e-01 8.559510111808776855e-01
6.856554746627807617e-01 9.566565752029418945e-01
9.454202055931091309e-01 8.283905386924743652e-01
6.487247943878173828e-01 5.096716284751892090e-01
9.788450002670288086e-01 3.894592821598052979e-01
2.502658665180206299e-01 1.050041913986206055e-01
2.063206136226654053e-01 1.682366728782653809e-01
8.272370100021362305e-01 9.267923831939697266e-01
3.550739288330078125e-01 7.323112338781356812e-02
5.943289399147033691e-02 8.247278332710266113e-01
6.262641549110412598e-01 8.650764226913452148e-01
3.511791527271270752e-01 2.540004253387451172e-01
6.888751983642578125e-01 5.267916992306709290e-02
3.695707023143768311e-01 3.861606717109680176e-01
2.660423517227172852e-01 3.744954764842987061e-01
9.834293723106384277e-01 4.487645030021667480e-01
7.530800700187683105e-01 3.685868382453918457e-01
7.632706761360168457e-01 6.023085713386535645e-01
5.265955328941345215e-01 5.024489760398864746e-02
5.681708455085754395e-01 3.337531685829162598e-01
8.278705477714538574e-01 6.842843890190124512e-01
6.250466704368591309e-01 3.931326568126678467e-01
1.891686469316482544e-01 4.201419651508331299e-01
3.062956966459751129e-02 8.975266218185424805e-01
5.053265690803527832e-01 8.206676840782165527e-01
1.599514186382293701e-01 7.845670580863952637e-01
2.938980162143707275e-01 2.175519317388534546e-01
1.955312341451644897e-01 2.463995367288589478e-01
7.384832501411437988e-01 7.358096837997436523e-01
4.118770956993103027e-01 8.394875526428222656e-01
7.362962365150451660e-01 8.958714008331298828e-01
8.637867569923400879e-01 4.178169667720794678e-01
4.839696884155273438e-01 8.463771939277648926e-01
2.425723373889923096e-01 2.607291042804718018e-01
9.122723340988159180e-01 6.688386797904968262e-01
1.118109300732612610e-01 4.336045682430267334e-01
5.836976766586303711e-01 4.795958995819091797e-01
9.816881418228149414e-01 5.635046958923339844e-01
9.618488699197769165e-02 6.142383068799972534e-02
8.716202974319458008e-01 2.549603581428527832e-01
5.893425345420837402e-01 2.955639958381652832e-01
9.271621704101562500e-01 8.710091710090637207e-01
3.333158195018768311e-01 7.844244241714477539e-01
9.849939942359924316e-01 2.567076683044433594e-01
5.479435324668884277e-01 5.373284816741943359e-01
8.336544036865234375e-01 5.208640694618225098e-01
4.110951721668243408e-01 9.170875549316406250e-01
8.496934771537780762e-01 1.108896210789680481e-01
4.737031757831573486e-01 3.511938452720642090e-01
7.270722985267639160e-01 9.965927600860595703e-01
5.228523015975952148e-01 2.124898731708526611e-01
1.579722762107849121e-01 9.096935987472534180e-01
3.756587803363800049e-01 1.001852303743362427e-01
1.858649551868438721e-01 8.609604835510253906e-01
8.935814499855041504e-01 3.339604437351226807e-01
5.308218002319335938e-01 7.459523081779479980e-01
1.147260591387748718e-01 4.742023050785064697e-01
3.755443096160888672e-01 3.107182383537292480e-01
1.540083140134811401e-01 2.703578472137451172e-01
5.772364735603332520e-01 5.570583939552307129e-01
3.456648588180541992e-01 4.837161004543304443e-01
9.594712853431701660e-01 2.283361740410327911e-02
2.495304793119430542e-01 3.725693523883819580e-01
3.142435848712921143e-01 5.344481468200683594e-01
7.978628277778625488e-01 5.648194253444671631e-02
7.301059365272521973e-01 5.694034695625305176e-01
1.557054836302995682e-02 7.621986269950866699e-01
7.923687994480133057e-02 2.949110269546508789e-01
6.866064071655273438e-01 1.076862812042236328e-01
4.455247223377227783e-01 3.722189664840698242e-01
3.964655101299285889e-01 4.718678295612335205e-01
4.759796857833862305e-01 2.379829585552215576e-01
7.421849966049194336e-01 8.857800364494323730e-01
1.429619640111923218e-01 1.945059746503829956e-01
4.019069969654083252e-01 9.956590533256530762e-01
1.205579563975334167e-01 4.213705360889434814e-01
8.465905189514160156e-01 6.020417809486389160e-01
3.821981847286224365e-01 2.371715456247329712e-01
2.154322713613510132e-01 9.137710332870483398e-01
6.421828866004943848e-01 3.885404020547866821e-02
1.776106804609298706e-01 1.200040802359580994e-01
1.251010447740554810e-01 9.760986566543579102e-01
7.911659777164459229e-02 7.055308818817138672e-01
7.629157900810241699e-01 6.558646261692047119e-02
8.449554443359375000e-04 5.247370004653930664e-01
9.515126943588256836e-01 4.680676758289337158e-01
2.196153402328491211e-01 4.397360086441040039e-01
2.498934119939804077e-01 9.700735807418823242e-01
9.292669594287872314e-02 7.653931379318237305e-01
8.807219266891479492e-01 5.540077686309814453e-01
4.261167347431182861e-01 7.411648631095886230e-01
9.130913019180297852e-01 1.416002810001373291e-01
1.025320962071418762e-01 1.344482600688934326e-01
2.617762386798858643e-01 1.594708412885665894e-01
5.882170200347900391e-01 1.547705382108688354e-01
5.459069609642028809e-01 1.211881488561630249e-01
2.119107693433761597e-01 9.339514970779418945e-01
1.792509257793426514e-01 6.123126745223999023e-01
1.397240906953811646e-01 6.119790077209472656e-01
6.271088719367980957e-01 8.248770236968994141e-01
3.186548948287963867e-01 8.587008714675903320e-02
7.828346490859985352e-01 8.204786777496337891e-01
4.547841846942901611e-01 6.173633933067321777e-01
7.514819502830505371e-01 7.315771579742431641e-01
1.467021256685256958e-01 9.172376394271850586e-01
6.292995214462280273e-01 3.900978248566389084e-03
9.672451019287109375e-01 9.206890463829040527e-01
2.123205959796905518e-01 4.675351083278656006e-01
1.936430633068084717e-01 4.305634647607803345e-02
1.365576833486557007e-01 6.907554864883422852e-01
3.458727002143859863e-01 7.806177735328674316e-01
1.222296208143234253e-01 2.143742591142654419e-01
3.133734166622161865e-01 3.104729354381561279e-01
8.772559463977813721e-02 8.741707205772399902e-01
4.373013675212860107e-01 9.241278171539306641e-01
6.909475326538085938e-01 8.488633036613464355e-01
1.541054695844650269e-01 3.268435969948768616e-02
1.991187222301959991e-02 6.516044735908508301e-01
6.659681200981140137e-01 7.409764528274536133e-01
4.285686314105987549e-01 7.663499563932418823e-02
9.415761232376098633e-01 5.329660177230834961e-01
9.893255680799484253e-02 6.017062067985534668e-01
1.470047682523727417e-01 1.233965680003166199e-01
3.163852691650390625e-01 1.739692986011505127e-01
6.236552596092224121e-01 2.579496502876281738e-01
9.957756996154785156e-01 3.326134979724884033e-01
2.135918587446212769e-01 7.515752911567687988e-01
6.498047709465026855e-01 6.368086338043212891e-01
5.228347778320312500e-01 3.758999332785606384e-02
6.350584626197814941e-01 6.762755513191223145e-01
5.953106880187988281e-01 7.912766337394714355e-01
5.689747929573059082e-01 4.390389025211334229e-01
7.737919092178344727e-01 2.253776937723159790e-01
4.841438829898834229e-01 9.813972711563110352e-01
6.760656833648681641e-01 8.141868710517883301e-01
5.424053668975830078e-01 7.721211910247802734e-01
5.663764476776123047e-01 9.618017673492431641e-01
9.377888441085815430e-01 6.040878221392631531e-02
8.217889070510864258e-01 7.483311295509338379e-01
6.433373689651489258e-02 5.569959282875061035e-01
1.256443560123443604e-01 6.846276521682739258e-01
9.058666229248046875e-01 4.010817408561706543e-01
3.474007546901702881e-01 9.991305470466613770e-01
3.616181015968322754e-01 6.477761268615722656e-01
8.536317944526672363e-01 9.958621859550476074e-01
3.455973267555236816e-01 4.664806723594665527e-01
3.962256014347076416e-01 1.720764487981796265e-01
1.464605629444122314e-01 5.743435621261596680e-01
3.355474472045898438e-01 4.247338175773620605e-01
7.185271978378295898e-01 6.424109339714050293e-01
7.824511080980300903e-02 7.575712800025939941e-01
3.791456520557403564e-01 7.575952410697937012e-01
3.908750116825103760e-01 7.008417248725891113e-01
3.529995083808898926e-01 5.752149820327758789e-01
3.379375338554382324e-01 6.453601717948913574e-01
9.023243188858032227e-01 7.432357072830200195e-01
2.130143530666828156e-02 9.695678949356079102e-01
3.046550452709197998e-01 5.732087492942810059e-01
8.011151552200317383e-01 1.076503694057464600e-01
8.414779789745807648e-03 1.127220094203948975e-01
4.214632809162139893e-01 3.127540051937103271e-01
3.308550268411636353e-02 2.876454591751098633e-01
