6.914127469062805176e-01 8.597449660301208496e-01
3.800841271877288818e-01 7.810280323028564453e-01
2.467153072357177734e-01 9.825112670660018921e-02
6.421924829483032227e-01 5.432304739952087402e-01
9.910801649093627930e-01 3.263352513313293457e-01
4.411041736602783203e-01 5.889266729354858398e-01
9.402230381965637207e-01 9.495801925659179688e-01
2.246925979852676392e-01 4.935927987098693848e-01
6.980428695678710938e-01 3.465541899204254150e-01
1.646533459424972534e-01 4.883809685707092285e-01
3.390425145626068115e-01 1.479430962353944778e-02
6.065061092376708984e-01 2.814622223377227783e-01
5.994796752929687500e-01 6.841531991958618164e-01
8.926298618316650391e-01 4.728106856346130371e-01
3.632434606552124023e-01 1.359046697616577148e-01
9.667588472366333008e-01 4.977647960186004639e-01
4.615507125854492188e-01 8.905122876167297363e-01
6.225122809410095215e-01 5.488196611404418945e-01
2.808067500591278076e-01 1.407171338796615601e-01
2.149757593870162964e-01 6.033965945243835449e-01
2.772648036479949951e-01 7.354985475540161133e-01
2.846293449401855469e-01 2.382991462945938110e-01
4.991001188755035400e-01 2.810418903827667236e-01
5.703446269035339355e-01 5.113202333450317383e-01
2.663454711437225342e-01 6.104974746704101562e-01
8.009955286979675293e-01 6.345951557159423828e-01
9.954775869846343994e-02 4.249287247657775879e-01
3.465875685214996338e-01 4.844060540199279785e-01
8.543606996536254883e-01 5.583807826042175293e-01
5.679171681404113770e-01 1.674759835004806519e-01
1.221283227205276489e-01 8.513435125350952148e-01
6.802229285240173340e-01 7.468844950199127197e-02
5.608768761157989502e-02 2.326864749193191528e-01
7.204949259757995605e-01 2.354078143835067749e-01
9.534392952919006348e-01 4.373295232653617859e-03
4.404533207416534424e-01 3.771493732929229736e-01
8.312421441078186035e-01 7.419203519821166992e-01
6.289476156234741211e-01 3.890815079212188721e-01
6.224666833877563477e-01 2.342366240918636322e-02
6.660036444664001465e-01 3.137662410736083984e-01
6.679827570915222168e-01 6.712670326232910156e-01
7.632250189781188965e-01 3.580156564712524414e-01
2.171585559844970703e-01 5.279836058616638184e-02
3.956785798072814941e-01 9.354465007781982422e-01
5.103082656860351562e-01 1.929289102554321289e-01
2.895245514810085297e-02 7.160137295722961426e-01
7.536117434501647949e-01 5.366079807281494141e-01
2.188369780778884888e-01 8.972377777099609375e-01
6.787609308958053589e-02 6.623900532722473145e-01
3.569018244743347168e-01 5.294196009635925293e-01
5.813488364219665527e-01 3.158577382564544678e-01
8.551184535026550293e-01 4.338991641998291016e-01
1.686825901269912720e-01 1.471010744571685791e-01
3.890576958656311035e-01 6.479026079177856445e-01
2.231187373399734497e-01 3.132247924804687500e-01
9.965710043907165527e-01 3.984261751174926758e-01
5.275824069976806641e-01 3.560533523559570312e-01
1.640260666608810425e-01 1.246229410171508789e-01
3.771168589591979980e-01 1.165874600410461426e-01
1.202576458454132080e-01 3.749466240406036377e-01
9.545106291770935059e-01 9.283356070518493652e-01
7.343670129776000977e-01 1.614205390214920044e-01
8.710336089134216309e-01 6.305327415466308594e-01
5.632332563400268555e-01 9.699807167053222656e-01
3.004397153854370117e-01 8.616094589233398438e-01
6.230509877204895020e-01 8.898749351501464844e-01
5.326008796691894531e-01 2.474904358386993408e-01
3.147881925106048584e-01 3.666927665472030640e-02
1.239522360265254974e-02 2.354614734649658203e-01
3.245798051357269287e-01 9.541916102170944214e-02
1.387097500264644623e-02 1.242842525243759155e-01
5.350136756896972656e-01 2.719053998589515686e-02
3.276003301143646240e-01 1.598995625972747803e-01
3.419450819492340088e-01 7.134084105491638184e-01
9.350635409355163574e-01 2.686614394187927246e-01
8.940953612327575684e-01 5.586041808128356934e-01
7.635480165481567383e-01 8.682695627212524414e-01
7.382412552833557129e-01 6.844426393508911133e-01
5.769301652908325195e-01 6.115562319755554199e-01
7.548224925994873047e-01 7.322227358818054199e-01
7.344802618026733398e-01 8.471371531486511230e-01
2.398238927125930786e-01 2.338935062289237976e-02
7.309967279434204102e-01 4.277909696102142334e-01
1.815379858016967773e-01 7.688335180282592773e-01
4.373369216918945312e-01 3.315419852733612061e-01
9.395284056663513184e-01 1.134705543518066406e-01
1.739850267767906189e-02 5.180249214172363281e-01
8.112913966178894043e-01 1.824412196874618530e-01
6.088418141007423401e-02 6.088418364524841309e-01
6.755759716033935547e-01 1.932685822248458862e-02
2.919024527072906494e-01 3.725524544715881348e-01
7.572545856237411499e-02 3.069594204425811768e-01
9.469449520111083984e-01 4.379699528217315674e-01
1.082636415958404541e-01 9.145275503396987915e-02
3.507485240697860718e-02 4.427733123302459717e-01
1.428107321262359619e-01 5.937042832374572754e-01
9.255911707878112793e-01 6.763369441032409668e-01
8.219832181930541992e-01 8.439276814460754395e-01
3.771089017391204834e-01 8.823541402816772461e-01
1.185144111514091492e-01 2.048940509557723999e-01
2.676631212234497070e-01 8.420566320419311523e-01
6.778980493545532227e-01 5.180020332336425781e-01
5.046398043632507324e-01 3.992466032505035400e-01
6.006386876106262207e-01 9.373421072959899902e-01
9.042345881462097168e-01 9.236670732498168945e-01
1.980792284011840820e-01 6.826520562171936035e-01
4.325139522552490234e-01 4.968842566013336182e-01
4.476599767804145813e-02 9.386813640594482422e-01
2.750166356563568115e-01 9.613014459609985352e-01
9.430184364318847656e-01 6.149986982345581055e-01
4.791609644889831543e-01 5.078954622149467468e-02
3.474510610103607178e-01 8.986723423004150391e-01
8.519649505615234375e-01 1.346405595541000366e-01
7.201583385467529297e-01 9.751285612583160400e-02
8.089264631271362305e-01 2.829007208347320557e-01
2.403135597705841064e-01 3.648134171962738037e-01
6.587426662445068359e-01 1.122891008853912354e-01
8.721259236335754395e-01 1.872142106294631958e-01
2.283961772918701172e-01 4.511392414569854736e-01
1.662255972623825073e-01 2.258810102939605713e-01
1.383296996355056763e-01 2.877516448497772217e-01
8.555274605751037598e-01 9.075332880020141602e-01
9.735817909240722656e-01 7.890205979347229004e-01
8.504531979560852051e-01 3.365288972854614258e-01
9.001415371894836426e-01 7.677803635597229004e-01
8.826072514057159424e-02 5.008326768875122070e-01
5.719593167304992676e-01 4.662318527698516846e-01
4.800880849361419678e-01 2.336841821670532227e-02
1.336721032857894897e-01 9.786958098411560059e-01
6.058464646339416504e-01 1.687622219324111938e-01
9.451512694358825684e-01 8.066948056221008301e-01
4.301227629184722900e-01 5.561674833297729492e-01
7.364512681961059570e-01 5.728624463081359863e-01
8.559493422508239746e-01 6.984900832176208496e-01
4.804327785968780518e-01 2.346170693635940552e-01
5.688599348068237305e-01 3.956937491893768311e-01
7.612028717994689941e-01 4.342732131481170654e-01
9.235653281211853027e-01 2.293895632028579712e-01
4.080281555652618408e-01 8.121878504753112793e-01
8.410295248031616211e-01 2.791680395603179932e-01
3.098428845405578613e-01 8.236453533172607422e-01
5.010630488395690918e-01 4.578027427196502686e-01
6.725983023643493652e-01 7.991766333580017090e-01
8.801935315132141113e-01 1.032591313123703003e-01
6.294846534729003906e-01 6.737056970596313477e-01
4.369979798793792725e-01 7.063528299331665039e-01
5.724399685859680176e-01 8.637188076972961426e-01
5.444638729095458984e-01 6.404094696044921875e-01
4.336497187614440918e-01 1.214153692126274109e-01
8.697714805603027344e-01 2.691857516765594482e-01
6.591667532920837402e-01 5.882269144058227539e-01
3.830116689205169678e-01 2.701565325260162354e-01
1.593189537525177002e-01 3.707453608512878418e-01
7.225638031959533691e-01 3.039962351322174072e-01
4.878938496112823486e-01 6.326641440391540527e-01
8.978921175003051758e-02 9.476426243782043457e-01
5.856145024299621582e-01 9.724442362785339355e-01
6.741110682487487793e-01 1.994019597768783569e-01
5.609436631202697754e-01 8.516893982887268066e-01
7.959049344062805176e-01 9.441291093826293945e-01
9.221812486648559570e-01 1.942038834095001221e-01
5.436719059944152832e-01 1.651153415441513062e-01
5.971018075942993164e-01 7.170323133468627930e-01
3.584223687648773193e-01 3.213570713996887207e-01
1.367556005716323853e-01 2.655088901519775391e-01
2.230824828147888184e-01 2.127720415592193604e-01
9.599066972732543945e-01 6.468131542205810547e-01
9.067645072937011719e-01 8.451156616210937500e-01
9.984085559844970703e-01 6.645688414573669434e-01
1.163397654891014099e-01 9.110467433929443359e-01
2.691063284873962402e-02 8.007763028144836426e-01
2.210263013839721680e-01 6.400362849235534668e-01
4.863228201866149902e-01 5.923328399658203125e-01
9.738977551460266113e-01 9.054928421974182129e-01
6.593150496482849121e-01 9.172729253768920898e-01
4.421586394309997559e-01 2.112780809402465820e-01
4.763474166393280029e-01 7.835599780082702637e-01
9.953803420066833496e-01 2.525593042373657227e-01
5.556874275207519531e-01 7.679457664489746094e-01
7.072203159332275391e-01 6.690506339073181152e-01
5.086532831192016602e-01 1.024055927991867065e-01
8.320680260658264160e-01 9.406141638755798340e-01
6.418384313583374023e-01 1.751020252704620361e-01
2.574519217014312744e-01 2.688203752040863037e-01
4.822383224964141846e-01 7.122921943664550781e-01
8.201966881752014160e-01 4.961681962013244629e-01
3.099005520343780518e-01 3.106158971786499023e-01
8.428028225898742676e-02 5.663432478904724121e-01
8.413355946540832520e-01 4.430398344993591309e-01
9.206864237785339355e-01 5.616749525070190430e-01
8.353010565042495728e-02 4.763412177562713623e-01
3.599247932434082031e-01 7.326803207397460938e-01
3.192856311798095703e-01 9.367033839225769043e-01
1.473090797662734985e-01 6.688793301582336426e-01
3.674337267875671387e-02 9.442480653524398804e-02
2.577111124992370605e-01 4.227191507816314697e-01
1.081951707601547241e-01 8.005421757698059082e-01
7.309788465499877930e-01 7.692500948905944824e-02
4.559944570064544678e-01 4.612186551094055176e-01
7.939921021461486816e-01 1.836189031600952148e-01
3.651503622531890869e-01 2.036747485399246216e-01
4.948827028274536133e-01 3.437826931476593018e-01
5.059330463409423828e-01 8.438986539840698242e-01
3.520648777484893799e-01 5.692220330238342285e-01
2.444091439247131348e-01 5.374023318290710449e-01
7.988286018371582031e-01 7.674297094345092773e-01
7.275605797767639160e-01 9.896631240844726562e-01
8.929890394210815430e-01 2.262821644544601440e-01
1.525507401674985886e-02 7.267116904258728027e-01
6.613277643918991089e-02 8.195120692253112793e-01
4.237746000289916992e-01 8.458254933357238770e-01
6.956807971000671387e-01 4.018369317054748535e-01
7.897680997848510742e-01 3.359359502792358398e-01
7.503195852041244507e-02 1.309397667646408081e-01
1.419173032045364380e-01 3.464054763317108154e-01
4.497660398483276367e-01 9.682076573371887207e-01
9.884117841720581055e-01 3.449949324131011963e-01
3.336771726608276367e-01 3.946715891361236572e-01
8.962901234626770020e-01 4.561354964971542358e-02
1.323108822107315063e-01 7.014147639274597168e-01
3.820399641990661621e-01 1.337081566452980042e-02
2.030434608459472656e-01 8.591768145561218262e-01
5.990746021270751953e-01 4.128148853778839111e-01
5.519732236862182617e-01 8.869709819555282593e-02
3.279890716075897217e-01 4.093275666236877441e-01
8.236320316791534424e-02 8.984956145286560059e-01
9.389621615409851074e-01 4.127657413482666016e-01
2.000924497842788696e-01 9.948366880416870117e-01
5.959514379501342773e-01 8.004180788993835449e-01
7.188825607299804688e-01 1.536391228437423706e-01
1.363026052713394165e-01 4.551616013050079346e-01
5.255094170570373535e-01 9.258905053138732910e-01
8.177291154861450195e-01 5.135977864265441895e-01
8.010088205337524414e-01 5.495838820934295654e-03
3.457091748714447021e-01 6.266829371452331543e-01
8.790085315704345703e-01 9.992275238037109375e-01
8.346744626760482788e-02 6.038341671228408813e-03
3.799661993980407715e-01 3.895498812198638916e-01
9.271162152290344238e-01 5.513728410005569458e-02
3.326548635959625244e-02 7.001478970050811768e-02
1.100835129618644714e-01 7.037186026573181152e-01
6.330735683441162109e-01 2.665161192417144775e-01
4.272333979606628418e-01 6.276465654373168945e-01
5.449109673500061035e-01 5.364965200424194336e-01
8.551976084709167480e-01 6.156187653541564941e-01
3.066836893558502197e-01 5.382788181304931641e-01
8.190075159072875977e-01 4.025381505489349365e-01
1.813941597938537598e-01 7.029000520706176758e-01
7.802034020423889160e-01 5.877544730901718140e-02
6.804002821445465088e-02 2.732652612030506134e-02
7.377001643180847168e-01 7.941339612007141113e-01
2.861954271793365479e-01 1.644629687070846558e-01
2.240594029426574707e-01 7.763634324073791504e-01
2.457384318113327026e-01 5.198789834976196289e-01
5.009138584136962891e-01 7.880006432533264160e-01
9.532088041305541992e-01 8.199432492256164551e-01
