2.658357918262481689e-01 2.336607575416564941e-01
4.827969670295715332e-01 3.599628508090972900e-01
4.754778742790222168e-01 4.410167410969734192e-02
6.292797327041625977e-01 9.700891375541687012e-01
4.313220083713531494e-01 5.891017317771911621e-01
6.806848645210266113e-01 8.145121932029724121e-01
8.921447396278381348e-01 5.219593048095703125e-01
5.311303734779357910e-01 3.780455589294433594e-01
4.567636251449584961e-01 4.998752474784851074e-01
1.857127249240875244e-01 2.212569117546081543e-01
8.223394155502319336e-01 7.534381747245788574e-01
4.815296828746795654e-01 7.062539458274841309e-01
2.549926936626434326e-01 1.430105417966842651e-01
6.895943880081176758e-01 2.509348690509796143e-01
9.165750741958618164e-01 3.066008687019348145e-01
7.584053874015808105e-01 7.072653174400329590e-01
5.784946084022521973e-01 5.194121599197387695e-01
9.882256388664245605e-01 2.423638664186000824e-02
2.488298118114471436e-01 9.296270012855529785e-01
3.026421964168548584e-01 1.928758472204208374e-01
6.260153055191040039e-01 2.466417551040649414e-01
9.266854524612426758e-01 7.297868281602859497e-02
5.558711290359497070e-01 2.255076915025711060e-01
2.912461459636688232e-01 3.206875920295715332e-02
1.931108683347702026e-01 2.943271100521087646e-01
4.307141602039337158e-01 8.117581605911254883e-01
1.437960658222436905e-02 6.959524750709533691e-01
8.407664895057678223e-01 6.135767102241516113e-01
1.171876117587089539e-01 3.570582270622253418e-01
1.706391423940658569e-01 6.534042954444885254e-02
2.571101784706115723e-01 4.118362963199615479e-01
4.868625104427337646e-01 5.586976408958435059e-01
6.266298890113830566e-01 9.322012215852737427e-02
9.766106605529785156e-01 2.656513750553131104e-01
1.031893640756607056e-01 7.357506752014160156e-01
9.496334195137023926e-01 3.396366909146308899e-02
9.791062474250793457e-01 9.573845267295837402e-01
2.827521562576293945e-01 4.719586074352264404e-01
2.438057661056518555e-01 9.959153532981872559e-01
9.250928163528442383e-01 4.255598187446594238e-01
1.752766966819763184e-01 1.165494173765182495e-01
7.366863489151000977e-01 8.827119469642639160e-01
3.768952488899230957e-01 2.048889994621276855e-01
5.565466824918985367e-03 4.118979275226593018e-01
2.830148339271545410e-01 7.276617735624313354e-02
7.450898289680480957e-01 2.705343365669250488e-01
7.819110155105590820e-01 5.785366892814636230e-01
3.673888146877288818e-01 5.710213184356689453e-01
9.799176454544067383e-01 3.648482263088226318e-02
5.603525042533874512e-01 8.198183178901672363e-01
1.624299958348274231e-02 9.908119440078735352e-01
5.320846438407897949e-01 5.286042094230651855e-01
6.634259223937988281e-01 7.787548303604125977e-01
8.837143182754516602e-01 4.351366460323333740e-01
6.691897511482238770e-01 1.387119591236114502e-01
5.567806363105773926e-01 9.915541410446166992e-01
1.066113561391830444e-01 4.064877033233642578e-01
4.771450161933898926e-02 7.786967754364013672e-01
2.309696562588214874e-02 5.203332304954528809e-01
5.897937417030334473e-01 8.982678055763244629e-01
2.122696787118911743e-01 8.408128619194030762e-01
5.228900313377380371e-01 9.244033694267272949e-01
8.128323554992675781e-01 2.510427534580230713e-01
9.343078136444091797e-01 7.746511101722717285e-01
6.391670107841491699e-01 4.738377332687377930e-01
6.868145465850830078e-01 3.078763186931610107e-01
9.110194444656372070e-01 1.322255283594131470e-01
8.865730762481689453e-01 2.342532724142074585e-01
4.084966480731964111e-01 1.373472958803176880e-01
4.132070839405059814e-01 3.444128036499023438e-01
7.908800244331359863e-01 1.378228813409805298e-01
6.773378849029541016e-01 5.114675760269165039e-01
1.555436253547668457e-01 9.421885609626770020e-01
1.128847524523735046e-01 1.448737531900405884e-01
8.869337439537048340e-01 4.647826850414276123e-01
4.458386898040771484e-01 9.013503193855285645e-01
1.446981076151132584e-02 1.497414261102676392e-01
2.492682337760925293e-01 4.223824739456176758e-01
1.333081424236297607e-01 3.510047793388366699e-01
6.506634354591369629e-01 2.740940749645233154e-01
5.659146308898925781e-01 5.834066271781921387e-01
1.334625184535980225e-01 6.832297444343566895e-01
1.412395201623439789e-02 2.160333395004272461e-01
1.840985715389251709e-01 1.832036972045898438e-01
7.724975794553756714e-02 7.473561763763427734e-01
3.730377554893493652e-01 2.207319140434265137e-01
7.968257665634155273e-01 7.903479784727096558e-02
8.197019994258880615e-02 5.272896289825439453e-01
7.329193949699401855e-01 6.714398860931396484e-01
6.491759419441223145e-01 5.992414355278015137e-01
4.926234781742095947e-01 2.573647908866405487e-02
5.340903401374816895e-01 8.982500433921813965e-01
5.015466213226318359e-01 1.760311722755432129e-01
6.968471407890319824e-01 3.612384796142578125e-01
2.366002649068832397e-01 9.420208930969238281e-01
7.804068922996520996e-01 8.664005994796752930e-02
7.991410493850708008e-01 7.680841684341430664e-01
7.581392526626586914e-01 4.753352701663970947e-01
6.390617489814758301e-01 6.896838545799255371e-01
9.984132051467895508e-01 4.746975004673004150e-01
7.929112911224365234e-01 6.443711519241333008e-01
1.599712520837783813e-01 5.643628239631652832e-01
8.658045530319213867e-01 9.445198774337768555e-01
5.970841273665428162e-02 4.072243571281433105e-01
1.237159818410873413e-01 8.414568305015563965e-01
3.942516818642616272e-02 9.367803335189819336e-01
4.595235586166381836e-01 5.643320083618164062e-01
7.316960692405700684e-01 9.608373045921325684e-01
6.602134108543395996e-01 3.868984580039978027e-01
3.419792950153350830e-01 5.202735066413879395e-01
6.106302142143249512e-01 1.386376470327377319e-01
1.215204820036888123e-01 6.994920969009399414e-01
4.723452925682067871e-01 8.852698206901550293e-01
8.227577805519104004e-01 4.373520910739898682e-01
4.684938192367553711e-01 2.559161484241485596e-01
8.854064941406250000e-01 2.764727771282196045e-01
2.358470559120178223e-01 1.105213910341262817e-01
3.281610608100891113e-01 7.934604585170745850e-02
9.421323537826538086e-01 1.130256354808807373e-01
9.381835460662841797e-01 8.975134491920471191e-01
7.368808388710021973e-01 1.518423110246658325e-02
9.156466722488403320e-01 6.565995216369628906e-01
8.494666814804077148e-01 4.120406210422515869e-01
9.144157916307449341e-02 1.917583346366882324e-01
7.640689611434936523e-01 5.443600416183471680e-01
4.170528650283813477e-01 4.834637045860290527e-01
8.652612566947937012e-01 1.878968328237533569e-01
3.771250545978546143e-01 4.299077987670898438e-01
6.201236844062805176e-01 3.270253539085388184e-01
3.971890211105346680e-01 9.805530905723571777e-01
1.341491192579269409e-01 5.146996378898620605e-01
1.551940590143203735e-01 7.663702964782714844e-01
4.761233329772949219e-01 7.847384214401245117e-01
6.132244467735290527e-01 1.717989519238471985e-02
4.292478263378143311e-01 1.731728911399841309e-01
1.879269629716873169e-02 3.030026257038116455e-01
7.644368410110473633e-01 1.807907521724700928e-01
3.125934302806854248e-01 7.440279126167297363e-01
2.565576136112213135e-01 5.269635915756225586e-01
5.953488349914550781e-01 2.232307791709899902e-01
1.354092508554458618e-01 1.706694364547729492e-01
3.636886775493621826e-01 3.432951867580413818e-01
1.050106436014175415e-01 9.916820526123046875e-01
6.974583119153976440e-02 5.546416640281677246e-01
2.089053541421890259e-01 6.752511858940124512e-01
7.713613510131835938e-01 2.633065283298492432e-01
9.710105657577514648e-01 3.515066206455230713e-01
2.718012630939483643e-01 5.246422886848449707e-01
7.456229925155639648e-01 8.952058553695678711e-01
5.663745999336242676e-01 6.770243644714355469e-01
2.818337678909301758e-01 2.757852673530578613e-01
8.764554858207702637e-01 6.016174554824829102e-01
1.535325944423675537e-01 8.731228709220886230e-01
6.225678920745849609e-01 4.629515409469604492e-01
7.446517944335937500e-01 8.273588418960571289e-01
3.580688238143920898e-01 6.720007956027984619e-02
7.219035029411315918e-01 4.350188672542572021e-01
1.915326714515686035e-01 7.721381783485412598e-01
2.313575148582458496e-01 3.469998538494110107e-01
1.134439371526241302e-03 1.527651697397232056e-01
3.741294741630554199e-01 2.976385056972503662e-01
5.216228961944580078e-01 6.225569248199462891e-01
7.825303077697753906e-01 4.029344320297241211e-01
4.234691858291625977e-01 7.127159237861633301e-01
4.917997419834136963e-01 9.530523419380187988e-01
8.732798695564270020e-02 9.808986783027648926e-01
6.595816612243652344e-01 6.870989203453063965e-01
8.143497705459594727e-01 9.419814944267272949e-01
6.501659154891967773e-01 7.007221132516860962e-02
2.400458604097366333e-01 2.779031097888946533e-01
3.903867304325103760e-01 8.301969766616821289e-01
9.529839754104614258e-01 7.299316525459289551e-01
2.982535660266876221e-01 7.860727906227111816e-01
3.664795756340026855e-01 9.604299664497375488e-01
9.587584137916564941e-01 1.843831092119216919e-01
3.079175055027008057e-01 9.736822247505187988e-01
8.665820956230163574e-01 4.244710877537727356e-02
3.651127815246582031e-01 9.004791975021362305e-01
4.314266890287399292e-02 8.502069711685180664e-01
2.457865141332149506e-02 7.470121979713439941e-01
2.960715889930725098e-01 9.206389188766479492e-01
5.402489304542541504e-01 7.064992785453796387e-01
4.818339049816131592e-01 8.534239530563354492e-01
2.903339564800262451e-01 6.003503799438476562e-01
8.719962835311889648e-01 3.437974750995635986e-01
1.037592515349388123e-01 2.797272503376007080e-01
2.943984866142272949e-01 8.147325515747070312e-01
3.106114566326141357e-01 6.661430001258850098e-01
4.213793873786926270e-01 1.194847840815782547e-02
8.308643698692321777e-01 8.179999589920043945e-01
9.670978188514709473e-01 4.923846423625946045e-01
6.725429296493530273e-01 8.848702907562255859e-01
7.759720087051391602e-01 9.422120451927185059e-01
4.689035713672637939e-01 6.692639589309692383e-01
9.032317996025085449e-01 8.421348333358764648e-01
1.875130832195281982e-01 4.159197211265563965e-01
5.131765604019165039e-01 3.966915011405944824e-01
6.639099717140197754e-01 8.310468196868896484e-01
1.811451166868209839e-01 4.610669314861297607e-01
9.330753684043884277e-01 2.096585035324096680e-01
7.128636538982391357e-02 3.230091929435729980e-01
5.578603595495223999e-02 1.217575743794441223e-01
2.953400313854217529e-01 3.168291449546813965e-01
7.453048974275588989e-02 6.055442690849304199e-01
7.627982497215270996e-01 6.176890134811401367e-01
1.639327853918075562e-01 4.995451569557189941e-01
7.848373651504516602e-01 2.005777880549430847e-02
4.050168991088867188e-01 4.079658091068267822e-01
7.139967679977416992e-01 6.274898648262023926e-01
1.558123677968978882e-01 6.204960942268371582e-01
5.621852874755859375e-01 4.252452850341796875e-01
9.206645488739013672e-01 7.485802769660949707e-01
9.254063963890075684e-01 5.673349499702453613e-01
9.792246818542480469e-01 6.843239665031433105e-01
8.320904970169067383e-01 9.402130842208862305e-01
5.809097290039062500e-01 7.626193761825561523e-02
7.019033432006835938e-01 6.705486774444580078e-02
4.320490360260009766e-02 3.015871644020080566e-01
8.685905337333679199e-01 7.426951527595520020e-01
4.740157127380371094e-01 2.837644815444946289e-01
3.794080913066864014e-01 7.563526034355163574e-01
5.886195302009582520e-01 7.510254979133605957e-01
7.262335419654846191e-01 1.420830190181732178e-01
4.648052155971527100e-01 4.816827774047851562e-01
1.832448840141296387e-01 8.441001176834106445e-01
5.482286214828491211e-01 3.186333477497100830e-01
6.058315038681030273e-01 7.589392066001892090e-01
9.945056438446044922e-01 6.173974871635437012e-01
8.558009266853332520e-01 8.903183937072753906e-01
2.926641404628753662e-01 6.410879492759704590e-01
5.987851619720458984e-01 9.339303374290466309e-01
8.137612938880920410e-01 5.308355093002319336e-01
9.661861658096313477e-01 4.258703887462615967e-01
5.173541307449340820e-01 7.675128579139709473e-01
4.059778153896331787e-01 6.370020508766174316e-01
7.199736237525939941e-01 3.532071113586425781e-01
5.456312298774719238e-01 2.370113432407379150e-01
2.432593107223510742e-01 8.057919740676879883e-01
2.958242967724800110e-02 8.536078333854675293e-01
8.968364596366882324e-01 9.986589550971984863e-01
6.666234135627746582e-01 5.204281210899353027e-01
9.803867936134338379e-01 5.532941222190856934e-01
7.974797487258911133e-01 1.973495334386825562e-01
7.634921073913574219e-01 3.725044727325439453e-01
5.897805094718933105e-01 1.749590486288070679e-01
2.029790133237838745e-01 9.964014887809753418e-01
3.184189498424530029e-01 1.736028641462326050e-01
1.458853632211685181e-01 6.449977159500122070e-01
1.727194637060165405e-01 3.791072592139244080e-02
5.657598972320556641e-01 6.500141322612762451e-02
3.970435261726379395e-01 5.819960832595825195e-01
6.884551644325256348e-01 7.167163491249084473e-01
3.473889827728271484e-01 7.065286636352539062e-01
2.776060402393341064e-01 3.549164533615112305e-01
2.019082754850387573e-01 5.557472705841064453e-01
9.215345233678817749e-02 9.151189923286437988e-01
