9.668078422546386719e-01 8.040696382522583008e-01
1.232979223132133484e-01 4.537650942802429199e-02
4.428659379482269287e-01 6.386183500289916992e-01
5.951663851737976074e-01 9.219660609960556030e-02
7.609284520149230957e-01 1.416032463312149048e-01
3.398768976330757141e-02 3.131293356418609619e-01
5.104481577873229980e-01 5.786991715431213379e-01
1.240023970603942871e-01 7.791569828987121582e-01
1.065000146627426147e-01 9.842068552970886230e-01
9.492999315261840820e-01 6.902344226837158203e-01
5.646367073059082031e-01 6.667016744613647461e-01
4.785361588001251221e-01 4.977603554725646973e-01
8.444958329200744629e-01 3.024552464485168457e-01
5.519553422927856445e-01 3.788840398192405701e-02
9.081949591636657715e-01 2.897686660289764404e-01
1.651643030345439911e-02 4.052007198333740234e-01
8.550040721893310547e-01 3.451714813709259033e-01
1.210988014936447144e-01 1.955722868442535400e-01
9.013432860374450684e-01 7.504624128341674805e-01
9.700009226799011230e-01 5.083413720130920410e-01
9.282836914062500000e-01 9.805642068386077881e-02
1.573742032051086426e-01 3.653599321842193604e-01
6.477506756782531738e-01 6.581516861915588379e-01
3.384727835655212402e-01 6.941604614257812500e-01
9.053657054901123047e-01 9.796762466430664062e-01
7.767796516418457031e-01 9.445188045501708984e-01
7.000329494476318359e-01 3.680863082408905029e-01
5.992906093597412109e-01 2.836332619190216064e-01
4.748651385307312012e-01 2.098924964666366577e-01
6.101619601249694824e-01 9.729948043823242188e-01
4.582996368408203125e-01 4.533201456069946289e-01
2.213161438703536987e-01 4.819024503231048584e-01
7.119476199150085449e-01 9.610862731933593750e-01
3.213502466678619385e-01 7.311439514160156250e-02
3.930453062057495117e-01 1.250555068254470825e-01
1.221827268600463867e-01 8.825777173042297363e-01
1.488849669694900513e-01 2.833726108074188232e-01
2.323445528745651245e-01 3.860332071781158447e-01
8.649893403053283691e-01 1.859852075576782227e-01
1.099533662199974060e-01 2.991614639759063721e-01
2.907725572586059570e-01 5.542019605636596680e-01
8.130578994750976562e-01 8.628344535827636719e-01
8.414947986602783203e-01 5.942748188972473145e-01
9.665533900260925293e-01 9.672698974609375000e-01
9.390196800231933594e-01 1.976279467344284058e-01
2.026963531970977783e-01 6.304497122764587402e-01
2.654054462909698486e-01 9.675801396369934082e-01
5.463355779647827148e-01 9.894942045211791992e-01
3.022291958332061768e-01 7.173910737037658691e-01
2.732805609703063965e-01 3.548724651336669922e-01
4.134227335453033447e-01 9.707951545715332031e-01
3.269892334938049316e-01 3.478696048259735107e-01
6.662899851799011230e-01 5.219610929489135742e-01
9.593824297189712524e-02 6.390357017517089844e-01
4.618506729602813721e-01 6.920419931411743164e-01
2.072487771511077881e-02 5.274339914321899414e-01
2.655625343322753906e-02 9.141036868095397949e-02
7.096545696258544922e-01 7.394947409629821777e-01
8.995708227157592773e-01 4.261575937271118164e-01
6.068133711814880371e-01 8.279238939285278320e-01
8.427426815032958984e-01 7.155151367187500000e-01
8.160188794136047363e-01 1.661070585250854492e-01
7.055772542953491211e-01 5.444822311401367188e-01
6.718081980943679810e-02 5.384795069694519043e-01
5.263969898223876953e-01 7.589007019996643066e-01
9.424125552177429199e-01 6.340584754943847656e-01
3.512494862079620361e-01 9.660865664482116699e-01
2.132982201874256134e-02 2.167844772338867188e-02
1.530012786388397217e-01 8.116320371627807617e-01
9.028784632682800293e-01 5.121313333511352539e-01
7.708020210266113281e-01 8.013372421264648438e-01
4.025346338748931885e-01 9.186372756958007812e-01
9.490054249763488770e-01 4.214395955204963684e-02
6.517943739891052246e-01 1.575476676225662231e-01
4.704149067401885986e-01 3.970848917961120605e-01
3.760497868061065674e-01 2.922548949718475342e-01
8.416482806205749512e-01 9.690290093421936035e-01
4.124722778797149658e-01 5.918449759483337402e-01
1.019712612032890320e-01 4.559049904346466064e-01
5.763323903083801270e-01 3.175698518753051758e-01
2.679653763771057129e-01 8.007846474647521973e-01
4.712105914950370789e-02 4.595060348510742188e-01
3.838434815406799316e-01 6.835572123527526855e-01
9.836093187332153320e-01 6.476888060569763184e-01
2.801931835711002350e-02 4.205146431922912598e-01
6.897699236869812012e-01 6.181146502494812012e-01
7.885017246007919312e-02 3.367107808589935303e-01
1.974244862794876099e-01 5.517266988754272461e-01
6.615750193595886230e-01 2.944710552692413330e-01
8.838838934898376465e-01 6.569234728813171387e-01
7.465363144874572754e-01 8.768302202224731445e-02
3.587614595890045166e-01 7.691309452056884766e-01
8.996626734733581543e-01 8.749673962593078613e-01
8.710942864418029785e-01 1.104594618082046509e-01
7.458829879760742188e-01 4.527133405208587646e-01
7.866160869598388672e-01 2.386248111724853516e-01
9.204632639884948730e-01 7.784714698791503906e-01
5.521267652511596680e-01 7.258227467536926270e-01
2.114685326814651489e-01 3.619522750377655029e-01
5.240241289138793945e-01 1.964176148176193237e-01
4.177448451519012451e-01 2.494752407073974609e-01
6.593831181526184082e-01 4.444365799427032471e-01
7.562302052974700928e-02 7.480615973472595215e-01
7.745853066444396973e-01 9.661083221435546875e-01
3.041771948337554932e-01 6.146087050437927246e-01
6.266655325889587402e-01 8.906311988830566406e-01
3.571110665798187256e-01 4.718883335590362549e-01
1.992198973894119263e-01 2.030932903289794922e-01
1.415379494428634644e-01 6.062254905700683594e-01
7.774041891098022461e-01 5.668258070945739746e-01
6.133396029472351074e-01 3.962573111057281494e-01
7.773064374923706055e-01 2.278327941894531250e-03
6.880061030387878418e-01 8.642493486404418945e-01
4.433489963412284851e-02 7.984037399291992188e-01
5.971520543098449707e-01 9.018102884292602539e-01
4.619694352149963379e-01 7.306051254272460938e-02
7.458678483963012695e-01 3.268050253391265869e-01
6.817485094070434570e-01 2.053813040256500244e-01
9.702048897743225098e-01 4.227443039417266846e-01
9.805117845535278320e-01 6.868572831153869629e-01
7.421098947525024414e-01 5.283280014991760254e-01
7.217689752578735352e-01 6.744495630264282227e-01
7.476168870925903320e-02 1.629993319511413574e-01
6.202934384346008301e-01 4.783694148063659668e-01
3.476422727108001709e-01 2.111237496137619019e-01
6.479266285896301270e-01 8.175400495529174805e-01
1.184134110808372498e-01 1.176473218947649002e-02
5.253872871398925781e-01 4.440305531024932861e-01
5.135971307754516602e-01 8.545712232589721680e-01
2.229655086994171143e-01 7.575641274452209473e-01
9.803706407546997070e-02 1.078138425946235657e-01
8.647986650466918945e-01 2.160951048135757446e-01
6.134268045425415039e-01 1.079962030053138733e-02
5.022357702255249023e-01 3.342611491680145264e-01
8.392188549041748047e-01 1.229239851236343384e-01
3.039705157279968262e-01 9.266306161880493164e-01
3.698382675647735596e-01 1.195991337299346924e-01
6.977100968360900879e-01 9.574190378189086914e-01
9.115431308746337891e-01 3.788082003593444824e-01
5.472911596298217773e-01 3.376226127147674561e-01
9.042970538139343262e-01 3.857641294598579407e-02
8.436254858970642090e-01 5.771952271461486816e-01
8.647850155830383301e-01 2.609586417675018311e-01
1.066037714481353760e-01 9.291352033615112305e-01
4.191057980060577393e-01 1.178563088178634644e-01
2.378081381320953369e-01 9.489660859107971191e-01
4.046739935874938965e-01 4.093741178512573242e-01
1.244165189564228058e-02 8.359313011169433594e-01
5.179312825202941895e-01 1.504175513982772827e-01
7.038441300392150879e-02 8.670971989631652832e-01
6.929091811180114746e-01 8.019673824310302734e-01
9.469466209411621094e-01 2.810216248035430908e-01
3.767875432968139648e-01 7.456781864166259766e-01
6.112705469131469727e-01 5.717200636863708496e-01
6.704358458518981934e-01 2.499670684337615967e-01
2.111822962760925293e-01 2.652662396430969238e-01
7.927462458610534668e-01 4.406760632991790771e-01
7.835534214973449707e-01 7.460360229015350342e-02
6.596747040748596191e-01 9.831824153661727905e-02
2.042792290449142456e-01 6.965474486351013184e-01
9.630271196365356445e-01 1.615442782640457153e-01
2.422367632389068604e-01 2.790284156799316406e-01
3.463407158851623535e-01 5.350179076194763184e-01
8.594734072685241699e-01 7.759125232696533203e-01
8.429767489433288574e-01 9.906600117683410645e-01
4.311082959175109863e-01 2.106110751628875732e-01
8.694856166839599609e-01 4.945680499076843262e-01
4.314239025115966797e-01 8.823318481445312500e-01
3.076217174530029297e-01 3.017091192305088043e-02
5.827350616455078125e-01 1.153774261474609375e-01
5.578374266624450684e-01 9.162919521331787109e-01
7.470753192901611328e-01 5.991650819778442383e-01
2.639747224748134613e-02 1.701804548501968384e-01
3.793748915195465088e-01 8.345059752464294434e-01
1.979462057352066040e-01 9.235540628433227539e-01
5.902948975563049316e-01 5.296885967254638672e-01
2.616346776485443115e-01 2.838732302188873291e-01
1.401884555816650391e-01 5.434122085571289062e-01
8.476227521896362305e-03 2.607583105564117432e-01
6.148311495780944824e-01 2.788311839103698730e-01
2.994571812450885773e-03 2.139722257852554321e-01
5.910835862159729004e-01 6.406745314598083496e-01
1.986082047224044800e-01 3.812858089804649353e-02
4.764188826084136963e-01 5.564637780189514160e-01
9.163314104080200195e-01 3.382182121276855469e-01
8.693225979804992676e-01 4.653864800930023193e-01
3.506301641464233398e-01 4.401076734066009521e-01
7.071747183799743652e-01 8.257057666778564453e-01
9.344000816345214844e-01 5.894848108291625977e-01
5.381019711494445801e-01 8.858048915863037109e-01
9.093043804168701172e-01 9.423538446426391602e-01
3.051323592662811279e-01 7.861508131027221680e-01
7.541154623031616211e-01 6.436638832092285156e-01
2.746177613735198975e-01 2.249680161476135254e-01
8.152161240577697754e-01 6.508181095123291016e-01
4.347640872001647949e-01 4.063327014446258545e-01
2.567152678966522217e-01 2.004012763500213623e-01
4.249132275581359863e-01 5.294002890586853027e-01
7.784259915351867676e-01 7.629325985908508301e-01
2.737374901771545410e-01 3.022425621747970581e-02
3.171282708644866943e-01 8.706328868865966797e-01
4.857834577560424805e-01 8.061257004737854004e-01
2.354530990123748779e-01 8.944615721702575684e-01
3.761166632175445557e-01 2.582994103431701660e-01
5.714264512062072754e-01 4.204258620738983154e-01
7.252705693244934082e-01 1.874600201845169067e-01
7.956286668777465820e-01 3.682512044906616211e-01
8.052400499582290649e-02 6.013095974922180176e-01
1.317937821149826050e-01 9.534620642662048340e-01
5.575130581855773926e-01 4.663760066032409668e-01
1.845807023346424103e-02 1.061082482337951660e-01
2.618451714515686035e-01 4.316059052944183350e-01
7.766823470592498779e-02 7.108158469200134277e-01
5.085996389389038086e-01 6.161769628524780273e-01
1.248502209782600403e-01 4.829816520214080811e-01
2.238679677248001099e-01 6.001424193382263184e-01
2.066638618707656860e-01 8.345767259597778320e-01
8.660207390785217285e-01 5.582829713821411133e-01
4.798280596733093262e-01 9.617457985877990723e-01
6.361066699028015137e-01 9.599069952964782715e-01
5.302364826202392578e-01 2.964849472045898438e-01
3.092515170574188232e-01 1.860461980104446411e-01
5.008908510208129883e-01 8.617510795593261719e-01
2.469705194234848022e-01 6.229856610298156738e-01
8.922090530395507812e-01 8.437851071357727051e-01
2.413366436958312988e-01 7.821215391159057617e-01
8.100173473358154297e-01 7.751511931419372559e-01
2.349327206611633301e-01 1.316062361001968384e-01
1.245458796620368958e-01 3.877852857112884521e-01
1.256397515535354614e-01 6.920512318611145020e-01
6.355986595153808594e-01 7.816559076309204102e-01
6.409904360771179199e-01 7.305345535278320312e-01
9.197379946708679199e-01 7.317771911621093750e-01
3.347391486167907715e-01 6.052914857864379883e-01
4.712519645690917969e-01 7.046394944190979004e-01
9.854786396026611328e-01 3.575457930564880371e-01
7.756037637591362000e-03 8.766858577728271484e-01
3.584369719028472900e-01 9.990253448486328125e-01
4.626663401722908020e-02 9.524047374725341797e-01
5.482715368270874023e-01 3.818544745445251465e-01
5.120000243186950684e-01 8.678501099348068237e-02
9.484820365905761719e-01 9.131364226341247559e-01
1.962502598762512207e-01 8.752511143684387207e-01
4.377467036247253418e-01 8.038445711135864258e-01
4.108844697475433350e-01 3.454024195671081543e-01
3.688394725322723389e-01 9.176195263862609863e-01
7.132863402366638184e-01 2.428830116987228394e-01
6.744797825813293457e-01 4.148562625050544739e-02
7.807796597480773926e-01 3.824431300163269043e-01
1.702654063701629639e-01 1.348580569028854370e-01
1.952191442251205444e-01 3.694862723350524902e-01
2.829892560839653015e-03 5.849997401237487793e-01
3.281503617763519287e-01 3.804642558097839355e-01
1.915418952703475952e-01 1.143098399043083191e-01
2.778478562831878662e-01 4.799037873744964600e-01
4.738254547119140625e-01 6.187018007040023804e-02
