0.149522 0.596732
0.951844 0.873554
0.45242 0.254261
0.647804 0.657335
0.411345 0.45399
0.532292 0.514389
0.672677 0.318203
0.109653 0.936975
0.953864 0.570451
0.422554 0.837337
0.645684 0.263211
0.294594 0.85454
0.141457 0.566527
0.163436 0.623817
0.868711 0.680366
0.0299727 0.486519
0.0242687 0.143773
0.652065 0.687504
0.96879 0.353939
0.610296 0.128087
0.693474 0.931302
0.827752 0.740923
0.044782 0.369231
0.954791 0.788765
0.576359 0.306844
0.307529 0.586558
0.212209 0.374954
0.205529 0.324244
0.0669341 0.464628
0.801373 0.495628
0.116852 0.436471
0.731982 0.582313
0.926945 0.972424
0.724103 0.785096
0.545164 0.194275
0.218005 0.231103
0.0932213 0.681236
0.644456 0.4011
0.128693 0.810108
0.00558984 0.671495
0.124269 0.481923
0.644241 0.749957
0.45655 0.091335
0.561806 0.594334
0.16136 0.0338606
0.274465 0.123435
0.596567 0.984089
0.301329 0.486062
0.651921 0.979993
0.375529 0.394405
0.961385 0.541983
0.89394 0.729873
0.717419 0.64471
0.707607 0.431092
0.350158 0.992951
0.416904 0.262489
0.903138 0.53172
0.981698 0.26519
0.531949 0.722406
0.216822 0.0395937
0.0406332 0.859736
0.0222335 0.343169
0.737703 0.410097
0.61758 0.383153
0.452177 0.511724
0.653904 0.171215
0.741497 0.0753479
0.689343 0.225602
0.52697 0.543135
0.17625 0.432166
0.510936 0.249243
0.155275 0.199865
0.456309 0.711882
0.456935 0.658044
0.373034 0.767883
0.194912 0.822455
0.0694023 0.84512
0.319517 0.192042
0.686927 0.494878
0.716286 0.494369
0.258026 0.262418
0.723742 0.839041
0.18617 0.602887
0.00838871 0.909024
0.517764 0.642276
0.598239 0.217106
0.443667 0.633862
0.821781 0.1287
0.292859 0.660771
0.821613 0.779643
0.134118 0.321185
0.590914 0.592898
0.948526 0.480988
0.117272 0.843022
0.21715 0.197231
0.745211 0.488898
0.35919 0.0936084
0.221961 0.795975
0.751687 0.71687
0.907439 0.612478
0.291892 0.819006
0.0742277 0.0155857
0.466783 0.383757
0.329297 0.0661595
0.264603 0.348904
0.508295 0.432611
0.599864 0.936676
0.687635 0.542247
0.350879 0.206097
0.486036 0.160852
0.484018 0.956613
0.411844 0.581259
0.184339 0.139686
0.447114 0.923277
0.4964 0.538248
0.188523 0.346457
0.918352 0.879433
0.0795795 0.928432
0.457647 0.88984
0.522864 0.813752
0.861194 0.102763
0.559475 0.128428
0.329338 0.230279
0.742583 0.339005
0.572125 0.948758
0.212265 0.969883
0.672122 0.902787
0.385664 0.708763
0.568485 0.432704
0.87541 0.857926
0.50846 0.916653
0.00537038 0.591563
0.658052 0.0875002
0.512714 0.464179
0.476189 0.117621
0.00597623 0.0414209
0.754217 0.559103
0.295372 0.0193255
0.188745 0.292364
0.0661569 0.88321
0.812219 0.987842
0.244093 0.864674
0.616339 0.578364
0.0536985 0.917601
0.429105 0.321696
0.634921 0.916256
0.187721 0.95351
0.636715 0.517487
0.444703 0.228415
0.891152 0.883494
0.227885 0.349847
0.915798 0.0398603
0.235365 0.708105
0.210992 0.114666
0.801537 0.606389
0.861843 0.0130868
0.320204 0.647129
0.870509 0.93295
0.994274 0.486547
0.78951 0.201007
0.240054 0.529485
0.95312 0.0247241
0.705741 0.123796
0.913806 0.14366
0.410641 0.200304
0.627762 0.197086
0.948941 0.268363
0.774601 0.683317
0.434674 0.111907
0.483853 0.632668
0.151586 0.725961
0.371431 0.118595
0.920395 0.72405
0.314872 0.426233
0.61087 0.546004
0.82795 0.439713
0.0147098 0.175094
0.0523387 0.785427
0.425114 0.0803097
0.980276 0.431652
0.791682 0.4564
0.556967 0.837276
0.564617 0.533214
0.984737 0.133487
0.454458 0.137844
0.240596 0.16882
0.27683 0.737916
0.554464 0.80879
0.750346 0.175117
0.400885 0.555831
0.354562 0.964995
0.667475 0.137348
0.0612982 0.247113
0.34345 0.7587
0.142565 0.373194
0.962541 0.934387
0.673642 0.769786
0.464347 0.797773
0.677369 0.411179
0.740716 0.750324
0.825612 0.704051
0.675599 0.960621
0.993707 0.935181
0.218176 0.145522
0.893908 0.296145
0.175878 0.699042
0.75302 0.141503
0.854638 0.347817
0.367595 0.835524
0.879118 0.608346
0.712365 0.524756
0.745653 0.202933
0.914163 0.24777
0.709078 0.335507
0.442841 0.449614
0.158045 0.960849
0.0126095 0.872115
0.436876 0.599667
0.388269 0.630039
0.0954929 0.750517
0.0905398 0.487622
0.0694535 0.52907
0.139453 0.259565
0.589874 0.344151
0.511369 0.750421
0.122907 0.966923
0.0929288 0.897493
0.523878 0.6745
0.621559 0.640109
0.412897 0.871817
0.801447 0.881146
0.289899 0.452088
0.659543 0.202603
0.112281 0.373179
0.673692 0.284321
0.115949 0.240352
0.270099 0.871567
0.853964 0.244063
0.643101 0.300163
0.576325 0.461702
0.799863 0.0330123
0.775371 0.837016
0.15518 0.0943531
0.661422 0.931967
0.101631 0.307643
0.016743 0.276148
0.982266 0.383047
0.798267 0.272994
0.354332 0.794058
0.545592 0.0588038
0.938613 0.750992
0.0326075 0.695431
0.323267 0.876581
0.591096 0.652178
0.320932 0.461352
0.776799 0.167063
0.194884 0.40361
0.114087 0.781761
0.354164 0.477027
0.547782 0.654234
0.873361 0.707738
0.430928 0.539506
0.0706841 0.811396
0.331682 0.722758
0.43492 0.388488
0.393359 0.73853
0.971899 0.233467
0.342531 0.391826
0.953257 0.71935
0.511081 0.83893
0.284131 0.280163
0.617434 0.674065
0.690135 0.463524
0.75761 0.809913
0.365295 0.363572
0.569293 0.727791
0.90226 0.0734801
0.795257 0.235436
0.025263 0.798643
0.613647 0.776867
0.281043 0.184234
0.0438245 0.273286
0.0847051 0.716578
0.961332 0.402118
0.979243 0.775766
0.900668 0.579487
0.969966 0.906106
0.25847 0.406709
0.299386 0.717076
0.564027 0.368316
0.0255606 0.552059
0.995536 0.554036
0.589842 0.380538
0.515427 0.166742
0.380623 0.535412
0.0981043 0.818584
0.606666 0.0552824
0.881332 0.400045
0.211307 0.0769634
0.580046 0.0106247
0.886724 0.116953
0.218954 0.84763
0.635042 0.0358011
0.583835 0.1119
0.0922944 0.397681
0.566926 0.21459
0.133877 0.29236
0.346164 0.311857
0.823818 0.221273
0.566651 0.979689
0.388282 0.426642
0.640691 0.548414
0.760202 0.933573
0.23832 0.0171943
0.106698 0.00438255
0.381719 0.878219
0.521261 0.88948
0.85123 0.530929
0.514817 0.294587
0.200836 0.169695
0.948039 0.141828
0.608951 0.31416
0.667296 0.871662
0.657586 0.05409
0.602972 0.440385
0.689196 0.794249
0.235827 0.486058
0.0220072 0.0818853
0.12123 0.0404122
0.707737 0.0194051
0.722198 0.461999
0.290778 0.104059
0.422875 0.145193
0.270033 0.479864
0.847133 0.917642
0.485672 0.891371
0.889098 0.229203
0.760706 0.360395
0.154915 0.868407
0.185586 0.791421
0.936615 0.904871
0.464331 0.766226
0.00673373 0.765176
0.29737 0.550876
0.770105 0.87186
0.520626 0.78245
0.668308 0.519864
0.168686 0.759084
0.881516 0.553737
0.560313 0.269737
0.404946 0.115286
0.653988 0.810373
0.971495 0.695485
0.694986 0.847833
0.827357 0.621916
0.249269 0.291554
0.122258 0.875301
0.461826 0.344341
0.38758 0.145468
0.0309972 0.310487
0.534166 0.418093
0.357349 0.697338
0.836198 0.676859
0.318121 0.774575
0.182235 0.463727
0.626052 0.610933
0.128731 0.104457
0.267493 0.969113
0.939985 0.418487
0.328048 0.0962458
0.231561 0.822964
0.266831 0.153705
0.240506 0.945237
0.18368 0.733437
0.28256 0.605744
0.408098 0.341428
0.209525 0.875363
0.914667 0.441748
0.947702 0.448395
0.44448 0.0183838
0.383767 0.598249
0.443924 0.568759
0.975733 0.10704
0.0626431 0.0485575
0.92228 0.20874
0.831076 0.0419445
0.0665684 0.143365
0.250803 0.631539
0.565787 0.504764
0.608389 0.251972
0.276693 0.996426
0.62935 0.840953
0.715892 0.702654
0.234016 0.899823
0.378255 0.325227
0.605867 0.0245036
0.422036 0.715513
0.708477 0.397711
0.859101 0.377998
0.11527 0.586455
0.63568 0.948881
0.944161 0.113195
0.328871 0.497412
0.413965 0.926449
0.436986 0.359226
0.0015136 0.213927
0.351938 0.548082
0.0332404 0.0545175
0.387377 0.90695
0.343909 0.0285915
0.69531 0.578908
0.846191 0.986196
0.980959 0.98174
0.681394 0.711694
0.160978 0.399153
0.560077 0.331195
0.693153 0.625365
0.420321 0.988267
0.0855095 0.582978
0.360522 0.28406
0.926335 0.778818
0.860057 0.0482869
0.983984 0.882025
0.528186 0.0320074
0.174707 0.923697
0.0270935 0.97196
0.613663 0.745067
0.259739 0.449404
0.132417 0.216965
0.51328 0.946919
0.350068 0.931217
0.352197 0.863075
0.101372 0.155957
0.227828 0.65273
0.215099 0.74106
0.452846 0.417665
0.480753 0.242073
0.58779 0.692502
0.121143 0.909206
0.829696 0.101935
0.0422861 0.825961
0.246474 0.235077
0.791201 0.926904
0.449547 0.822868
0.99385 0.0773429
0.212126 0.000323169
0.502127 0.134091
0.847245 0.767765
0.798116 0.143534
0.276573 0.0526783
0.71899 0.555092
0.589767 0.280507
0.206163 0.436412
0.989195 0.625083
0.0741686 0.0764521
0.844313 0.560051
0.986697 0.0136621
0.532264 0.0920993
0.819201 0.930235
0.550955 0.698695
0.541403 0.153848
0.588826 0.816367
0.0235917 0.729964
0.743527 0.523006
0.903959 0.835953
0.621066 0.809324
0.858513 0.212484
0.344312 0.663627
0.928045 0.631321
0.681758 0.257333
0.565862 0.0350346
0.604568 0.0914274
0.294023 0.952989
0.375261 0.0137783
0.353803 0.896531
0.689205 0.157054
0.44361 0.740574
0.541235 0.45066
0.147114 0.692799
0.41402 0.620068
0.655578 0.487449
0.425309 0.956183
0.658063 0.233377
0.384675 0.809204
0.63901 0.112064
0.880099 0.151631
0.986486 0.522691
0.98139 0.194227
0.99353 0.329725
0.826591 0.013097
0.482162 0.414744
0.507468 0.569265
0.509911 0.00910874
0.07473 0.65322
0.786577 0.793869
0.864115 0.281659
0.949228 0.671919
0.477295 0.447167
0.656897 0.626299
0.202867 0.571835
0.820407 0.532173
0.620136 0.282121
0.470981 0.849228
0.204237 0.908916
0.79401 0.39662
0.0792522 0.985499
0.566209 0.172731
0.535789 0.388298
0.262383 0.668444
0.839295 0.840491
0.800246 0.821323
0.475384 0.572369
0.729717 0.875591
0.684643 0.821486
0.386447 0.283771
0.0761532 0.279225
0.805027 0.0664914
0.665748 0.562566
0.389341 0.249477
0.226735 0.403546
0.960681 0.169468
0.773294 0.427019
0.0540991 0.721301
0.14999 0.784433
0.86307 0.892147
0.923763 0.00823811
0.191245 0.259984
0.637196 0.144071
0.963484 0.504284
0.321873 0.00332621
0.998013 0.803174
0.856089 0.447373
0.31175 0.395534
0.267197 0.93436
0.475721 0.0201756
0.672491 0.437793
0.180525 0.888124
0.497823 0.864576
0.257946 0.507298
0.902554 0.801032
0.379075 0.499956
0.608667 0.905854
0.513098 0.362657
0.702632 0.363917
0.396477 0.365108
0.281623 0.634474
0.581232 0.75804
0.349468 0.341092
0.785905 0.646495
0.308253 0.748121
0.544141 0.302
0.872586 0.753243
0.584611 0.891403
0.583771 0.788002
0.172156 0.570227
0.883557 0.259674
0.427746 0.492207
0.0637942 0.395324
0.823798 0.896656
0.962443 0.0789185
0.00475445 0.245579
0.776267 0.901714
0.5452 0.00398105
0.428549 0.043799
0.37854 0.042642
0.78396 0.997562
0.262591 0.0833527
0.0923503 0.862307
0.741992 0.962082
0.293656 0.352178
0.219167 0.597204
0.557536 0.626085
0.0561362 0.212076
0.81168 0.56545
0.583485 0.559269
0.54535 0.749421
0.840228 0.954982
0.0597939 0.497313
0.43351 0.286179
0.551355 0.562001
0.711193 0.905717
0.358727 0.0620122
0.238802 0.770834
0.35478 0.419598
0.353005 0.515551
0.000206496 0.300262
0.714026 0.210776
0.18401 0.539211
0.535959 0.859084
0.220688 0.463746
0.837883 0.0739553
0.287233 0.786621
0.0418672 0.662985
0.820052 0.339661
0.113152 0.343943
0.644131 0.367389
0.761516 0.592665
0.873116 0.516672
0.171067 0.511096
0.831165 0.193538
0.539016 0.351114
0.628558 0.000773872
0.746051 0.686608
0.708314 0.761279
0.620501 0.462973
0.990793 0.159872
0.941642 0.0542437
0.646175 0.586886
0.156538 0.486675
0.246692 0.198646
0.117476 0.5479
0.204874 0.707114
0.478854 0.741798
0.116544 0.131867
0.35329 0.142002
0.218369 0.297061
0.579201 0.0647265
0.55038 0.889849
0.999795 0.96399
0.837548 0.31355
0.100822 0.458934
0.91294 0.406833
0.744828 0.903097
0.122404 0.617591
0.822429 0.367915
0.752749 0.991273
0.163227 0.814089
0.390677 0.0861311
0.150572 0.536281
0.985017 0.850767
0.454194 0.95652
0.499915 0.0965915
0.284051 0.41866
0.532072 0.587964
0.393619 0.845659
0.26423 0.835297
0.188871 0.642358
0.258342 0.803143
0.274041 0.315558
0.856719 0.624719
0.767493 0.222664
0.927572 0.933898
0.465421 0.280721
0.479495 0.0721598
0.338211 0.171089
0.943026 0.376218
0.320517 0.528985
0.749357 0.850562
0.685077 0.682384
0.891601 0.00505006
0.296948 0.0747408
0.717632 0.672146
0.313277 0.0417881
0.147065 0.457202
0.772063 0.0285008
0.317379 0.333626
0.316423 0.618276
0.413479 0.228818
0.0407497 0.524436
0.139272 0.0166855
0.786124 0.334556
0.954761 0.839802
0.794114 0.765323
0.920232 0.501767
0.598755 0.519294
0.681031 0.7409
0.890782 0.20083
0.852507 0.480269
0.0432928 0.121053
0.0892678 0.243132
0.835053 0.279506
0.17392 0.987375
0.490705 0.663022
0.909897 0.37763
0.39421 0.958983
0.890915 0.33144
0.762362 0.393659
0.244043 0.128711
0.010366 0.459107
0.992461 0.730071
0.000534307 0.40798
0.652291 0.458722
0.378362 0.935686
0.00167213 0.701212
0.592981 0.186647
0.0635462 0.687572
0.953446 0.959726
0.742448 0.439188
0.262793 0.0278501
0.875404 0.0762002
0.715476 0.278289
0.417177 0.75419
0.644481 0.781661
0.105713 0.197995
0.203212 0.768129
0.492996 0.782175
0.675182 0.382127
0.36605 0.645955
0.110091 0.0717741
0.455539 0.0541339
0.517631 0.32679
0.341779 0.82428
0.953942 0.994302
0.929594 0.0835102
0.403653 0.304219
0.249827 0.599994
0.482081 0.197597
0.376567 0.455915
0.744076 0.624672
0.0979078 0.0988076
0.758565 0.310816
0.271168 0.214783
0.158048 0.126305
0.477249 0.924718
0.739122 0.112476
0.912921 0.111008
0.164721 0.664309
0.876885 0.827471
0.707602 0.96292
0.266475 0.703407
0.368696 0.176593
0.64972 0.721108
0.293599 0.891189
0.464087 0.541594
0.260653 0.9055
0.502469 0.220296
0.979699 0.658418
0.052801 0.338239
0.237524 0.434007
0.931342 0.174448
0.561705 0.0904696
0.819313 0.648109
0.864243 0.582748
0.343894 0.443968
0.809428 0.305639
0.699053 0.304781
0.773884 0.495655
0.798147 0.0970689
0.766613 0.092727
0.407971 0.686506
0.483163 0.988233
0.959293 0.32705
0.452219 0.988963
0.190447 0.046364
0.515482 0.979587
0.0281219 0.393975
0.290066 0.515329
0.399678 0.172251
0.819272 0.469729
0.786316 0.57419
0.941229 0.237548
0.400049 0.481228
0.21028 0.513877
0.935608 0.526709
0.197203 0.48916
0.351663 0.619766
0.511596 0.495499
0.900823 0.17443
0.730488 0.30717
0.0244418 0.616218
0.800853 0.734452
0.939569 0.302119
0.368912 0.574032
0.50239 0.393656
0.74296 0.0196023
0.855217 0.13553
0.91928 0.322574
0.83349 0.501645
0.769719 0.535033
0.438103 0.682324
0.770169 0.742565
0.73953 0.237204
0.590076 0.486049
0.245528 0.736656
0.87451 0.787567
0.215347 0.934951
0.0584407 0.562625
0.215035 0.62617
0.380934 0.210869
0.615569 0.966889
0.509875 0.69717
0.898896 0.976749
0.657327 0.844334
0.859341 0.653742
0.216421 0.545902
0.736705 0.0464784
0.568797 0.671717
0.402861 0.0568289
0.321895 0.120719
0.679622 0.109376
0.62826 0.229582
0.141992 0.0641981
0.487154 0.818681
0.232333 0.679932
0.854566 0.810153
0.789916 0.365985
0.473683 0.688084
0.125263 0.670159
0.680264 0.653845
0.361442 0.733146
0.0899486 0.551187
0.0917524 0.962219
0.753469 0.654539
0.408175 0.0169497
0.722608 0.147912
0.603118 0.412103
0.010581 0.11203
0.140386 0.64317
0.916385 0.661167
0.417459 0.807186
0.320021 0.842376
0.673296 0.349877
0.0481096 0.170384
0.166858 0.169208
0.550487 0.778457
0.487484 0.320056
0.88531 0.432024
0.566609 0.404072
0.780898 0.298754
0.757401 0.777039
0.0777203 0.174244
0.539749 0.927594
0.274139 0.574993
0.139053 0.989886
0.492899 0.0424833
0.528487 0.12213
0.789699 0.708735
0.623885 0.705526
0.297645 0.920932
0.80659 0.175746
0.153013 0.345141
0.0152457 0.00483662
0.148445 0.839666
0.762716 0.462551
0.491452 0.281652
0.714281 0.249789
0.177599 0.372998
0.182745 0.851002
0.174603 0.0697869
0.381736 0.671834
0.545941 0.481331
0.406145 0.395355
0.576639 0.244749
0.597912 0.720497
0.832393 0.591537
0.826367 0.809139
0.241358 0.568064
0.0996542 0.515793
0.116625 0.702806
0.0503538 0.0924443
0.976087 0.0471172
0.715648 0.730394
0.77324 0.0609781
0.0305807 0.199238
0.0430157 0.452851
0.285887 0.243114
0.399084 0.780488
0.168046 0.31623
0.32345 0.289682
0.803188 0.675429
0.573302 0.863954
0.707835 0.0554311
0.0800034 0.118609
0.296721 0.688203
0.674861 0.600498
0.53266 0.266551
0.829174 0.395611
0.283837 0.38225
0.775242 0.963846
0.916544 0.471516
0.415081 0.65484
0.141308 0.15239
0.862595 0.179257
0.930001 0.694234
0.409138 0.518665
0.32735 0.688849
0.267971 0.542678
0.890544 0.644852
0.0571184 0.954542
0.928973 0.349719
0.686215 0.0749363
0.0584747 0.600941
0.459745 0.169132
0.186325 0.101106
0.0832788 0.430681
0.776933 0.121961
0.0357579 0.894591
0.122297 0.404829
0.486935 0.357696
0.97435 0.818031
0.630075 0.0765874
0.714093 0.0915903
0.902179 0.762867
0.7937 0.530684
0.0318307 0.235283
0.325102 0.948563
0.980276 0.582893
0.5681 0.917822
0.310134 0.259375
0.724759 0.81184
0.160592 0.237641
0.127568 0.17894
0.887599 0.360237
0.93407 0.813152
0.453231 0.203792
0.149859 0.899685
0.385723 0.985921
0.840969 0.868425
0.453221 0.477212
0.681823 0.034702
0.325121 0.365733
0.590499 0.622505
0.106084 0.275248
0.92333 0.558427
0.770582 0.257763
0.319618 0.802902
0.717321 0.178577
0.80534 0.959559
0.717781 0.607236
0.731634 0.373634
0.0044677 0.365625
0.435486 0.781278
0.616948 0.16673
0.82293 0.252641
0.0831337 0.331026
0.775174 0.619458
0.04055 0.0229859
0.0337335 0.582527
0.301026 0.308945
0.970458 0.29529
0.522938 0.615584
0.6601 0.0131069
0.851795 0.724945
0.237897 0.0970382
0.444146 0.862
0.495015 0.600093
0.0893957 0.615809
0.243212 0.323354
0.955167 0.640416
0.0818761 0.208391
0.143946 0.934638
0.26819 0.766184
0.887693 0.494145
0.482789 0.478344
0.130649 0.513129
0.493992 0.719122
0.483934 0.511096
0.835486 0.160087
0.341986 0.593308
0.961561 0.609222
0.0524827 0.422524
0.852228 0.414062
0.0485642 0.990765
0.882765 0.464864
0.0792807 0.363123
0.0559238 0.630748
0.59694 0.843075
0.425297 0.897553
0.223301 0.265084
0.341553 0.261291
0.363153 0.239928
0.104131 0.645758
0.197926 0.673131
0.899409 0.687524
0.0133185 0.515916
0.865574 0.315721
0.80706 0.852271
0.240534 0.0591526
0.0649905 0.751026
0.465198 0.606812
0.685948 0.188431
0.0844389 0.781376
0.457271 0.312296
0.933575 0.593826
0.887369 0.0375544
0.636161 0.428892
0.162719 0.279025
0.917242 0.279116
0.613137 0.870136
0.517075 0.196772
0.188387 0.228974
0.540312 0.231828
0.327669 0.563782
0.0348504 0.759362
0.620966 0.49258
0.0197381 0.429999
0.726906 0.934173
0.185385 0.198872
0.118152 0.73128
0.969887 0.747035
0.976456 0.46153
0.748229 0.273997
0.952565 0.205299
0.0123576 0.835826
0.0281244 0.937651
0.185856 0.0124942
0.586628 0.149619
0.89896 0.945046
0.514049 0.0647598
0.685227 0.992759
0.421827 0.423312
0.870328 0.968749
0.249348 0.376022
0.618211 0.346332
0.0177149 0.643718
0.32579 0.910086
0.0925488 0.0416247
0.644346 0.331901
0.318454 0.145282
0.639728 0.883354
0.432307 0.177749
0.0620578 0.305245
0.926404 0.849561
0.806272 0.423098
0.146308 0.425953
0.541658 0.964082
0.310934 0.977814
0.302264 0.214151
0.296931 0.159031
0.698102 0.878376
0.134697 0.756457
0.71943 0.991298
0.241728 0.983755
0.898853 0.913014
