0.565332 0.0875805
0.332446 0.776356
0.313796 0.52692
0.431779 0.339
0.00848965 0.95252
0.882183 0.390481
0.979144 0.272594
0.0893832 0.423375
0.0754194 0.955298
0.00733287 0.729786
0.321917 0.33791
0.565005 0.345735
0.674589 0.606628
0.630084 0.574318
0.584635 0.619909
0.108967 0.659799
0.798541 0.662359
0.421967 0.628028
0.479176 0.962621
0.347822 0.833677
0.646746 0.851931
0.821714 0.557176
0.69199 0.699942
0.638496 0.341658
0.0924087 0.9204
0.299557 0.439558
0.565709 0.596802
0.389704 0.109854
0.572933 0.776894
0.455161 0.741955
0.195613 0.345071
0.513449 0.0874354
0.641376 0.46791
0.91921 0.839392
0.288378 0.514912
0.844923 0.378417
0.862726 0.250986
0.698656 0.164378
0.929587 0.787562
0.0272433 0.131951
0.310598 0.810078
0.675411 0.188469
0.241063 0.764803
0.975831 0.579638
0.158351 0.403608
0.123687 0.0174459
0.689227 0.0754878
0.514266 0.753639
0.29479 0.653989
0.589771 0.803992
0.169152 0.114805
0.0263084 0.499542
0.156298 0.0805516
0.0698115 0.793587
0.810466 0.180516
0.405724 0.975276
0.707841 0.670122
0.434265 0.548585
0.391357 0.159906
0.756807 0.494503
0.649128 0.988268
0.537528 0.397246
0.806521 0.348911
0.333833 0.393183
0.0271366 0.526444
0.654359 0.124913
0.985944 0.418284
0.897115 0.116738
0.825719 0.848143
0.0645052 0.146214
0.64211 0.602861
0.497471 0.696857
0.35524 0.328565
0.940153 0.731723
0.476006 0.405425
0.385879 0.189326
0.0850532 0.826403
0.592768 0.361377
0.215017 0.924458
0.412671 0.132363
0.190991 0.270733
0.427856 0.0739485
0.634195 0.69149
0.82757 0.471988
0.554833 0.219269
0.557735 0.821616
0.580929 0.205306
0.598553 0.41959
0.311157 0.588075
0.0152001 0.0714277
0.658351 0.551049
0.696962 0.449863
0.283253 0.681366
0.0765605 0.75921
0.581643 0.443259
0.831353 0.785065
0.976102 0.00767241
0.968872 0.959527
0.25168 0.838093
0.860082 0.144826
0.917582 0.998145
0.631889 0.312977
0.828673 0.151613
0.694608 0.552181
0.618652 0.996134
0.65579 0.879421
0.849906 0.557441
0.904153 0.0264005
0.301067 0.554429
0.263149 0.180671
0.831546 0.120878
0.359841 0.427924
0.541499 0.572802
0.207444 0.517521
0.181082 0.0409357
0.374689 0.451762
0.315822 0.747997
0.513316 0.0219321
0.123771 0.556672
0.0581625 0.575878
0.129311 0.469699
0.819065 0.914494
0.199167 0.0963947
0.918767 0.0935014
0.137954 0.436046
0.483626 0.0771576
0.918807 0.271683
0.426055 0.954132
0.544391 0.965445
0.249301 0.61514
0.931752 0.510594
0.783828 0.509681
0.172523 0.149569
0.020621 0.866293
0.178763 0.299421
0.967703 0.801222
0.074873 0.365686
0.390408 0.343986
0.483353 0.746399
0.970172 0.773023
0.33382 0.926602
0.722664 0.493393
0.712445 0.192246
0.453894 0.980349
0.337827 0.86267
0.538942 0.726449
0.11358 0.823937
0.385432 0.314064
0.524546 0.275509
0.686124 0.417205
0.799734 0.141971
0.987206 0.664845
0.627908 0.400819
0.0884296 0.889215
0.667585 0.577721
0.960698 0.830585
0.724693 0.901784
0.74891 0.41447
0.0019601 0.883866
0.140331 0.162531
0.396228 0.0757917
0.353542 0.35905
0.725617 0.547008
0.571459 0.715199
0.156944 0.97166
0.886757 0.606765
0.285312 0.941355
0.696179 0.643367
0.484021 0.460045
0.19211 0.376919
0.0770991 0.179752
0.22223 0.365356
0.642207 0.789681
0.622997 0.881203
0.264201 0.875354
0.898873 0.806364
0.205053 0.818874
0.55328 0.424004
0.505542 0.722963
0.0519344 0.0434035
0.0894323 0.724235
0.310628 0.00179636
0.381131 0.844969
0.124288 0.247565
0.175346 0.431441
0.370865 0.13295
0.99372 0.134217
0.328022 0.424539
0.796445 0.794861
0.234327 0.200963
0.625576 0.058053
0.802224 0.533497
0.903282 0.637024
0.428261 0.234646
0.909522 0.719749
0.288162 0.373276
0.871925 0.578878
0.547262 0.043609
0.444543 0.880022
0.187399 0.953251
0.432869 0.601455
0.300234 0.197665
0.278702 0.572133
0.549399 0.932359
0.969201 0.894623
0.41528 0.891725
0.304967 0.918355
0.461602 0.316282
0.150684 0.718707
0.629404 0.368985
0.049041 0.640451
0.766559 0.467698
0.430551 0.705933
0.319425 0.958042
0.354339 0.897948
0.102359 0.859276
0.139058 0.81274
0.881802 0.449204
0.111925 0.043267
0.851253 0.82845
0.220564 0.284511
0.603314 0.302528
0.815578 0.380269
0.50472 0.575594
0.185625 0.608795
0.963465 0.686196
0.703505 0.579762
0.936002 0.630156
0.531984 0.206042
0.56323 0.852665
0.23261 0.98606
0.100582 0.144137
0.131823 0.384249
0.246696 0.733085
0.251538 0.269829
0.740011 0.68426
0.346441 0.744791
0.0593982 0.212717
0.680012 0.106334
0.932811 0.0431637
0.613392 0.931184
0.170127 0.180169
0.623974 0.757393
0.888563 0.149416
0.405771 0.863556
0.349534 0.686234
0.649846 0.823156
0.83439 0.20706
0.943372 0.0156291
0.120844 0.721178
0.108548 0.62475
0.88739 0.666815
0.582806 0.944081
0.278961 0.993433
0.41268 0.368844
0.656298 0.0819323
0.738924 0.783235
0.444856 0.575888
0.369923 0.871107
0.458365 0.433295
0.106423 0.36364
0.299843 0.621108
0.218183 0.84205
0.0435152 0.0737394
0.880986 0.0854963
0.258833 0.0928617
0.905776 0.530679
0.0727247 0.860561
0.058837 0.730642
0.826756 0.685592
0.469442 0.345851
0.796392 0.856928
0.430997 0.423299
0.139076 0.135373
0.992624 0.981466
0.214341 0.667455
0.55347 0.507092
0.561498 0.888437
0.752225 0.172717
0.216451 0.729399
0.819682 0.411301
0.430441 0.26954
0.458915 0.624617
0.232141 0.69641
0.518753 0.116503
0.626773 0.150667
0.153541 0.784213
0.00934888 0.318937
0.978858 0.633268
0.718319 0.982471
0.101044 0.084207
0.95973 0.250961
0.1665 0.334165
0.741002 0.131053
0.942614 0.761068
0.717024 0.428171
0.0270499 0.991011
0.461662 0.532638
0.513654 0.414275
0.4846 0.109041
0.425308 0.0430506
0.571141 0.0273581
0.600436 0.648286
0.950936 0.984602
0.0934697 0.481728
0.668286 0.726624
0.990456 0.605968
0.157449 0.0143876
0.129647 0.32108
0.410015 0.209044
0.268154 0.209056
0.334341 0.016755
0.937861 0.426364
0.0979394 0.300867
0.300818 0.315941
0.539695 0.173398
0.782405 0.17335
0.6018 0.586302
0.227924 0.106502
0.335138 0.50868
0.660996 0.272023
0.682185 0.218125
0.815017 0.442007
0.86449 0.299497
0.841859 0.627309
0.805631 0.963982
0.287194 0.737338
0.303045 0.401522
0.123661 0.778353
0.0656415 0.245391
0.0989435 0.791485
0.59239 0.102107
0.392828 0.0438484
0.71981 0.704785
0.821766 0.0734605
0.760277 0.0700778
0.386891 0.901042
0.639233 0.638005
0.348576 0.957225
0.396861 0.283083
0.545636 0.311592
0.478874 0.805406
0.66611 0.363214
0.362535 0.397489
0.686595 0.987799
0.498347 0.905351
0.953209 0.35174
0.53128 0.694959
0.444825 0.366204
0.327974 0.454831
0.419099 0.488033
0.26679 0.543087
0.919335 0.210541
0.927458 0.472549
0.561893 0.688319
0.744839 0.0991198
0.530793 0.90187
0.28324 0.292159
0.49668 0.327224
0.703842 0.35441
0.483087 0.856868
0.531816 0.602124
0.339322 0.0457389
0.50034 0.213466
0.547412 0.00768361
0.541092 0.142744
0.652945 0.758746
0.490441 0.99102
0.891835 0.476964
0.920499 0.87071
0.920869 0.308917
0.688715 0.929517
0.407564 0.680815
0.472069 0.597461
0.0826962 0.0261282
0.606381 0.254905
0.607077 0.709127
0.0743875 0.455515
0.0594552 0.495398
0.610643 0.21872
0.248612 0.579406
0.884108 0.741518
0.748164 0.562538
0.748426 0.720264
0.432258 0.791301
0.946779 0.0998944
0.682575 0.861727
0.226477 0.951232
0.357086 0.535942
0.881426 0.82909
0.121465 0.917472
0.266475 0.0589547
0.107285 0.209842
0.884151 0.0557326
0.202495 0.313227
0.954981 0.606184
0.36287 0.294688
0.766555 0.587027
0.58211 0.516269
0.122522 0.412672
0.524995 0.548516
0.201989 0.70093
0.245266 0.90452
0.46641 0.712595
0.767626 0.355047
0.227698 0.326957
0.222604 0.398046
0.376579 0.558624
0.155541 0.670941
0.223725 0.789218
0.455331 0.0499113
0.258728 0.96468
0.328961 0.144156
0.754274 0.618235
0.548464 0.452697
0.143534 0.948654
0.0700711 0.0885651
0.552153 0.11275
0.934242 0.382557
0.745049 0.973123
0.121883 0.586166
0.232178 0.0743391
0.355119 0.244441
0.744827 0.0432268
0.836349 0.345764
0.708365 0.130245
0.635443 0.726318
0.474626 0.885797
0.788854 0.824251
0.931164 0.546731
0.713371 0.867727
0.452795 0.943074
0.925695 0.662903
0.381155 0.732645
0.845092 0.0914172
0.682739 0.523929
0.172067 0.699035
0.0779352 0.666611
0.301968 0.131524
0.618232 0.0232677
0.646933 0.212592
0.0627092 0.308802
0.980999 0.860479
0.405316 0.0162437
0.983748 0.934027
0.321027 0.278176
0.237647 0.446007
0.733065 0.591787
0.794834 0.8869
0.600076 0.90105
0.220966 0.607736
0.275456 0.408377
0.0329381 0.746231
0.47723 0.675709
0.955336 0.654342
0.327563 0.216222
0.301867 0.103569
0.427577 0.995476
0.364784 0.058956
0.204325 0.214651
0.776004 0.232147
0.324469 0.640658
0.774851 0.712914
0.539469 0.764222
0.603009 0.335144
0.386474 0.482154
0.0487739 0.374236
0.5955 0.54769
0.530682 0.342566
0.788202 0.739133
0.846155 0.277335
0.0455978 0.854488
0.750344 0.523861
0.120215 0.526634
0.45542 0.0875078
0.798286 0.696462
0.217614 0.251114
0.699895 0.322805
0.237021 0.165305
0.0594394 0.535366
0.95861 0.443474
0.244137 0.809585
0.268558 0.119652
0.649227 0.0443388
0.617074 0.846161
0.331355 0.304831
0.934225 0.159139
0.0217362 0.375585
0.98917 0.0556586
0.729843 0.246993
0.191896 0.858174
0.606882 0.186533
0.956252 0.138885
0.291728 0.264638
0.570164 0.974211
0.905483 0.899796
0.293362 0.229341
0.77726 0.640412
0.981721 0.193163
0.186793 0.238719
0.620204 0.810162
0.00587066 0.161128
0.42117 0.730278
0.72619 0.940191
0.852695 0.0580517
0.33461 0.60885
0.408263 0.577248
0.558665 0.281221
0.974847 0.470521
0.168581 0.635778
0.858616 0.66916
0.163666 0.369396
0.627596 0.664509
0.470926 0.380886
0.829451 0.751491
0.939659 0.895764
0.877819 0.920727
0.579457 0.240998
0.597987 0.387908
0.999145 0.799713
0.818424 0.502125
0.109304 0.947946
0.631369 0.959763
0.614983 0.617077
0.648026 0.52274
0.499956 0.607456
0.19661 0.0142835
0.347745 0.579701
0.789169 0.264181
0.0662668 0.698745
0.321092 0.246882
0.278308 0.904389
0.908004 0.687893
0.247772 0.299538
0.295946 0.971214
0.636921 0.186123
0.324564 0.891942
0.355746 0.713868
0.255307 0.380872
0.715816 0.275779
0.557562 0.539514
0.381188 0.373261
0.0165735 0.68223
0.878362 0.886257
0.567596 0.176521
0.464791 0.278028
0.026333 0.407558
0.60287 0.968813
0.570833 0.657056
0.142056 0.749421
0.949081 0.317498
0.869804 0.523661
0.169276 0.208321
0.313346 0.842849
0.539385 0.660986
0.672156 0.334468
0.861086 0.766428
0.870499 0.360172
0.667748 0.636822
0.758278 0.317078
0.400783 0.756067
0.186492 0.497804
0.961175 0.519574
0.923471 0.129706
0.360869 0.623653
0.0150208 0.47088
0.742417 0.822912
0.811765 0.240405
0.852446 0.985383
0.076246 0.279054
0.789713 0.080031
0.856844 0.467765
0.424175 0.1571
0.26948 0.790807
0.452695 0.159599
0.712826 0.518053
0.775183 0.966806
0.173239 0.534172
0.210622 0.0555282
0.063502 0.984965
0.879632 0.705084
0.0329255 0.708863
0.973136 0.114204
0.724641 0.0714469
0.0370193 0.964503
0.398432 0.42832
0.0314056 0.247437
0.597652 0.737961
0.767901 0.846433
0.611189 0.511749
0.20622 0.977952
0.464941 0.836978
0.837288 0.525437
0.0488186 0.0141058
0.456844 0.2478
0.448266 0.0162467
0.907092 0.97248
0.500798 0.828266
0.21092 0.434314
0.918236 0.604177
0.0166576 0.651355
0.222685 0.0227917
0.893123 0.198054
0.784933 0.413669
0.122521 0.28206
0.519832 0.240533
0.655396 0.162323
0.137102 0.64713
0.819255 0.272735
0.515683 0.0525382
0.494815 0.261095
0.419697 0.655727
0.662299 0.241815
0.874921 0.221782
0.0457835 0.109387
0.973502 0.370681
0.805687 0.107121
0.906988 0.573819
0.620106 0.0843066
0.173366 0.812088
0.299713 0.778631
0.71433 0.833955
0.289951 0.473305
0.821911 0.816354
0.841466 0.23339
0.055341 0.823003
0.76953 0.677352
0.519866 0.633217
0.829573 0.654301
0.536848 0.868203
0.446277 0.682928
0.885149 0.421686
0.253219 0.673358
0.242576 0.525714
0.0609892 0.609043
0.366875 0.0218662
0.463861 0.777484
0.523127 0.517891
0.757689 0.254111
0.357524 0.269141
0.920592 0.926352
0.587621 0.277353
0.712952 0.100613
0.512094 0.962353
0.500371 0.357465
0.668516 0.962953
0.00496525 0.351799
0.0712397 0.335744
0.630184 0.279878
0.160282 0.45802
0.847104 0.436848
0.671007 0.904269
0.661181 0.304943
0.383512 0.817639
0.992169 0.525775
0.566823 0.746202
0.850307 0.702669
0.485344 0.0465174
0.235159 0.645466
0.999618 0.912602
0.369529 0.765197
0.886234 0.268416
0.236494 0.134052
0.728855 0.465798
0.15808 0.489566
0.13169 0.851094
0.28387 0.346239
0.59025 0.834233
0.826129 0.880171
0.29609 0.708328
0.968502 0.722168
0.0222672 0.830028
0.388379 0.231801
0.502018 0.484345
0.553167 0.629109
0.65314 0.937013
0.0803847 0.634505
0.0194304 0.038455
0.0127331 0.578616
0.679818 0.777633
0.848516 0.93146
0.659126 0.392823
0.183005 0.0730419
0.0980537 0.25757
0.0521875 0.433851
0.078097 0.119451
0.303973 0.0407958
0.540241 0.0743082
0.149749 0.045508
0.280344 0.0263227
0.267596 0.641097
0.872226 0.0273262
0.574708 0.567412
0.773828 0.108746
0.882007 0.995883
0.925474 0.346131
0.0647199 0.917388
0.710828 0.044449
0.426918 0.185134
0.510126 0.381528
0.519469 0.801256
0.488256 0.50994
0.786474 0.329424
0.89661 0.944831
0.41439 0.315921
0.84355 0.177956
0.214909 0.579124
0.627721 0.435286
0.632174 0.110431
0.992946 0.701678
0.477002 0.136321
0.0919836 0.539823
0.255192 0.471092
0.124489 0.88596
0.363245 0.502874
0.102453 0.3324
0.519641 0.448921
0.735594 0.337402
0.987793 0.223732
0.340273 0.805773
0.178049 0.990478
0.0105402 0.281826
0.508521 0.871631
0.692417 0.480044
0.565133 0.476537
0.366878 0.92876
0.424378 0.919836
0.121618 0.498356
0.0829783 0.511526
0.039492 0.161009
0.362586 0.216138
0.596124 0.0429173
0.131962 0.988858
0.229894 0.551627
0.691466 0.383602
0.849743 0.899011
0.993083 0.447391
0.137819 0.104149
0.751503 0.00654534
0.676749 0.803956
0.993519 0.832936
0.254558 0.932562
0.662805 0.696928
0.0380663 0.339642
0.971424 0.166319
0.789208 0.607356
0.0937365 0.393079
0.368348 0.793219
0.150169 0.521059
0.942112 0.188147
0.456423 0.911513
0.952257 0.0678213
0.409066 0.456916
0.438862 0.459082
0.0455373 0.272792
0.748203 0.442297
0.773364 0.0298197
0.834598 0.95521
0.823296 0.59166
0.748411 0.283616
0.423832 0.517704
0.105544 0.449377
0.733427 0.367162
0.935385 0.956159
0.81027 0.6264
0.690746 0.0170941
0.899392 0.501597
0.031621 0.79904
0.756601 0.387329
0.335346 0.0897541
0.770056 0.140461
0.445043 0.8157
0.265601 0.322432
0.870717 0.960644
0.299886 0.876652
0.357522 0.160118
0.724818 0.306447
0.0339691 0.303004
0.197526 0.548433
0.150406 0.918965
0.00969746 0.770405
0.677831 0.0479084
0.324705 0.176784
0.0323994 0.599171
0.666246 0.454682
0.0874327 0.567517
0.173048 0.760447
0.45401 0.653105
0.728606 0.161714
0.477998 0.016294
0.191468 0.893394
0.437462 0.29849
0.711962 0.801301
0.913584 0.407514
0.106437 0.752326
0.0356829 0.55522
0.245873 0.0402836
0.19056 0.463079
0.71316 0.76753
0.969909 0.0372269
0.40229 0.789523
0.350392 0.472536
0.939882 0.577727
0.315324 0.485994
0.583516 0.0668326
0.797936 0.935034
0.523736 0.992169
0.528525 0.83684
0.740408 0.859057
0.431794 0.761384
0.377622 0.672095
0.192128 0.406838
0.266571 0.499797
0.796609 0.476983
0.351578 0.189991
0.603101 0.774392
0.149653 0.302825
0.0212459 0.436645
0.483702 0.167059
0.266039 0.244775
0.871192 0.636118
0.182034 0.732046
0.902996 0.240627
0.344135 0.98776
0.295767 0.165581
0.479445 0.231028
0.678636 0.142832
0.182954 0.577005
0.181301 0.926712
0.896946 0.33558
0.763254 0.802119
0.0913301 0.597588
0.130932 0.188995
0.934205 0.239495
0.0468683 0.67332
0.595391 0.682061
0.978818 0.301564
0.793555 0.0502362
0.0458557 0.468245
0.0998391 0.692588
0.61 0.460261
0.795911 0.573676
0.933139 0.815022
0.956691 0.215187
0.0812335 0.0578453
0.7701 0.768487
0.740086 0.212073
0.913311 0.0653905
0.282135 0.850029
0.547896 0.794667
0.519262 0.933154
0.711266 0.223574
0.462593 0.478876
0.998318 0.553197
0.894097 0.299941
0.634857 0.494768
0.131028 0.687816
0.252908 0.00642134
0.281679 0.819098
0.866734 0.114093
0.397098 0.935732
0.47354 0.564252
0.51816 0.306401
0.198672 0.128543
0.806173 0.016267
0.288261 0.0768968
0.692878 0.253993
0.868957 0.184573
0.497588 0.779775
0.669627 0.495458
0.246017 0.415073
0.994635 0.390781
0.818705 0.721756
0.765987 0.202276
0.448551 0.210024
0.760606 0.941466
0.377435 0.963452
0.979908 0.33297
0.569979 0.396449
0.165066 0.838332
0.485068 0.932397
0.66819 0.667831
0.938175 0.69861
0.16219 0.893536
0.0615358 0.404353
0.248603 0.350642
0.232839 0.497187
0.722873 0.0145086
0.714259 0.734367
0.655722 0.424356
0.0124424 0.191693
0.825665 0.0407566
0.844883 0.0166641
0.378968 0.995062
0.706246 0.610534
0.853825 0.407613
0.400426 0.256061
0.637982 0.910815
0.269904 0.149162
0.594651 0.159486
0.657381 0.0153798
0.74585 0.654111
0.270841 0.442447
0.904234 0.370213
0.324208 0.713694
0.153721 0.561599
0.0468143 0.772463
0.91491 0.446004
0.999853 0.249033
0.397055 0.401123
0.191465 0.787599
0.856939 0.86175
0.854226 0.732941
0.386834 0.641909
0.574184 0.315158
0.860732 0.798492
0.593547 0.482995
0.024835 0.219553
0.137511 0.35193
0.509562 0.182673
0.0866808 0.22224
0.962655 0.55147
0.952284 0.486571
0.050401 0.889181
0.42253 0.10373
0.891053 0.857634
0.802504 0.765627
0.833846 0.313643
0.590823 0.86971
0.487517 0.640057
0.78254 0.995735
0.911805 0.754758
0.821242 0.989869
0.452137 0.503579
0.0121169 0.102795
0.206556 0.156607
0.808064 0.305424
0.774676 0.547306
0.688605 0.290784
0.0443533 0.938486
0.318805 0.677558
0.318282 0.0685934
0.494586 0.540593
0.0282461 0.912588
0.857499 0.497054
0.780035 0.292774
0.155414 0.271662
0.778803 0.910571
0.759848 0.881537
0.207562 0.758446
0.891168 0.778458
0.686866 0.747424
0.509009 0.665736
0.436326 0.851646
0.0168788 0.624021
0.718628 0.395907
0.981935 0.0861887
0.572038 0.138008
0.0450594 0.188796
0.799081 0.210137
0.390875 0.705397
0.157594 0.867002
0.271146 0.759822
0.433948 0.395593
0.332386 0.555888
0.15598 0.594835
0.509587 0.146919
0.683818 0.831875
0.390068 0.516775
0.157166 0.242847
0.490954 0.432457
0.489266 0.294429
0.342109 0.117505
0.530699 0.484004
0.470189 0.19304
0.216528 0.473827
0.950389 0.860572
0.39594 0.609882
0.217601 0.890222
0.632319 0.243735
0.12687 0.0694037
0.138322 0.217887
0.10435 0.171436
0.320802 0.366213
0.952959 0.926352
0.204136 0.185114
0.990929 0.4966
0.574023 0.915273
0.784612 0.442663
0.701512 0.955114
0.414298 0.826768
0.203349 0.634748
0.623673 0.544064
0.90746 0.171048
0.262562 0.708989
0.27723 0.602603
0.44902 0.12178
0.747559 0.914062
0.584362 0.000549669
0.238593 0.231806
0.105139 0.974937
0.604401 0.128219
0.69855 0.89634
0.549068 0.252099
0.884387 0.55115
0.787121 0.381994
0.00675123 0.0137604
0.185184 0.666271
0.37472 0.591219
0.957949 0.401434
0.137495 0.616025
0.746421 0.749559
0.86593 0.329899
0.110038 0.114812
0.984103 0.749068
0.366077 0.0907553
0.403026 0.544555
0.234327 0.867043
0.0911679 0.999934
0.548538 0.369493
0.726195 0.63377
0.94611 0.283648
0.851944 0.599874
0.349771 0.654688
