0.258008 0.547576
0.419295 0.245968
0.197175 0.608777
0.769035 0.91548
0.95435 0.0955032
0.09609 0.727492
0.0390398 0.515301
0.704041 0.418226
0.0679173 0.0279174
0.36875 0.278048
0.554629 0.195532
0.304178 0.934961
0.958235 0.195723
0.942173 0.60262
0.904242 0.451865
0.453933 0.141875
0.197236 0.574061
0.583512 0.941144
0.709792 0.902846
0.0819395 0.778589
0.242604 0.518896
0.239381 0.711225
0.61946 0.713649
0.939616 0.124246
0.0625338 0.715119
0.628748 0.273091
0.80413 0.918094
0.386007 0.750902
0.216173 0.141677
0.824899 0.348556
0.16095 0.150585
0.0337017 0.568024
0.869093 0.987054
0.0799652 0.564707
0.11096 0.286372
0.140536 0.266188
0.743586 0.541944
0.231011 0.765259
0.322486 0.559013
0.858887 0.294204
0.104191 0.2251
0.796311 0.569307
0.338364 0.881678
0.0583671 0.0557101
0.499919 0.733814
0.825061 0.976649
0.493879 0.828642
0.986649 0.178324
0.970569 0.457732
0.291249 0.125503
0.851448 0.225922
0.947854 0.630885
0.713124 0.0087335
0.0425233 0.912542
0.12879 0.873569
0.813418 0.375457
0.119036 0.782541
0.769865 0.128022
0.355825 0.747202
0.54764 0.3501
0.870951 0.019896
0.0985438 0.427992
0.71525 0.937119
0.322856 0.30335
0.692514 0.446542
0.587624 0.776031
0.0241197 0.73833
0.202868 0.69757
0.496502 0.99701
0.0471818 0.258688
0.505622 0.494285
0.532978 0.508483
0.0807424 0.482923
0.31101 0.210062
0.712725 0.53529
0.918459 0.179344
0.229824 0.295533
0.318834 0.623127
0.830471 0.445651
0.0930244 0.871896
0.873316 0.354425
0.904153 0.412063
0.0673521 0.507228
0.564397 0.233698
0.499108 0.259081
0.939026 0.707516
0.617789 0.677235
0.188515 0.240333
0.652137 0.863097
0.365216 0.422512
0.137719 0.210262
0.469905 0.252646
0.402141 0.284524
0.337681 0.353054
0.565418 0.680858
0.663499 0.401587
0.591707 0.0995072
0.217318 0.959644
0.935412 0.851949
0.860232 0.261046
0.799076 0.459405
0.358738 0.308088
0.836329 0.0357417
0.0269853 0.451672
0.890819 0.256304
0.343498 0.536136
0.838636 0.324039
0.586919 0.0368244
0.011556 0.10498
0.614312 0.946366
0.337899 0.486203
0.449076 0.232092
0.7145 0.368059
0.699805 0.566962
0.226214 0.110548
0.931544 0.422879
0.697886 0.977889
0.79753 0.0356507
0.251512 0.615909
0.643708 0.682208
0.251879 0.129791
0.988579 0.934975
0.28964 0.065415
0.470502 0.736967
0.391359 0.407748
0.912861 0.907656
0.386323 0.650296
0.113924 0.0300028
0.677019 0.54884
0.749724 0.778385
0.881045 0.226609
0.993129 0.73174
0.0934279 0.079887
0.554018 0.523565
0.297562 0.0930074
0.831876 0.935138
0.881574 0.434886
0.0820332 0.268655
0.0128486 0.507219
0.437464 0.780379
0.618662 0.402743
0.0781313 0.93356
0.0997243 0.460478
0.972222 0.0301773
0.712151 0.064504
0.543033 0.167029
0.658791 0.0342831
0.110799 0.104265
0.482186 0.799404
0.348228 0.852104
0.897239 0.666877
0.16734 0.715271
0.264881 0.104833
0.0771276 0.116379
0.538155 0.779815
0.591802 0.970071
0.2184 0.63421
0.935856 0.214038
0.152391 0.47449
0.919201 0.273235
0.834973 0.772272
0.391893 0.50595
0.997843 0.967298
0.957652 0.933427
0.56653 0.373659
0.622115 0.33367
0.330052 0.956089
0.0095739 0.907512
0.0518849 0.544718
0.0519592 0.288286
0.0686207 0.621125
0.995901 0.699125
0.362311 0.0855343
0.413184 0.0461522
0.255733 0.229844
0.976347 0.903008
0.460723 0.310123
0.618373 0.771928
0.500194 0.293857
0.140027 0.92848
0.606628 0.504326
0.463367 0.914373
0.601704 0.743947
0.273242 0.943024
0.972791 0.642259
0.907881 0.541238
0.966834 0.426784
0.57077 0.0657558
0.958626 0.397077
0.68862 0.942664
0.571919 0.834237
0.526968 0.820274
0.514167 0.397441
0.132244 0.137151
0.189265 0.0550127
0.914426 0.479941
0.376586 0.782394
0.26424 0.979128
0.916919 0.0532872
0.475712 0.858158
0.798764 0.8104
0.0465141 0.684597
0.465668 0.170392
0.9203 0.877819
0.494614 0.462909
0.462798 0.462785
0.930081 0.515305
0.522662 0.366313
0.651769 0.99664
0.943492 0.0555675
0.649609 0.337139
0.545394 0.396156
0.00135629 0.350714
0.189065 0.163736
0.716518 0.132658
0.945165 0.900061
0.250547 0.646079
0.888016 0.289473
0.757507 0.708168
0.915698 0.820744
0.728963 0.569825
0.102131 0.134385
0.541919 0.444542
0.493598 0.326492
0.978621 0.371764
0.647621 0.300826
0.968191 0.274445
0.739369 0.294534
0.719163 0.167415
0.0330721 0.344192
0.305148 0.591812
0.296189 0.998545
0.213413 0.499119
0.53113 0.0921297
0.0700472 0.652865
0.834386 0.397527
0.715938 0.097614
0.758627 0.382341
0.371499 0.0459043
0.66926 0.238981
0.068764 0.589905
0.842568 0.190062
0.527318 0.263144
0.814261 0.420811
0.601217 0.907798
0.281752 0.907605
0.560849 0.0981895
0.328983 0.180582
0.221102 0.171961
0.194869 0.727008
0.526484 0.554513
0.568309 0.132875
0.291271 0.757481
0.174448 0.0889182
0.893003 0.574136
0.101806 0.701424
0.879751 0.604025
0.111274 0.554361
0.149748 0.237351
0.178728 0.632446
0.526254 0.471399
0.216147 0.0155972
0.906947 0.777263
0.16529 0.327083
0.409566 0.848075
0.394688 0.43875
0.857806 0.577299
0.0406891 0.597514
0.7924 0.692392
0.233257 0.203561
0.995565 0.146753
0.614872 0.299655
0.226407 0.0759308
0.562935 0.762883
0.662355 0.51708
0.224252 0.559303
0.47041 0.704712
0.48445 0.219344
0.542159 0.0609167
0.510512 0.119655
0.801427 0.5359
0.677968 0.678035
0.735895 0.80827
0.383433 0.166292
0.850417 0.370608
0.28918 0.152994
0.136536 0.632716
0.772646 0.250482
0.674155 0.279727
0.10818 0.196988
0.00221018 0.0271233
0.0998293 0.322941
0.520113 0.194993
0.296019 0.324486
0.757381 0.413515
0.382816 0.688883
0.577945 0.637345
0.0337861 0.0089946
0.938897 0.984629
0.756294 0.738155
0.411031 0.531889
0.136592 0.665608
0.215098 0.531304
0.11087 0.349816
0.85593 0.890876
0.685644 0.0894213
0.348918 0.635516
0.268489 0.504811
0.064766 0.999506
0.590305 0.393952
0.0827087 0.534071
0.165373 0.93976
0.992082 0.78562
0.44234 0.746378
0.41458 0.942414
0.286625 0.531828
0.674004 0.316308
0.336444 0.24583
0.852415 0.158597
0.836283 0.116334
0.717501 0.874798
0.144005 0.0139275
0.551411 0.654593
0.329263 0.809664
0.0524617 0.140495
0.19192 0.848537
0.124896 0.844377
0.258263 0.739318
0.102418 0.62122
0.487884 0.945282
0.551285 0.000821729
0.913719 0.354494
0.356086 0.56889
0.173624 0.265607
0.731978 0.750991
0.0475666 0.47748
0.516657 0.962405
0.363134 0.942952
0.446632 0.396956
0.610036 0.544174
0.122351 0.992466
0.246835 0.578958
0.631072 0.0224475
0.988104 0.520147
0.649818 0.830666
0.223903 0.598964
0.697647 0.650581
0.841674 0.649629
0.542836 0.901275
0.637782 0.493003
0.390755 0.0236694
0.868515 0.095116
0.75628 0.649909
0.661709 0.651787
0.727472 0.231277
0.624042 0.0514747
0.814113 0.0601953
0.61568 0.882054
0.974721 0.547102
0.0230187 0.245259
0.473615 0.41476
0.661202 0.138205
0.186349 0.541166
0.411175 0.687314
0.858809 0.927914
0.469813 0.770044
0.772896 0.542699
0.674669 0.818112
0.452855 0.659405
0.407336 0.878041
0.933966 0.798876
0.752969 0.838736
0.600705 0.0690508
0.758032 0.976775
0.557842 0.553929
0.509584 0.856126
0.521821 0.330488
0.253842 0.914545
0.323796 0.656145
0.0440036 0.107887
0.0363365 0.375242
0.742868 0.509524
0.298682 0.286586
0.769376 0.336959
0.521315 0.929955
0.987467 0.08982
0.605162 0.831343
0.00846946 0.76295
0.863237 0.126909
0.739747 0.907241
0.763023 0.574772
0.550363 0.284263
0.473958 0.526156
0.0573569 0.859011
0.664136 0.368376
0.114627 0.677948
0.390882 0.378973
0.16215 0.806453
0.549339 0.93847
0.418805 0.493036
0.724922 0.631531
0.743527 0.357015
0.0905525 0.75366
0.385173 0.315686
0.29802 0.355871
0.879088 0.829834
0.444547 0.591708
0.822462 0.21652
0.325627 0.0176095
0.77469 0.480001
0.24417 0.948547
0.81428 0.870222
0.785811 0.360292
0.726111 0.971959
0.203082 0.768346
0.679322 0.878396
0.450147 0.0436867
0.289085 0.72761
0.183088 0.965962
0.389476 0.960089
0.480254 0.05866
0.705845 0.738626
0.407301 0.721451
0.560212 0.322049
0.380004 0.991907
0.785694 0.42828
0.732774 0.0395475
0.368604 0.347864
0.222316 0.800789
0.770665 0.278857
0.821305 0.620944
0.242961 0.835589
0.0698059 0.830226
0.161075 0.689764
0.496396 0.179811
0.896382 0.377798
0.0306322 0.0411824
0.102333 0.590497
0.661201 0.474675
0.816889 0.712272
0.323635 0.148135
0.688927 0.51387
0.684592 0.350034
0.0262326 0.708347
0.433572 0.341723
0.795776 0.0843707
0.222401 0.735101
0.202053 0.822762
0.691828 0.390044
0.312756 0.695131
0.0351484 0.314078
0.928486 0.388211
0.105918 0.516673
0.771987 0.308152
0.439803 0.85854
0.358657 0.506683
0.837703 0.736065
0.296081 0.179376
0.463731 0.0819559
0.432963 0.297235
0.419139 0.655912
0.871391 0.194081
0.329365 0.401521
0.291121 0.87969
0.471236 0.579407
0.960879 0.234199
0.293094 0.387972
0.0764299 0.198691
0.430796 0.0188199
0.94449 0.0195026
0.479335 0.645437
0.153429 0.897258
0.378521 0.213821
0.877707 0.547283
0.510316 0.227856
0.39879 0.627046
0.54793 0.582018
0.772316 0.0581102
0.977321 0.120223
0.678512 0.774776
0.100584 0.650061
0.843795 0.00553083
0.341037 0.213386
0.199557 0.299545
0.707756 0.826049
0.0180122 0.851366
0.243727 0.884433
0.688256 0.480188
0.028921 0.0757569
0.591955 0.320042
0.414422 0.755534
0.804708 0.949623
0.512401 0.794892
0.588148 0.46895
0.916948 0.0139209
0.977866 0.606503
0.924972 0.572159
0.621127 0.986249
0.524107 0.425607
0.128919 0.45959
0.537424 0.629966
0.409646 0.996796
0.675341 0.74406
0.488253 0.0302934
0.141644 0.296495
0.823105 0.142649
0.455897 0.550878
0.917403 0.303836
0.873733 0.396876
0.96582 0.688557
0.277123 0.471146
0.501919 0.622284
0.138459 0.360513
0.0464203 0.429603
0.932354 0.738616
0.99747 0.877703
0.123421 0.75172
0.244404 0.483055
0.625907 0.0897913
0.727223 0.665423
0.409475 0.582112
0.828614 0.0906816
0.698944 0.253663
0.755002 0.681435
0.374583 0.53535
0.0315925 0.880108
0.169606 0.35473
0.205889 0.327836
0.189965 0.666137
0.186965 0.793352
0.499976 0.0869951
0.743068 0.149206
0.106254 0.396657
0.739481 0.260658
0.923753 0.961055
0.710949 0.278126
0.869685 0.641443
0.571159 0.913301
0.0133957 0.478154
0.668411 0.435104
0.767925 0.0922109
0.119474 0.901794
0.31187 0.784806
0.388817 0.559886
0.0890405 0.968007
0.0190133 0.168655
0.566845 0.260093
0.217188 0.664691
0.658815 0.169803
0.16721 0.575642
0.965638 0.963177
0.518793 0.153439
0.162678 0.656398
0.252184 0.276129
0.786595 0.598679
0.882935 0.903354
0.319514 0.521252
0.284374 0.617487
0.0347441 0.194494
0.702283 0.304831
0.407355 0.218505
0.375308 0.718748
0.726096 0.710824
0.223238 0.854363
0.32194 0.115276
0.862863 0.674637
0.983266 0.849445
0.60117 0.163118
0.812933 0.654544
0.938256 0.450998
0.591898 0.670257
0.714013 0.774621
0.557795 0.707706
0.804562 0.262851
0.47843 0.973479
0.360944 0.385037
0.221892 0.375005
0.0178178 0.287421
0.564551 0.608294
0.315502 0.902876
0.630086 0.920049
0.717448 0.461795
0.344254 0.713936
0.172871 0.213824
0.0655098 0.327959
0.212859 0.886257
0.0143305 0.543719
0.528894 0.680011
0.423508 0.129128
0.458511 0.83351
0.022628 0.13438
0.492652 0.555523
0.638237 0.451912
0.375299 0.129567
0.943117 0.258857
0.778237 0.760799
0.857262 0.801451
0.699015 0.797936
0.0280987 0.974221
0.9893 0.666704
0.847246 0.497722
0.237995 0.682303
0.159751 0.861647
0.594952 0.604795
0.158524 0.833177
0.603014 0.0127614
0.728001 0.39697
0.571421 0.881506
0.998191 0.444182
0.817147 0.174981
0.592063 0.804271
0.791121 0.977779
0.18267 0.025004
0.916104 0.23656
0.407301 0.78849
0.218304 0.0462675
0.884344 0.871357
0.18292 0.509358
0.16798 0.996718
0.427626 0.45177
0.987875 0.207699
0.132681 0.603108
0.581532 0.290455
0.0767968 0.239252
0.513368 0.892199
0.903314 0.111338
0.349583 0.117574
0.555258 0.0312723
0.868709 0.324608
0.200788 0.991176
0.235803 0.349542
0.335144 0.592158
0.640005 0.421575
0.998349 0.26948
0.443441 0.685212
0.969458 0.995287
0.147583 0.0411
0.715608 0.498735
0.448469 0.988091
0.582988 0.573214
0.437827 0.715035
0.785322 0.663786
0.164948 0.384828
0.575996 0.499757
0.333788 0.328468
0.822741 0.591159
0.134551 0.572091
0.918064 0.145068
0.980852 0.485539
0.0958042 0.841537
0.184103 0.880193
0.134744 0.173905
0.455145 0.367408
0.588449 0.861416
0.105526 0.166869
0.215035 0.227411
0.233389 0.423457
0.788221 0.892046
0.0470221 0.769564
0.598231 0.129552
0.476361 0.49634
0.810495 0.748945
0.606937 0.196467
0.486239 0.67646
0.0765854 0.683883
0.827362 0.476956
0.993193 0.570553
0.405942 0.185873
0.199636 0.935074
0.828775 0.683474
0.742146 0.00359559
0.526509 0.601855
0.901483 0.848599
0.851963 0.961657
0.0190146 0.670828
0.00756531 0.594752
0.853901 0.421109
0.149908 0.741305
0.25329 0.155366
0.492861 0.9157
0.888542 0.798386
0.647371 0.895142
0.581211 0.206141
0.310357 0.473485
0.481126 0.884555
0.848232 0.833977
0.00911109 0.818587
0.0811771 0.300287
0.962264 0.789843
0.0271752 0.792773
0.568721 0.415022
0.825891 0.521958
0.759438 0.620328
0.453875 0.95128
0.255606 0.773812
0.53181 0.747017
0.786782 0.725449
0.74142 0.598748
0.677963 0.194688
0.601092 0.262167
0.503083 0.701364
0.3185 0.728362
0.573675 0.442737
0.669133 0.967984
0.872885 0.512798
0.651662 0.792556
0.390821 0.253987
0.198826 0.39487
0.654422 0.615462
0.0632831 0.890181
0.124208 0.0673594
0.742338 0.0730512
0.417566 0.0963039
0.0720693 0.411905
0.151943 0.776784
0.359645 0.818489
0.947936 0.301468
0.894549 0.751304
0.62478 0.604727
0.6292 0.228293
0.267369 0.410394
0.268999 0.343138
0.19883 0.196664
0.177673 0.413237
0.828554 0.897612
0.43729 0.268195
0.850916 0.611292
0.271366 0.0137372
0.420488 0.610999
0.737537 0.324467
0.434893 0.202487
0.25233 0.80927
0.163333 0.184553
0.648817 0.256685
0.424071 0.820925
0.197999 0.356552
0.503595 0.584603
0.629031 0.119197
0.0513716 0.942302
0.428172 0.558413
0.903445 0.203761
0.287118 0.232142
0.39134 0.814972
0.679867 0.00648708
0.257491 0.0791284
0.639484 0.733738
0.802945 0.295232
0.276142 0.441348
0.00131781 0.997827
0.696705 0.0348668
0.68888 0.123345
0.530595 0.302567
0.801305 0.780048
0.299562 0.500313
0.0972927 0.807526
0.433269 0.0711209
0.0536691 0.173618
0.858487 0.45847
0.00210562 0.634525
0.795075 0.229299
0.164197 0.605373
0.479047 0.113346
0.255279 0.0503112
0.403313 0.145177
0.270601 0.304105
0.00928598 0.383746
0.637131 0.374857
0.484922 0.388862
0.137471 0.394746
0.568425 0.735005
0.319498 0.0481356
0.42216 0.415497
0.157612 0.545099
0.584462 0.533769
0.767241 0.164903
0.181967 0.477051
0.0170415 0.215096
0.923022 0.646513
0.372816 0.476591
0.346454 0.0557785
0.0389289 0.82809
0.651101 0.582025
0.208796 0.267802
0.958892 0.513559
0.850353 0.861466
0.327736 0.75788
0.43679 0.922624
0.393353 0.069914
0.263029 0.374692
0.634599 0.641885
0.524966 0.991585
0.545132 0.84236
0.884334 0.698969
0.926231 0.089429
0.290162 0.814746
0.961309 0.871708
0.325647 0.98672
0.854058 0.706635
0.850528 0.539006
0.318984 0.834815
0.0576679 0.972064
0.752249 0.878032
0.0635877 0.0851111
0.273652 0.586046
0.89439 0.0350524
0.872695 0.0563763
0.256053 0.181826
0.540596 0.127592
0.361188 0.903636
0.432296 0.167763
0.991838 0.40874
0.0411746 0.648233
0.687525 0.850956
0.117704 0.491473
0.277996 0.263855
0.0952202 0.372527
0.410475 0.905627
0.389108 0.103097
0.108593 0.93473
0.0890664 0.904428
0.235881 0.9864
0.465384 0.338459
0.182633 0.445821
0.944432 0.166945
0.375522 0.877425
0.687393 0.713254
0.298969 0.420406
0.33561 0.276791
0.470557 0.282868
0.658816 0.105212
0.337323 0.924618
0.815804 0.841336
0.969424 0.75662
0.65893 0.930969
0.465068 0.199569
0.678259 0.0592768
0.878915 0.478577
0.945782 0.482458
0.709908 0.602804
0.573395 0.165668
0.444898 0.629592
0.292184 0.56015
0.494783 0.434745
0.295113 0.96677
0.451614 0.805246
0.512515 0.654119
0.421969 0.377075
0.238241 0.397214
0.113937 0.251413
0.286616 0.644531
0.600793 0.232718
0.781541 0.834015
0.650642 0.0711091
0.134118 0.529352
0.129298 0.812347
0.916551 0.690646
0.709301 0.196515
0.828566 0.561158
0.120764 0.961489
0.555833 0.476576
0.68452 0.624033
0.827757 0.806468
0.761475 0.0299447
0.0695578 0.449115
0.38611 0.920891
0.243944 0.32146
0.607715 0.638578
0.625645 0.805975
0.00115164 0.0595451
0.446061 0.48688
0.989365 0.240183
0.689573 0.159808
0.773722 0.510501
0.399715 0.350012
0.440758 0.519924
0.273971 0.70456
0.799043 0.116622
0.902815 0.723207
0.152532 0.505687
0.865825 0.769801
0.959897 0.577548
0.325814 0.375644
0.22378 0.916922
0.13927 0.0981469
0.364077 0.241808
0.529999 0.715787
0.739061 0.194885
0.900905 0.507721
0.353199 0.155956
0.944325 0.668379
0.487821 0.145134
0.978903 0.304198
0.591643 0.708583
0.67986 0.590277
0.90113 0.990509
0.553651 0.967093
0.651759 0.209908
0.796029 0.196002
0.361969 0.663312
0.0531003 0.221828
0.131895 0.713426
0.912286 0.604169
0.355317 0.0147862
0.201716 0.0916519
0.624475 0.851819
0.707432 0.68736
0.0683982 0.355912
0.790027 0.629278
0.646323 0.760658
0.831018 0.251719
0.695507 0.223104
0.709345 0.334967
0.768483 0.800937
0.558562 0.803503
0.0559578 0.742471
0.502209 0.76513
0.0948469 0.0034849
0.400986 0.467377
0.0604219 0.800614
0.448103 0.109032
0.888367 0.961413
0.245808 0.451882
0.13169 0.324003
0.355659 0.976952
0.190343 0.126232
0.831089 0.288701
0.615094 0.574121
0.615461 0.468649
0.345162 0.685079
0.328487 0.0826502
0.507441 0.52821
0.803404 0.326281
0.742945 0.475563
0.45249 0.434583
0.291717 0.0353796
0.645653 0.554062
0.964474 0.148941
0.952384 0.829315
0.897472 0.632422
0.424529 0.970579
0.44371 0.887221
0.537414 0.226493
0.51326 0.0564694
0.88621 0.168067
0.213924 0.468485
0.00267415 0.319894
0.362395 0.189002
0.0237674 0.413243
0.633488 0.525074
0.969097 0.336311
0.316573 0.44896
0.610273 0.366694
0.898084 0.327134
0.0275031 0.622719
0.969809 0.0639278
0.378923 0.845503
0.538537 0.86964
0.0783867 0.158211
0.936079 0.332197
0.23575 0.250955
0.311427 0.860839
0.586302 0.349178
0.17707 0.75519
0.847662 0.0665699
0.72681 0.848278
0.0198359 0.93975
0.803765 0.497724
0.888308 0.138065
0.491708 0.360424
0.413694 0.320028
0.928126 0.933545
0.779696 0.00603213
0.279021 0.84044
0.149344 0.970167
0.266411 0.67482
0.604741 0.432594
0.640632 0.96044
0.183159 0.910683
0.47325 0.611625
0.763302 0.449644
0.733939 0.434283
0.128737 0.425349
0.743177 0.111381
0.793793 0.152785
0.0609537 0.388105
0.381036 0.594289
0.979942 0.818272
0.335725 0.427957
0.936647 0.765868
0.279327 0.787676
0.465532 0.0117064
0.521593 0.0255428
0.30935 0.251118
0.867101 0.736639
0.157903 0.0657955
0.779742 0.863611
0.209835 0.435857
0.657767 0.708175
0.743513 0.942274
0.263314 0.865414
0.890836 0.934628
0.275119 0.203413
0.348645 0.784094
0.680856 0.908436
0.355365 0.454429
0.171943 0.29685
0.245255 0.0214082
0.0930128 0.0494063
0.629281 0.149576
0.789435 0.395205
0.757972 0.224929
0.773375 0.946944
0.964748 0.724214
0.812829 0.00749097
0.94819 0.362739
0.895905 0.0793784
0.578481 0.99632
0.296861 0.672365
0.161163 0.118687
0.76807 0.195073
0.942519 0.546693
0.63189 0.18378
0.155103 0.43492
0.36111 0.611682
