0.727086 0.466511
0.0358216 0.934612
0.0743499 0.662169
0.367049 0.135562
0.0994687 0.524794
0.758877 0.328043
0.116894 0.474056
0.951411 0.0570257
0.0515856 0.906484
0.732828 0.265107
0.209959 0.979667
0.995276 0.51704
0.170674 0.69795
0.653132 0.901918
0.333853 0.386707
0.346597 0.0687179
0.664557 0.993708
0.674425 0.0279574
0.924487 0.683207
0.0327182 0.967451
0.488548 0.98317
0.857162 0.939023
0.84844 0.0361584
0.517318 0.261718
0.7937 0.0458325
0.407593 0.671213
0.0622453 0.516454
0.239797 0.363505
0.383199 0.290283
0.274746 0.207691
0.55471 0.59565
0.439146 0.88682
0.82628 0.50541
0.933363 0.731833
0.941658 0.25163
0.367948 0.506093
0.0863752 0.904906
0.492635 0.952432
0.295266 0.779635
0.0104018 0.646768
0.188024 0.946839
0.813335 0.38746
0.710483 0.142943
0.407018 0.620922
0.98708 0.744939
0.0518953 0.323053
0.293188 0.0756492
0.105253 0.559647
0.936029 0.494645
0.416773 0.948524
0.971733 0.907146
0.215847 0.674354
0.199647 0.779694
0.483865 0.719869
0.794099 0.552485
0.699796 0.452239
0.987353 0.389581
0.784552 0.488646
0.691627 0.828721
0.978192 0.643918
0.648351 0.293082
0.139236 0.702528
0.497482 0.29145
0.193143 0.0648658
0.365673 0.46734
0.310688 0.361246
0.338765 0.446421
0.344519 0.360235
0.915374 0.0840969
0.176612 0.971692
0.077014 0.138307
0.81189 0.795004
0.670135 0.931587
0.784111 0.873787
0.00833993 0.674272
0.81619 0.199651
0.407189 0.586222
0.950613 0.826332
0.4239 0.11402
0.930892 0.150932
0.343461 0.207033
0.869888 0.970434
0.513793 0.710498
0.700863 0.263653
0.632648 0.32174
0.945405 0.703767
0.281669 0.750258
0.115269 0.587557
0.769739 0.672634
0.568065 0.0638041
0.716512 0.373783
0.965996 0.492605
0.195921 0.739562
0.725491 0.639152
0.4886 0.254399
0.638238 0.73788
0.159872 0.51662
0.230576 0.618808
0.887035 0.633092
0.572032 0.568777
0.274475 0.838258
0.228167 0.649041
0.449926 0.394292
0.741432 0.522984
0.194493 0.00543701
0.785021 0.408904
0.0669462 0.084328
0.0716307 0.185049
0.972763 0.0806842
0.577263 0.0991022
0.232386 0.0069451
0.564867 0.284961
0.323636 0.296996
0.419479 0.379134
0.501688 0.159493
0.529488 0.430079
0.177386 0.541419
0.699614 0.19954
0.963712 0.997456
0.790247 0.115371
0.599269 0.492934
0.587367 0.315546
0.791509 0.722365
0.690973 0.904792
0.273134 0.702124
0.219959 0.308239
0.0607484 0.21672
0.720685 0.00821496
0.969881 0.113682
0.779121 0.583399
0.817726 0.164728
0.811805 0.362107
0.217402 0.100567
0.434148 0.214462
0.0977449 0.165729
0.903174 0.699865
0.978895 0.228123
0.808787 0.822256
0.11152 0.887442
0.406339 0.0318534
0.546314 0.162934
0.82422 0.945139
0.669606 0.5146
0.306547 0.841491
0.0246744 0.87829
0.563001 0.838652
0.566886 0.711739
0.542614 0.463435
0.12179 0.621203
0.142584 0.67355
0.106574 0.957864
0.414478 0.548607
0.0536169 0.119052
0.365043 0.430132
0.00496523 0.208921
0.927652 0.190225
0.842425 0.000995059
0.256763 0.728985
0.287912 0.599394
0.0342938 0.607778
0.819664 0.0911307
0.740053 0.703664
0.58968 0.998412
0.341108 0.681695
0.0416278 0.643994
0.91147 0.396287
0.44551 0.938451
0.514756 0.346858
0.0967594 0.39557
0.00982876 0.61517
0.658028 0.0868498
0.896852 0.857971
0.696911 0.485131
0.246961 0.516125
0.617803 0.83427
0.426271 0.730368
0.861925 0.542374
0.435357 0.438498
0.466438 0.0402357
0.888108 0.0931732
0.148324 0.343362
0.36534 0.338338
0.638486 0.869569
0.447387 0.794986
0.119491 0.0951465
0.04473 0.675263
0.0986536 0.792028
0.557624 0.122182
0.553569 0.971837
0.755253 0.835078
0.892351 0.75194
0.565768 0.942802
0.625998 0.908808
0.637235 0.350392
0.227069 0.720489
0.341124 0.483471
0.739336 0.437026
0.682528 0.54619
0.160348 0.429796
0.132489 0.529824
0.0172385 0.0334365
0.496248 0.91558
0.676154 0.217958
0.577933 0.512251
0.892331 0.369431
0.918838 0.882296
0.864641 0.597583
0.907406 0.994049
0.508043 0.079128
0.309263 0.529601
0.751283 0.403113
0.715641 0.799157
0.766314 0.544871
0.985165 0.82524
0.208658 0.230015
0.254413 0.457665
0.467054 0.147495
0.839552 0.78227
0.505055 0.774173
0.650446 0.594311
0.188284 0.505172
0.605347 0.345933
0.255596 0.85945
0.421473 0.49691
0.815378 0.417493
0.0464875 0.422809
0.288791 0.482272
0.687149 0.599766
0.263426 0.671658
0.410404 0.840804
0.875955 0.0341311
0.211301 0.813275
0.429944 0.6537
0.766374 0.137742
0.855221 0.282312
0.85462 0.0713092
0.224005 0.454357
0.415105 0.974911
0.845361 0.169234
0.398817 0.0614544
0.844531 0.136984
0.0779317 0.0437251
0.461306 0.507174
0.115136 0.443166
0.944818 0.349487
0.393817 0.124378
0.0512464 0.059087
0.202998 0.35486
0.690793 0.358878
0.3828 0.362832
0.58616 0.610905
0.68999 0.78237
0.187169 0.174302
0.914309 0.463991
0.171264 0.859042
0.0106105 0.792895
0.595622 0.711877
0.902934 0.244069
0.547345 0.503847
0.559091 0.810701
0.76158 0.177718
0.584768 0.412293
0.769453 0.095847
0.153018 0.832745
0.748033 0.364479
0.0475702 0.0267273
0.891373 0.324324
0.314596 0.804647
0.329711 0.417344
0.512885 0.401092
0.593121 0.379197
0.94499 0.792339
0.877912 0.398452
0.564156 0.537843
0.333435 0.554391
0.703146 0.860761
0.575397 0.676661
0.0244879 0.150519
0.416361 0.179425
0.946989 0.556617
0.64488 0.222315
0.493136 0.842293
0.535134 0.576168
0.575818 0.345454
0.723452 0.827873
0.267832 0.54243
0.867453 0.704155
0.276699 0.169508
0.16345 0.651718
0.18716 0.0938727
0.013997 0.343215
0.803905 0.924652
0.596799 0.90606
0.694288 0.0917234
0.484006 0.108162
0.68215 0.959405
0.156076 0.486311
0.505108 0.561779
0.0664059 0.568713
0.196322 0.203128
0.138878 0.939607
0.840522 0.438257
0.665591 0.48428
0.63424 0.185381
0.878858 0.485321
0.0422938 0.352978
0.999561 0.0963118
0.178127 0.365832
0.394849 0.155748
0.70202 0.321423
0.01942 0.817755
0.4222 0.779352
0.0350664 0.767681
0.935504 0.912532
0.291075 0.104125
0.841055 0.751115
0.644343 0.0223235
0.614042 0.299926
0.638704 0.806682
0.238564 0.577052
0.251203 0.427654
0.495915 0.430013
0.916394 0.619122
0.754048 0.474776
0.481456 0.395007
0.11739 0.98959
0.183681 0.611834
0.734065 0.203812
0.672868 0.315794
0.718863 0.176661
0.81508 0.478605
0.254505 0.332272
0.34239 0.750195
0.329659 0.997923
0.145531 0.597384
0.076955 0.694423
0.861242 0.197029
0.604858 0.68292
0.136735 0.90657
0.261697 0.26753
0.159843 0.0311143
0.154952 0.626111
0.476582 0.750503
0.513958 0.231662
0.709578 0.699342
0.0582425 0.482213
0.597102 0.544884
0.0136712 0.445048
0.938644 0.120803
0.740809 0.156555
0.755056 0.645648
0.881061 0.796619
0.389993 0.39174
0.371256 0.772079
0.481466 0.688067
0.686087 0.39579
0.49679 0.206568
0.0310208 0.57098
0.506401 0.619641
0.186138 0.402493
0.371506 0.218239
0.542942 0.664615
0.147486 0.753678
0.811611 0.574921
0.733535 0.0405036
0.720735 0.0692518
0.768258 0.511015
0.105902 0.67959
0.243475 0.0382571
0.269681 0.0263725
0.62779 0.0794804
0.0825495 0.233191
0.423199 0.41046
0.661117 0.379493
0.40412 0.75543
0.160111 0.994781
0.790583 0.154079
0.792367 0.611864
0.436951 0.243397
0.343337 0.643199
0.731533 0.734794
0.105428 0.127343
0.965379 0.147972
0.211706 0.385766
0.520315 0.488896
0.456221 0.839287
0.342187 0.268208
0.459656 0.200802
0.805097 0.855699
0.220965 0.913449
0.0323811 0.269519
0.385938 0.562876
0.240021 0.21761
0.14409 0.875908
0.880933 0.458076
0.937028 0.855756
0.140408 0.21504
0.743784 0.564327
0.563653 0.376665
0.772173 0.701289
0.470386 0.229863
0.0807687 0.0100406
0.525349 0.026438
0.536693 0.546007
0.672156 0.573354
0.466797 0.898761
0.674799 0.754686
0.970632 0.854627
0.557519 0.00131593
0.359264 0.882148
0.795833 0.0761007
0.561198 0.780882
0.961904 0.523512
0.393248 0.452731
0.929611 0.759392
0.220805 0.160835
0.408718 0.873195
0.458661 0.363866
0.474309 0.78141
0.442439 0.628059
0.847449 0.470546
0.561733 0.18826
0.0928432 0.361844
0.815609 0.236844
0.661116 0.724935
0.663795 0.113368
0.718883 0.54556
0.392438 0.487282
0.00476128 0.959797
0.594599 0.12564
0.134473 0.781464
0.472101 0.597948
0.243669 0.394341
0.70878 0.968541
0.129243 0.811339
0.917958 0.323103
0.52081 0.969341
0.256347 0.486503
0.00231885 0.488449
0.898373 0.20123
0.76964 0.433978
0.788958 0.0116264
0.137984 0.557332
0.831313 0.308484
0.102486 0.826175
0.801967 0.680717
0.845444 0.56858
0.57968 0.250059
0.518016 0.317505
0.21993 0.418656
0.252736 0.761574
0.224569 0.491896
0.780799 0.904073
0.299927 0.986215
0.542616 0.732968
0.83867 0.681901
0.301491 0.897085
0.96476 0.370648
0.861213 0.312679
0.358828 0.988077
0.500125 0.808516
0.186667 0.581063
0.484478 0.335674
0.315789 0.498518
0.46912 0.453036
0.56694 0.915372
0.529156 0.798155
0.184962 0.147644
0.497838 0.653514
0.00158874 0.250283
0.952505 0.214134
0.915957 0.272718
0.00236787 0.283244
0.261408 0.235913
0.331195 0.719584
0.953216 0.883934
0.271881 0.371227
0.975087 0.412494
0.359519 0.838143
0.470803 0.816186
0.817523 0.733498
0.223206 0.752916
0.0748208 0.933521
0.616511 0.965912
0.164418 0.925513
0.341166 0.607318
0.127426 0.849962
0.918669 0.360122
0.948672 0.31949
0.172806 0.235976
0.700285 0.519881
0.676979 0.881489
0.969726 0.258411
0.108775 0.927453
0.895683 0.429981
0.791565 0.956421
0.72197 0.605798
0.528815 0.94231
0.477638 0.0709488
0.485393 0.538726
0.450065 0.477493
0.622559 0.60449
0.721697 0.89066
0.204895 0.879079
0.815992 0.128027
0.456226 0.968262
0.00580445 0.849122
0.235513 0.54643
0.37038 0.741026
0.103707 0.31743
0.124823 0.147372
0.74802 0.59181
0.879108 0.263213
0.734906 0.673411
0.313219 0.692623
0.445029 0.172092
0.880967 0.568986
0.847958 0.811584
0.152362 0.141598
0.806389 0.764014
0.866754 0.905735
0.9816 0.344171
0.996309 0.993966
0.545227 0.892091
0.118488 0.344173
0.881935 0.517452
0.123469 0.500994
0.167048 0.728585
0.968553 0.28683
0.393907 0.0924667
0.824195 0.705583
0.872744 0.345513
0.334119 0.780094
0.162566 0.796723
0.134862 0.304928
0.378598 0.940702
0.767016 0.930192
0.90147 0.906561
0.345958 0.0244318
0.428186 0.912233
0.868264 0.768597
0.0768769 0.545116
0.246727 0.0926677
0.450466 0.684206
0.337173 0.327804
0.0847741 0.429994
0.763723 0.257794
0.887063 0.934908
0.521802 0.105709
0.174799 0.766491
0.693298 0.998125
0.500323 0.0475444
0.140677 0.247577
0.998671 0.171233
0.901858 0.659483
0.030018 0.238232
0.10519 0.0249392
0.759206 0.0664531
0.956584 0.0297245
0.817883 0.626312
0.519345 0.523653
0.219371 0.948573
0.589842 0.771521
0.732857 0.85925
0.285142 0.344804
0.592349 0.181075
0.85977 0.651811
0.726243 0.499103
0.471769 0.932054
0.293324 0.670184
0.678587 0.285314
0.774687 0.983001
0.0857691 0.97913
0.274744 0.964301
0.285832 0.634735
0.478019 0.869894
0.521486 0.18341
0.545385 0.0873159
0.397371 0.000842078
0.987105 0.0260616
0.760826 0.618267
0.0884269 0.101981
0.61188 0.0197394
0.236229 0.882774
0.549084 0.40271
0.824823 0.0552265
0.329113 0.965451
0.530217 0.374824
0.142655 0.967028
0.728205 0.940427
0.585513 0.447398
0.78319 0.458096
0.394543 0.792064
0.920329 0.0510208
0.507445 0.887852
0.251363 0.17914
0.61934 0.660251
0.226881 0.0678395
0.553191 0.312935
0.743431 0.234468
0.972398 0.968678
0.510399 0.742491
0.705406 0.115682
0.616344 0.403197
0.879859 0.141926
0.861332 0.849486
0.317246 0.653144
0.939407 0.635277
0.24449 0.140091
0.865298 0.42843
0.606894 0.737607
0.531184 0.287558
0.100602 0.289124
0.386734 0.322728
0.886299 0.0625658
0.0760968 0.769254
0.941711 0.391732
0.550442 0.863716
0.501291 0.130933
0.628104 0.993322
0.76107 0.289053
0.596603 0.0764241
0.213963 0.0355751
0.839636 0.343437
0.528887 0.637531
0.289134 0.247174
0.194562 0.258539
0.317021 0.583383
0.437664 0.025571
0.325362 0.0467102
0.614763 0.238826
0.370301 0.053115
0.368856 0.253171
0.21154 0.524284
0.992488 0.137196
0.153281 0.403015
0.918398 0.808163
0.0948668 0.260644
0.00127645 0.577848
0.895128 0.599206
0.463551 0.00243881
0.897737 0.726543
0.800125 0.521231
0.808718 0.331452
0.974914 0.797064
0.967358 0.673162
0.736137 0.311381
0.754895 0.955475
0.321935 0.0865802
0.576331 0.151458
0.144277 0.109903
0.893296 0.293227
0.936481 0.291116
0.827521 0.267508
0.337924 0.143667
0.455749 0.0876847
0.632304 0.132024
0.522199 0.997808
0.464429 0.423109
0.702046 0.738453
0.331906 0.861782
0.654534 0.777652
0.269231 0.997615
0.702751 0.0372938
0.0596544 0.743044
0.989842 0.880287
0.59928 0.583371
0.777772 0.759598
0.224621 0.191934
0.109989 0.761258
0.78699 0.229534
0.187415 0.32667
0.54764 0.25409
0.736516 0.0933161
0.753047 0.00816338
0.22946 0.787941
0.601637 0.636592
0.966645 0.723956
0.764759 0.0362787
0.185842 0.671383
0.43642 0.0557118
0.161731 0.0770211
0.263158 0.0652979
0.353662 0.577772
0.536969 0.763784
0.809637 0.984421
0.361613 0.397468
0.908139 0.12303
0.0278835 0.471817
0.757653 0.87259
0.602669 0.937008
0.824736 0.654732
0.313662 0.460399
0.0735807 0.811608
0.492279 0.508784
0.936916 0.975555
0.646888 0.158611
0.181108 0.293541
0.309614 0.223526
0.905751 0.163984
0.425131 0.815828
0.36622 0.0948165
0.54629 0.343615
0.0400182 0.538547
0.841447 0.875654
0.535044 0.211494
0.138448 0.0680166
0.249893 0.916608
0.463992 0.267382
0.0344173 0.390993
0.0560329 0.712871
0.871035 0.114359
0.301596 0.392425
0.0848936 0.46139
0.128154 0.731779
0.71057 0.231967
0.128684 0.274385
0.123968 0.18568
0.718114 0.76651
0.0023479 0.926096
0.39897 0.921192
0.307479 0.3236
0.648637 0.835808
0.3809 0.970272
0.930874 0.529216
0.0342411 0.0937997
0.0631643 0.37109
0.493178 0.368328
0.792139 0.26382
0.836771 0.911402
0.0128175 0.415139
0.404359 0.208089
0.991274 0.0575259
0.240493 0.691697
0.63503 0.489375
0.708451 0.574596
0.333835 0.826459
0.021191 0.066331
0.244187 0.820993
0.282419 0.810872
0.851653 0.624108
0.960837 0.763246
0.0586662 0.594787
0.298956 0.42557
0.0451349 0.827309
0.838523 0.970203
0.0625869 0.958102
0.6787 0.669816
0.509654 0.593609
0.77968 0.349182
0.775508 0.379785
0.0409342 0.857645
0.637304 0.629987
0.122528 0.416001
0.181852 0.817171
0.415911 0.300582
0.978365 0.192628
0.917762 0.941391
0.92394 0.224265
0.125217 0.0459394
0.399342 0.266468
0.23083 0.254882
0.312964 0.618686
0.620475 0.106783
0.395412 0.723529
0.213773 0.595766
0.356176 0.297283
0.475091 0.627001
0.375056 0.0204901
0.105618 0.710564
0.270946 0.573206
0.5859 0.967794
0.638779 0.938445
0.765412 0.210735
0.589086 0.216768
0.491533 0.0165268
0.615905 0.205146
0.706772 0.424445
0.33866 0.23701
0.873722 0.00176804
0.553049 0.621972
0.668128 0.6278
0.4251 0.0829362
0.685104 0.0635302
0.942464 0.0892861
0.452038 0.333313
0.610667 0.156548
0.528981 0.916146
0.428166 0.14494
0.560856 0.222778
0.667193 0.45488
0.997658 0.769133
0.320833 0.924799
0.647574 0.411681
0.908578 0.499053
0.625105 0.764364
0.0308213 0.506167
0.068231 0.40192
0.396399 0.423676
0.24269 0.977832
0.465189 0.656939
0.0784621 0.333627
0.201294 0.70515
0.214056 0.129586
0.424331 0.698271
0.615012 0.520663
0.388247 0.895132
0.432893 0.522677
0.197178 0.638121
0.844767 0.101604
0.571674 0.64707
0.0196208 0.121588
0.5601 0.43345
0.378273 0.597897
0.0602381 0.257331
0.310312 0.126431
0.151311 0.173958
0.839668 0.215924
0.591976 0.847282
0.0544018 0.993482
0.672393 0.138452
0.197123 0.845881
0.387974 0.693961
0.931173 0.588317
0.512972 0.678494
0.745062 0.907234
0.390455 0.64645
0.176329 0.460463
0.630073 0.70179
0.298415 0.557421
0.0107319 0.543173
0.0340018 0.179977
0.900514 0.966687
0.300258 0.193024
0.447296 0.299123
0.844449 0.398522
0.454491 0.71978
0.296806 0.720432
0.0392966 0.297318
0.161975 0.271329
0.779053 0.793009
0.573035 0.745828
0.558042 0.0306644
0.790029 0.646968
0.676042 0.247243
0.684877 0.710201
0.151366 0.37373
0.357963 0.169632
0.0985897 0.0676441
0.417098 0.329739
0.873882 0.676688
0.380748 0.186101
0.454249 0.543691
0.723981 0.343105
0.642687 0.524344
0.83289 0.841355
0.806071 0.290219
0.421996 0.354303
0.365677 0.542443
0.144641 0.455779
0.955487 0.612068
0.858594 0.728732
0.542381 0.69614
0.43993 0.858641
0.283025 0.449086
0.818579 0.0201495
0.122779 0.380479
0.368385 0.626237
0.341523 0.521285
0.0339157 0.207537
0.261178 0.790451
0.0873637 0.494858
0.982048 0.466742
0.114025 0.231364
0.749188 0.801892
0.360584 0.709077
0.611318 0.87406
0.0172865 0.903916
0.954285 0.175227
0.653156 0.0545855
0.706523 0.926884
0.650654 0.966863
0.293552 0.0471827
0.650823 0.657918
0.722605 0.401132
0.62296 0.267698
0.433595 0.995887
0.901104 0.538435
0.877338 0.225225
0.0094924 0.373043
0.70374 0.664347
0.912635 0.834205
0.258013 0.641859
0.666257 0.343767
0.0519419 0.449827
0.587078 0.0370252
0.247654 0.292601
0.304539 0.018382
0.445379 0.756521
0.0271501 0.739257
0.43075 0.271274
0.532342 0.138419
0.696796 0.630084
0.257959 0.605604
0.534919 0.0568092
0.828371 0.540153
0.715412 0.291264
0.281376 0.513577
0.814188 0.88961
0.386738 0.820505
0.851444 0.245608
0.669355 0.854399
0.395285 0.523475
0.939838 0.659895
0.975405 0.937674
0.0982467 0.202391
0.913257 0.565325
0.341179 0.110692
0.853059 0.507602
0.212524 0.281922
0.8294 0.597336
0.593097 0.276854
0.790337 0.189449
0.686343 0.164921
0.908196 0.779758
0.250869 0.946035
0.400121 0.237494
0.474588 0.305451
0.302294 0.950368
0.613522 0.792252
0.672215 0.425676
0.904084 0.0257122
0.647145 0.554257
0.877291 0.172207
0.0979986 0.860682
0.922848 0.428269
0.27309 0.4051
0.665521 0.188109
0.946769 0.943608
0.655934 0.689837
0.355939 0.915109
0.617139 0.432283
0.485921 0.478621
0.0897825 0.600089
0.740864 0.121839
0.172713 0.891231
0.948669 0.427698
0.437417 0.570982
0.811689 0.447606
0.638398 0.453042
0.0128662 0.314478
0.510318 0.457603
0.379549 0.858582
0.183856 0.0367305
0.608847 0.466272
0.0559501 0.156985
0.879083 0.825194
0.261901 0.113718
0.226031 0.84786
0.649797 0.257549
0.20603 0.557502
0.747942 0.770224
0.177212 0.11919
0.224366 0.335114
0.309144 0.158975
0.367061 0.668291
0.195208 0.435328
0.089774 0.735742
0.27549 0.311467
0.760776 0.73446
0.568811 0.476519
0.98498 0.694554
0.57915 0.879539
0.785145 0.310296
0.282977 0.925987
0.0722249 0.846272
0.312297 0.751074
0.436398 0.600524
0.737694 0.97977
0.357656 0.801693
0.854688 0.371129
0.0705837 0.291772
0.193863 0.914096
0.166287 0.203058
0.622282 0.565022
0.00385936 0.719217
0.480325 0.179226
0.87717 0.879156
0.51814 0.861437
0.454596 0.120609
0.278149 0.140178
0.984225 0.608757
0.979382 0.440517
0.161094 0.571224
0.980641 0.313947
0.329414 0.183007
0.0946005 0.637752
0.472734 0.570849
0.269286 0.893325
0.627909 0.377192
0.98016 0.550165
0.590757 0.810931
0.289659 0.286645
0.0239167 0.000245641
0.312261 0.264039
0.291306 0.868709
0.933179 0.0120581
0.33021 0.892473
0.0509873 0.791434
0.966523 0.580809
0.618997 0.0500398
0.136065 0.0135735
0.780313 0.829416
0.348965 0.946844
0.121534 0.652461
0.421351 0.464084
0.0668476 0.626969
0.945572 0.46178
0.671792 0.807994
0.527507 0.831275
0.0678369 0.879755
0.199907 0.475766
0.159646 0.316313
0.0276708 0.701277
