0.585962 0.581771
0.0280504 0.5424
0.122545 0.390055
0.653482 0.688182
0.0704439 0.137531
0.241994 0.702204
0.388105 0.0745125
0.854344 0.372189
0.531124 0.708372
0.745204 0.835887
0.800135 0.617398
0.388403 0.50099
0.612361 0.411461
0.0907508 0.724536
0.964579 0.0923356
0.614158 0.49923
0.642656 0.6231
0.696031 0.972154
0.217176 0.785481
0.888335 0.820351
0.731591 0.493499
0.380876 0.423022
0.417928 0.797357
0.511343 0.384219
0.960171 0.692073
0.730393 0.146183
0.726249 0.558461
0.199401 0.306229
0.96146 0.578146
0.559999 0.900902
0.229806 0.121138
0.702595 0.209611
0.102214 0.144315
0.888814 0.858961
0.368813 0.69247
0.232967 0.555514
0.385476 0.234115
0.839074 0.286094
0.261001 0.00565097
0.736342 0.457134
0.356244 0.402665
0.0643034 0.548044
0.864745 0.80236
0.755685 0.743229
0.277937 0.628752
0.806932 0.0141635
0.938809 0.843352
0.0102317 0.569967
0.93762 0.440213
0.446004 0.487452
0.0788558 0.659231
0.428032 0.612626
0.772227 0.924506
0.974803 0.392846
0.777224 0.216817
0.382436 0.0131215
0.875376 0.464671
0.466794 0.105616
0.928101 0.700655
0.988017 0.766507
0.718709 0.657845
0.891919 0.0898138
0.714576 0.592371
0.738778 0.864495
0.121508 0.730939
0.554783 0.100753
0.177981 0.440707
0.336565 0.566722
0.744483 0.903889
0.787286 0.12314
0.910883 0.836307
0.217633 0.987882
0.915028 0.791929
0.763722 0.546509
0.277473 0.40553
0.000959032 0.525927
0.621002 0.58949
0.388893 0.196508
0.627427 0.0354463
0.481455 0.824124
0.202347 0.0295695
0.128542 0.606796
0.744566 0.0269793
0.871679 0.112121
0.264477 0.976988
0.634025 0.433034
0.526048 0.0215716
0.788807 0.496921
0.0394231 0.133502
0.529371 0.594607
0.0188596 0.35979
0.576442 0.841781
0.0508171 0.650029
0.70771 0.724976
0.296104 0.149524
0.166897 0.0144838
0.553119 0.957684
0.472102 0.671901
0.254755 0.678003
0.543021 0.413008
0.244099 0.314372
0.415067 0.297348
0.649682 0.402439
0.454279 0.817738
0.968909 0.522752
0.125274 0.538445
0.672336 0.269646
0.301171 0.383575
0.581433 0.145947
0.62132 0.983637
0.156802 0.725979
0.669216 0.914082
0.451707 0.305976
0.964236 0.824415
0.939747 0.115213
0.49692 0.712479
0.235708 0.966947
0.967391 0.430871
0.252537 0.942861
0.231935 0.374459
0.252269 0.285014
0.0372356 0.0339074
0.234531 0.20857
0.131399 0.302297
0.69841 0.556019
0.485921 0.159733
0.516279 0.309914
0.604482 0.527544
0.692271 0.409149
0.933447 0.767686
0.812208 0.586314
0.24833 0.890328
0.592399 0.61136
0.179654 0.200373
0.4189 0.154837
0.131628 0.639511
0.10209 0.598348
0.347536 0.287896
0.596862 0.709224
0.538703 0.470539
0.0360431 0.869282
0.694343 0.800767
0.83441 0.197901
0.156648 0.591824
0.528603 0.557855
0.648348 0.287415
0.5545 0.576977
0.751243 0.264448
0.0704354 0.279433
0.309943 0.458241
0.700448 0.246398
0.123378 0.938186
0.412953 0.728268
0.82245 0.17152
0.898996 0.933032
0.3365 0.689135
0.545948 0.299441
0.0697831 0.592606
0.231964 0.919748
0.203706 0.494887
0.0395947 0.380053
0.23074 0.583645
0.455104 0.790301
0.302401 0.0326859
0.416531 0.213846
0.181603 0.901095
0.737733 0.713435
0.0552388 0.306318
0.381848 0.286915
0.442773 0.643539
0.417612 0.184101
0.681775 0.457718
0.267175 0.120131
0.986951 0.681347
0.828505 0.0637845
0.286895 0.956145
0.0601292 0.735354
0.437675 0.575114
0.475077 0.764917
0.512275 0.622061
0.0497562 0.105542
0.958242 0.64761
0.0284685 0.227884
0.130026 0.421413
0.777155 0.0349183
0.353019 0.870679
0.785223 0.380903
0.997827 0.221716
0.0867972 0.309629
0.853603 0.04061
0.758692 0.236979
0.367976 0.316373
0.931929 0.0148708
0.249528 0.531747
0.41326 0.762204
0.560926 0.206212
0.181439 0.968352
0.816652 0.114006
0.967757 0.463543
0.843174 0.524087
0.448477 0.156842
0.49255 0.359379
0.395999 0.324306
0.889926 0.782625
0.470805 0.958883
0.80374 0.0866468
0.260122 0.594332
0.641296 0.130561
0.142239 0.497148
0.609096 0.190625
0.0691586 0.0240359
0.00507755 0.252373
0.448416 0.421161
0.805469 0.0487099
0.225313 0.157495
0.649781 0.100497
0.989897 0.191471
0.226602 0.448556
0.866314 0.763318
0.325915 0.510959
0.880336 0.145673
0.181859 0.788761
0.368932 0.838232
0.00941298 0.152787
0.355302 0.745503
0.67231 0.630006
0.638199 0.346073
0.414136 0.43592
0.435152 0.708656
0.151245 0.987261
0.121367 0.0448311
0.36229 0.201327
0.09426 0.538944
0.53256 0.790921
0.803596 0.834105
0.678477 0.0643411
0.388317 0.78208
0.945448 0.405802
0.708374 0.43621
0.65003 0.73951
0.502335 0.465415
0.445479 0.0430315
0.388268 0.156977
0.592841 0.0397453
0.0926953 0.569218
0.213825 0.24651
0.705316 0.769194
0.354648 0.0975099
0.742234 0.603176
0.873552 0.526802
0.442719 0.0830962
0.841324 0.457311
0.826288 0.977477
0.120611 0.12015
0.831648 0.620316
0.114814 0.326758
0.512093 0.412407
0.407989 0.375971
0.107673 0.652387
0.269338 0.92009
0.163344 0.301246
0.0550501 0.62059
0.20127 0.561419
0.372309 0.638509
0.00402954 0.739555
0.806624 0.733856
0.326085 0.645783
0.717867 0.888768
0.647728 0.559924
0.248272 0.646722
0.674971 0.572018
0.912108 0.247359
0.20235 0.106172
0.282801 0.58379
0.0437144 0.0746397
0.993507 0.653173
0.194476 0.345146
0.170601 0.367557
0.277442 0.440421
0.0591597 0.350701
0.25955 0.382788
0.370762 0.898026
0.749232 0.992218
0.195482 0.673525
0.888737 0.394032
0.388803 0.666103
0.873767 0.350674
0.455758 0.605422
0.715281 0.022461
0.925968 0.585814
0.38663 0.861721
0.628861 0.95817
0.32785 0.0782009
0.923187 0.501513
0.40644 0.127439
0.427283 0.829021
0.951777 0.36907
0.88816 0.693125
0.718507 0.307087
0.602492 0.442966
0.206892 0.21665
0.634031 0.860773
0.75798 0.518615
0.0427309 0.782824
0.103518 0.28237
0.261121 0.0933802
0.480519 0.216328
0.27286 0.724294
0.300325 0.240091
0.361959 0.44834
0.936056 0.80915
0.748048 0.385804
0.947937 0.552932
0.68668 0.00225213
0.0952503 0.187917
0.317873 0.970532
0.625781 0.380222
0.0455724 0.569213
0.584739 0.762011
0.579154 0.551623
0.484968 0.738104
0.138075 0.455193
0.0922417 0.949944
0.292274 0.526903
0.181026 0.238839
0.248344 0.420665
0.38399 0.957076
0.370582 0.577472
0.0114805 0.280361
0.201273 0.922516
0.483968 0.188647
0.851169 0.871468
0.0108473 0.393758
0.623352 0.658363
0.866594 0.495754
0.842027 0.587226
0.656864 0.371278
0.487467 0.606279
0.100248 0.756653
0.827536 0.892971
0.583994 0.679003
0.347968 0.96666
0.722081 0.267859
0.837638 0.824482
0.749727 0.777302
0.0292224 0.984988
0.502374 0.577336
0.68303 0.834606
0.901241 0.334089
0.856178 0.0772565
0.213943 0.60844
0.36157 0.933906
0.479248 0.408474
0.992129 0.911313
0.609764 0.782417
0.144373 0.150592
0.703562 0.860112
0.524477 0.124781
0.453816 0.884041
0.0536331 0.240876
0.955465 0.268804
0.421083 0.0597565
0.656467 0.0311071
0.413697 0.0941995
0.601849 0.940346
0.0883471 0.112236
0.735908 0.419396
0.32748 0.218534
0.896963 0.994952
0.67545 0.310588
0.16542 0.271596
0.674933 0.234218
0.94989 0.308065
0.903985 0.120777
0.523909 0.441408
0.730703 0.95874
0.746032 0.171622
0.239568 0.762192
0.926338 0.0897984
0.270191 0.505376
0.336235 0.474755
0.843189 0.24944
0.824102 0.227896
0.959885 0.862889
0.187973 0.586241
0.172095 0.93761
0.183519 0.401587
0.807673 0.360755
0.776527 0.724965
0.559649 0.736249
0.936925 0.933981
0.51387 0.224896
0.440208 0.764898
0.525562 0.659162
0.590436 0.906348
0.886214 0.191266
0.608809 0.840999
0.174416 0.167593
0.330682 0.148858
0.972949 0.243531
0.0899984 0.463678
0.0958681 0.917569
0.337424 0.435615
0.114827 0.972253
0.92329 0.383891
0.550153 0.269902
0.0156651 0.7094
0.686926 0.601436
0.992169 0.83531
0.160618 0.847676
0.621406 0.222469
0.0661863 0.861551
0.710985 0.117546
0.983547 0.553193
0.126738 0.570625
0.00571734 0.857972
0.908905 0.0629626
0.123483 0.00250675
0.377799 0.718145
0.303223 0.42638
0.642687 0.780954
0.725612 0.528925
0.956536 0.494108
0.208183 0.640192
0.856015 0.320969
0.963166 0.752637
0.70508 0.0864244
0.284541 0.895505
0.987351 0.0721454
0.203593 0.374401
0.308015 0.665973
0.938694 0.234521
0.022061 0.431075
0.380202 0.387406
0.935014 0.527995
0.0948172 0.220907
0.887234 0.429762
0.314752 0.870871
0.812679 0.269839
0.0893112 0.625695
0.118243 0.479729
0.988598 0.493365
0.0643161 0.517903
0.324508 0.406483
0.586582 0.28967
0.989874 0.0382266
0.299342 0.0641005
0.780867 0.465568
0.0161727 0.0555696
0.700631 0.33258
0.282505 0.697371
0.470844 0.135753
0.0443958 0.413564
0.196527 0.46598
0.845014 0.64937
0.900718 0.282585
0.651524 0.456364
0.407336 0.589824
0.576908 0.872617
0.830384 0.422475
0.442914 0.978777
0.962149 0.0360375
0.683168 0.745077
0.562666 0.0707771
0.119286 0.787176
0.0339037 0.59613
0.864361 0.279511
0.546481 0.681542
0.421343 0.51367
0.818247 0.674977
0.756788 0.359372
0.859006 0.951269
0.331725 0.538478
0.832697 0.760157
0.779958 0.340365
0.226388 0.836059
0.23617 0.507013
0.180328 0.827914
0.796704 0.98333
0.744398 0.115571
0.338464 0.183427
0.917245 0.642725
0.184078 0.619609
0.450656 0.736072
0.596014 0.241002
0.664028 0.806426
0.247889 0.857052
0.206594 0.182985
0.851305 0.988481
0.515926 0.868374
0.786674 0.300381
0.696409 0.285993
0.577297 0.515794
0.926343 0.738033
0.231052 0.0875206
0.470962 0.382081
0.902067 0.168284
0.43877 0.390664
0.440876 0.678375
0.194471 0.272724
0.821618 0.3063
0.453597 0.851598
0.927607 0.195236
0.377104 0.606618
0.293206 0.992566
0.451147 0.27875
0.353538 0.232076
0.0859233 0.988961
0.145382 0.339198
0.670854 0.7161
0.674543 0.131036
0.644454 0.251576
0.72474 0.797298
0.747995 0.293768
0.0967575 0.406182
0.980444 0.625754
0.546076 0.161268
0.460066 0.919224
0.280624 0.4769
0.0983674 0.0185678
0.53208 0.892437
0.415558 0.0212032
0.447334 0.219428
0.13608 0.756112
0.983123 0.879199
0.983772 0.11444
0.221271 0.0571416
0.825613 0.385784
0.667994 0.864549
0.703899 0.509626
0.87897 0.0564146
0.896576 0.0273751
0.245297 0.0430564
0.597984 0.736832
0.239018 0.73373
0.810149 0.802351
0.383482 0.108346
0.757716 0.319858
0.991009 0.804658
0.466706 0.703857
0.0959132 0.0552628
0.961501 0.788125
0.896021 0.751111
0.216488 0.889867
0.91347 0.560333
0.0648104 0.930443
0.901497 0.365424
0.807162 0.328774
0.77223 0.185748
0.323237 0.759587
0.760462 0.440058
0.765217 0.696433
0.287232 0.843549
0.14689 0.958152
0.399141 0.561555
0.764512 0.962392
0.876067 0.229536
0.429351 0.894819
0.0736732 0.424174
0.311212 0.181973
0.482812 0.300884
0.129446 0.832266
0.686641 0.661916
0.331646 0.257262
0.740691 0.202483
0.149604 0.917627
0.362273 0.131762
0.928535 0.616975
0.504774 0.684476
0.477764 0.243325
0.950633 0.0657855
0.841532 0.10244
0.940955 0.166779
0.680378 0.493269
0.717448 0.689873
0.44412 0.946068
0.496175 0.545851
0.881566 0.560856
0.551124 0.235025
0.152786 0.120894
0.230921 0.0149468
0.511532 0.914242
0.959636 0.213806
0.502357 0.333435
0.0396589 0.163935
0.037438 0.331658
0.262906 0.229888
0.196801 0.0725303
0.0357185 0.838308
0.869961 0.718853
0.414001 0.957186
0.770366 0.409353
0.105975 0.440242
0.571765 0.314375
0.67102 0.772595
0.554961 0.0130924
0.10007 0.848631
0.0149845 0.089304
0.697664 0.943003
0.735899 0.0847861
0.400416 0.88898
0.983243 0.311336
0.29749 0.0940891
0.317595 0.29406
0.537659 0.929783
0.221849 0.404093
0.34072 0.595933
0.654783 0.657608
0.557365 0.390583
0.107749 0.510882
0.171141 0.75646
0.778651 0.7673
0.541345 0.629387
0.779153 0.586826
0.521868 0.524586
0.132215 0.864703
0.0672952 0.763166
0.853516 0.559442
0.492677 0.791362
0.793509 0.953403
0.901626 0.719818
0.206329 0.757563
0.564111 0.363217
0.577812 0.260818
0.649264 0.834855
0.900828 0.893348
0.163925 0.471661
0.678742 0.0994943
0.0826403 0.492923
0.958759 0.137036
0.453303 0.517884
0.954373 0.724554
0.234729 0.479635
0.848174 0.73663
0.920042 0.309965
0.437857 0.120822
0.301092 0.122842
0.53756 0.831882
0.514394 0.280267
0.462395 0.546382
0.750521 0.57357
0.140188 0.0926898
0.133603 0.270663
0.0606249 0.450556
0.982728 0.0027093
0.585057 0.466003
0.124235 0.901632
0.316274 0.351337
0.307096 0.322805
0.292345 0.801649
0.777385 0.068061
0.595684 0.810896
0.272055 0.260996
0.58997 0.647414
0.684491 0.379596
0.818945 0.14365
0.259954 0.786298
0.613103 0.0105049
0.431815 0.325888
0.848704 0.685475
0.17171 0.655409
0.530855 0.363544
0.642648 0.317529
0.837215 0.487299
0.353201 0.663411
0.255688 0.144962
0.503042 0.0482647
0.532317 0.0559845
0.711876 0.180092
0.408515 0.988426
0.925956 0.907107
0.804173 0.408921
0.00508588 0.943094
0.354103 0.775581
0.781233 0.270453
0.20888 0.527253
0.49723 0.11648
0.0164038 0.486799
0.427986 0.545514
0.718343 0.392793
0.561963 0.814196
0.266386 0.0658724
0.272972 0.753015
0.563615 0.612012
0.880141 0.969449
0.300938 0.270643
0.638323 0.929221
0.642158 0.188351
0.173259 0.0914181
0.0727325 0.832384
0.499537 0.845889
0.896364 0.615105
0.151165 0.385846
0.954838 0.896514
0.157562 0.422629
0.102974 0.879112
0.98251 0.153584
0.305968 0.735103
0.223351 0.668128
0.794738 0.558977
0.47184 0.0739615
0.921723 0.144613
0.896894 0.491062
0.415441 0.243398
0.0229825 0.642795
0.515387 0.154524
0.343682 0.818427
0.609742 0.128886
0.590342 0.390614
0.00174512 0.977329
0.932324 0.343709
0.540195 0.334716
0.591753 0.0763387
0.732701 0.33915
0.940566 0.668327
0.201162 0.144912
0.552418 0.536737
0.0155303 0.893328
0.318937 0.00746431
0.806409 0.924934
0.0170166 0.189731
0.617527 0.264183
0.869112 0.0118415
0.0865626 0.787241
0.665496 0.945296
0.802038 0.198909
0.784245 0.671486
0.373408 0.985428
0.906797 0.456066
0.977934 0.959241
0.82472 0.550324
0.685807 0.0339077
0.0488243 0.90021
0.837261 0.344826
0.630931 0.71476
0.391927 0.923468
0.220155 0.332646
0.386148 0.748229
0.755281 0.808686
0.882189 0.308445
0.265741 0.82244
0.769665 0.617951
0.302477 0.555814
0.025973 0.813101
0.0781178 0.0854396
0.79516 0.898648
0.527758 0.0895286
0.794942 0.437067
0.577195 0.422327
0.619104 0.0649447
0.211766 0.858904
0.276642 0.868664
0.485586 0.516511
0.371164 0.804324
0.763567 0.142255
0.36532 0.481019
0.584706 0.00287187
0.34202 0.903315
0.398213 0.825772
0.500622 0.0817482
0.274878 0.0321932
0.486111 0.900588
0.413054 0.481387
0.0618551 0.80714
0.8591 0.401359
0.151209 0.527095
0.587136 0.213554
0.517872 0.956858
0.192458 0.732914
0.543493 0.501108
0.159666 0.691677
0.202826 0.813654
0.619684 0.907404
0.95536 0.609095
0.450023 0.359449
0.794798 0.528863
0.445079 0.252704
0.588766 0.969455
0.80453 0.766638
0.281005 0.662206
0.296636 0.210756
0.673706 0.344131
0.339676 0.323386
0.26723 0.200825
0.547426 0.86118
0.996974 0.455957
0.222619 0.284905
0.0859502 0.340049
0.00127332 0.334415
0.240571 0.250908
0.801505 0.701671
0.331635 0.0428442
0.0930594 0.370644
0.933654 0.471193
0.989133 0.592628
0.105252 0.68438
0.561524 0.652928
0.123713 0.358775
0.0216805 0.305673
0.393507 0.531319
0.0762666 0.892291
0.758957 0.485602
0.980103 0.282172
0.721209 0.990137
0.0323637 0.512509
0.155829 0.88362
0.634746 0.532979
0.930279 0.276178
0.302068 0.931862
0.546668 0.762964
0.687879 0.692898
0.185855 0.702642
0.0310153 0.750998
0.491528 0.979128
0.103442 0.814543
0.481334 0.87074
0.964348 0.338318
0.0119761 0.118777
0.94961 0.962611
0.326616 0.792305
0.280637 0.299261
0.469289 0.0028688
0.462844 0.45267
0.280357 0.172427
0.715028 0.82985
0.538204 0.194754
0.741696 0.933454
0.148012 0.242246
0.11709 0.169031
0.0123368 0.782242
0.571311 0.933697
0.765473 0.883176
0.555489 0.984092
0.572787 0.487925
0.123531 0.21121
0.607226 0.875502
0.330542 0.115555
0.127523 0.703301
0.275672 0.330019
0.708324 0.918469
0.176902 0.0481071
0.238739 0.809164
0.0199611 0.677773
0.562202 0.0408575
0.858495 0.171364
0.304277 0.621468
0.473307 0.0415574
0.513818 0.81488
0.441831 0.00949718
0.149757 0.0647583
0.770094 0.646706
0.914404 0.417752
0.205875 0.428052
0.650639 0.217988
0.833073 0.710589
0.418043 0.350512
0.393345 0.0436995
0.704435 0.628986
0.646032 0.890348
0.310475 0.825234
0.612937 0.559638
0.833291 0.0197219
0.491744 0.937386
0.112453 0.0834726
0.859166 0.209263
0.576295 0.176651
0.0818897 0.251395
0.773596 0.845096
0.874463 0.921064
0.468611 0.334633
0.0400296 0.269476
0.90751 0.215697
0.837401 0.790237
0.311062 0.702793
0.616318 0.295443
0.64398 0.159154
0.156741 0.626439
0.314113 0.901966
0.823685 0.857874
0.88102 0.256289
0.416965 0.658349
0.676255 0.195551
0.64934 0.0672309
0.190486 0.998242
0.609135 0.326793
0.809486 0.646459
0.71284 0.36299
0.685617 0.890228
0.794025 0.868754
0.51095 0.764549
0.343494 0.622971
0.0721366 0.168904
0.565039 0.707673
0.615445 0.627499
0.0119782 0.614934
0.149465 0.811292
0.812364 0.46362
0.849853 0.138849
0.669138 0.426523
0.360011 0.0342211
0.82839 0.946225
0.154148 0.213334
0.912073 0.957952
0.0678135 0.209679
0.362033 0.164186
0.651031 0.00124422
0.797324 0.241847
0.338984 0.722333
0.065367 0.966893
0.0453148 0.195701
0.38044 0.353224
0.901867 0.529867
0.433987 0.456501
0.928254 0.0422387
0.513123 0.190195
0.678576 0.533939
0.986366 0.364379
0.57956 0.340424
0.523129 0.737111
0.522478 0.251106
0.49644 0.650674
0.873009 0.667441
0.746569 0.671933
0.051439 0.000757828
0.185858 0.868186
0.215181 0.71035
0.470647 0.636083
0.255841 0.45911
0.95731 0.996279
0.8441 0.917469
0.675405 0.165606
0.908431 0.670312
0.422123 0.923992
0.603784 0.360652
0.405523 0.694207
0.861342 0.611234
0.768963 0.0968933
0.708047 0.471318
0.305915 0.492715
0.451643 0.187442
0.87184 0.889626
0.175332 0.503644
0.151225 0.782503
0.618406 0.68562
0.352647 0.353933
0.9242 0.872079
0.113509 0.246773
0.411802 0.407895
0.331161 0.937702
0.619324 0.470759
0.335903 0.377141
0.81636 0.507122
0.61083 0.16106
0.0377648 0.954601
0.293725 0.772798
0.747606 0.0570689
0.41986 0.859783
0.0123317 0.0149436
0.268367 0.554381
0.487498 0.43759
0.569461 0.786839
0.332267 0.84812
0.470625 0.575417
0.727469 0.229873
0.782487 0.804822
0.487005 0.267733
0.984638 0.716142
0.365427 0.545212
0.727589 0.75112
0.391694 0.458868
0.521877 0.988388
0.713347 0.0554385
0.208723 0.951668
0.0678152 0.386921
0.178205 0.131182
0.243664 0.619563
0.367104 0.260421
0.619346 0.0978988
0.662151 0.974456
0.700693 0.149156
0.790037 0.160005
0.358652 0.0657731
0.0446223 0.712194
0.652364 0.594248
0.24823 0.347957
0.144395 0.183139
0.878638 0.639624
0.0310802 0.459557
0.99388 0.419483
0.0297194 0.924715
0.282617 0.359215
0.585231 0.108757
0.737212 0.633413
0.557679 0.446062
0.0654376 0.0546983
0.858708 0.433635
0.139958 0.67048
0.0526982 0.484071
0.886365 0.588605
0.309771 0.590795
0.144745 0.0308266
0.35725 0.512507
0.555322 0.131218
0.655092 0.514895
0.246741 0.177157
0.171771 0.32858
0.0515459 0.681344
0.40864 0.26973
0.648716 0.486194
0.774724 0.00349961
0.179985 0.538601
0.345636 0.00219519
0.925873 0.984584
0.496032 0.0148269
0.963432 0.183058
0.628225 0.811853
0.07797 0.697711
0.476253 0.484414
0.968039 0.927432
0.402567 0.628025
0.158417 0.561459
0.860941 0.841927
0.624867 0.753256
0.509951 0.494626
