0.495339 0.851217
0.197387 0.725076
0.12537 0.6751
0.348666 0.623244
0.939893 0.309797
0.228452 0.39591
0.55455 0.00280579
0.0128469 0.986648
0.865952 0.861525
0.454107 0.0715539
0.995014 0.217189
0.876855 0.137313
0.793003 0.715781
0.99805 0.188064
0.476484 0.497137
0.991961 0.451563
0.0928055 0.990905
0.402493 0.682937
0.0278707 0.235096
0.466399 0.113128
0.441301 0.805423
0.310963 0.789482
0.870055 0.490657
0.370549 0.56513
0.0174378 0.817335
0.35954 0.818771
0.284913 0.867572
0.966389 0.782616
0.67364 0.79956
0.956034 0.705761
0.083042 0.543139
0.98377 0.421943
0.391101 0.396258
0.852259 0.221676
0.705802 0.426662
0.148573 0.2098
0.29137 0.221328
0.390174 0.816659
0.299519 0.762095
0.281856 0.994572
0.635738 0.626266
0.529746 0.85387
0.172318 0.0265227
0.754212 0.200027
0.268356 0.764227
0.19762 0.331046
0.0509197 0.546631
0.403997 0.115951
0.696197 0.958441
0.90797 0.126684
0.00295529 0.0356832
0.14601 0.511396
0.639953 0.990359
0.589601 0.701728
0.674895 0.366559
0.942009 0.544363
0.956192 0.28114
0.187293 0.46418
0.821369 0.169606
0.539372 0.825479
0.0641817 0.459282
0.0334169 0.895248
0.287546 0.680159
0.0680781 0.823518
0.244714 0.298407
0.488154 0.354193
0.297221 0.412903
0.0650809 0.890699
0.687669 0.550902
0.88973 0.6945
0.0983201 0.163325
0.0455984 0.429267
0.202214 0.753394
0.491749 0.755598
0.328519 0.126389
0.137264 0.390219
0.385616 0.737438
0.0274895 0.387636
0.507947 0.822042
0.0662154 0.931735
0.106499 0.961746
0.192788 0.692173
0.87288 0.105223
0.839516 0.587567
0.82547 0.398629
0.94632 0.138856
0.842242 0.431446
0.222498 0.836247
0.571943 0.646321
0.628193 0.49749
0.281424 0.735998
0.865836 0.455645
0.455105 0.89745
0.11787 0.0842612
0.795713 0.983342
0.563646 0.708244
0.571791 0.375248
0.0978758 0.934126
0.183476 0.851144
0.965951 0.334855
0.125914 0.309373
0.918768 0.287114
0.0537305 0.765093
0.796891 0.89013
0.998606 0.328007
0.465574 0.23679
0.831053 0.624814
0.756421 0.355076
0.0692283 0.962445
0.83215 0.541704
0.272229 0.622355
0.532239 0.793679
0.973693 0.505417
0.835356 0.194672
0.456151 0.754188
0.759769 0.827708
0.238518 0.20201
0.996507 0.598105
0.712349 0.868031
0.224112 0.0148222
0.675368 0.456643
0.184265 0.302128
0.136309 0.274643
0.652778 0.713093
0.998894 0.526479
0.161612 0.482098
0.873943 0.320267
0.385711 0.00251414
0.722035 0.616695
0.850439 0.355222
0.647962 0.353668
0.415801 0.017219
0.712578 0.712967
0.63783 0.163804
0.961654 0.195404
0.662923 0.0192264
0.851434 0.699451
0.700936 0.392564
0.381999 0.66305
0.915416 0.570453
0.368929 0.416507
0.0844825 0.0781294
0.369385 0.537519
0.52674 0.218508
0.0246492 0.453139
0.742909 0.22942
0.760723 0.168587
0.573763 0.182824
0.501986 0.783412
0.482337 0.0874685
0.323369 0.430193
0.590888 0.0818765
0.501354 0.970576
0.700395 0.0596586
0.683855 0.699494
0.778566 0.599547
0.596202 0.859473
0.912515 0.415005
0.990545 0.763033
0.110656 0.605599
0.844296 0.738589
0.179144 0.118529
0.0151931 0.421422
0.351164 0.0645116
0.481333 0.804566
0.221812 0.692497
0.387618 0.24578
0.212989 0.86313
0.891609 0.801489
0.627287 0.662252
0.734369 0.450844
0.956377 0.429508
0.173865 0.268844
0.485445 0.931391
0.362744 0.594611
0.531908 0.979448
0.582838 0.592067
0.501075 0.559002
0.391494 0.710194
0.759792 0.115441
0.856076 0.641009
0.258089 0.329254
0.848978 0.883244
0.861934 0.259906
0.902017 0.0977654
0.15918 0.328741
0.866213 0.788872
0.623575 0.897907
0.116251 0.210301
0.913118 0.909252
0.263068 0.263879
0.775074 0.857813
0.651767 0.683646
0.916325 0.382898
0.0749663 0.419578
0.29688 0.9713
0.71166 0.0057839
0.764394 0.724824
0.660061 0.853267
0.885571 0.541486
0.168939 0.986896
0.638738 0.407527
0.218901 0.45551
0.89982 0.0266514
0.795684 0.0136194
0.0555766 0.73115
0.274585 0.537496
0.964914 0.0903776
0.838932 0.472915
0.93052 0.882838
0.431593 0.917286
0.382213 0.62288
0.919411 0.154156
0.578288 0.341958
0.873349 0.0401785
0.79594 0.275024
0.876995 0.902362
0.538513 0.527273
0.512436 0.416475
0.0211687 0.546879
0.745321 0.512913
0.475052 0.619006
0.0614588 0.0274866
0.489876 0.590446
0.392048 0.517925
0.762933 0.462492
0.816729 0.0979144
0.0420248 0.83392
0.295493 0.0568885
0.524802 0.273306
0.106486 0.0196301
0.0277403 0.173341
0.532861 0.646908
0.102486 0.877893
0.539218 0.49299
0.521765 0.302378
0.383809 0.364629
0.886848 0.83819
0.123963 0.182093
0.578934 0.435394
0.704285 0.228167
0.73263 0.300973
0.504319 0.112639
0.317798 0.99828
0.999681 0.704095
0.379264 0.908647
0.0711827 0.671061
0.62886 0.952979
0.840192 0.502985
0.761151 0.946855
0.367594 0.466217
0.17914 0.354552
0.627937 0.290129
0.902196 0.510175
0.358682 0.247066
0.686996 0.992577
0.190999 0.433314
0.737951 0.0654628
0.176265 0.521972
0.719868 0.252104
0.751349 0.669354
0.616639 0.107868
0.191987 0.494715
0.354014 0.724881
0.0665017 0.998322
0.129356 0.57514
0.574151 0.905226
0.192351 0.883957
0.305581 0.828195
0.731161 0.413522
0.208236 0.924879
0.582907 0.296723
0.0936243 0.518372
0.383983 0.846389
0.940073 0.630438
0.78385 0.375278
0.197726 0.00427152
0.91198 0.623096
0.196278 0.815747
0.385914 0.311239
0.331074 0.366824
0.509683 0.621381
0.78682 0.344876
0.880537 0.230829
0.71385 0.555141
0.729721 0.377564
0.833695 0.845489
0.79498 0.835645
0.0532462 0.394432
0.269022 0.892013
0.607827 0.923094
0.409319 0.902341
0.372557 0.101514
0.423015 0.193469
0.233256 0.556924
0.800735 0.544213
0.641661 0.795958
0.363417 0.691626
0.180205 0.785252
0.268581 0.357498
0.514793 0.941406
0.551154 0.738922
0.65857 0.649146
0.85901 0.0754184
0.330729 0.673289
0.791954 0.113932
0.305892 0.522704
0.927641 0.797757
0.516191 0.730353
0.56104 0.22763
0.952047 0.972469
0.817047 0.369572
0.83969 0.805103
0.425869 0.404764
0.102821 0.571863
0.312211 0.893785
0.355466 0.325209
0.155062 0.874524
0.458679 0.146607
0.297707 0.653438
0.873328 0.00108894
0.350921 0.00115171
0.263928 0.415911
0.218374 0.583323
0.815503 0.135279
0.992301 0.250671
0.736261 0.64492
0.809319 0.572392
0.993683 0.101647
0.00718549 0.920323
0.235271 0.363862
0.535665 0.557777
0.656618 0.318722
0.676198 0.424475
0.28057 0.58555
0.133434 0.474552
0.0771591 0.606543
0.59258 0.238142
0.498116 0.700175
0.0274827 0.0519126
0.144912 0.357172
0.0274663 0.206997
0.750228 0.607451
0.691113 0.621264
0.202926 0.0401513
0.893789 0.596988
0.915146 0.537449
0.724401 0.037926
0.581987 0.738575
0.565909 0.0629657
0.452729 0.93677
0.459939 0.358703
0.543589 0.915079
0.482188 0.726542
0.336029 0.0327836
0.715257 0.679244
0.639368 0.231476
0.618841 0.830064
0.603807 0.637875
0.980491 0.97478
0.589047 0.12279
0.932301 0.597313
0.445973 0.0129414
0.260168 0.232954
0.795924 0.631247
0.545639 0.430424
0.75947 0.425953
0.614646 0.349755
0.905728 0.45335
0.167665 0.82309
0.816782 0.337899
0.85301 0.55981
0.0796262 0.35248
0.507511 0.470665
0.0980294 0.830787
0.508228 0.527474
0.705441 0.460181
0.0748953 0.574248
0.0013481 0.951905
0.885488 0.386582
0.952933 0.0591341
0.929211 0.483624
0.332826 0.184224
0.36497 0.348227
0.478399 0.531077
0.0185539 0.576915
0.565785 0.0986037
0.0874181 0.798678
0.469201 0.830117
0.316156 0.727579
0.36256 0.216017
0.084714 0.0437714
0.894787 0.879044
0.300224 0.191088
0.908347 0.662834
0.597575 0.272674
0.346539 0.847274
0.0884112 0.735641
0.930057 0.182771
0.128191 0.445422
0.668792 0.114581
0.203528 0.54787
0.93263 0.444793
0.789092 0.404202
0.588373 0.205821
0.395064 0.936456
0.967032 0.226953
0.739441 0.543745
0.717359 0.0886903
0.564728 0.258751
0.54456 0.0363493
0.424282 0.581375
0.169496 0.0875127
0.0813461 0.266143
0.857608 0.96863
0.470472 0.959676
0.619131 0.694864
0.726318 0.484697
0.767815 0.0115891
0.767188 0.637221
0.559939 0.13274
0.44585 0.488086
0.190474 0.593297
0.111698 0.364761
0.564976 0.620598
0.847229 0.92349
0.759367 0.085705
0.423788 0.24731
0.81336 0.813379
0.300697 0.355175
0.025639 0.112356
0.300834 0.942704
0.59479 0.525777
0.278685 0.0273934
0.713469 0.515842
0.626292 0.529177
0.977497 0.726241
0.461889 0.265183
0.520443 0.16808
0.0980604 0.667944
0.413777 0.801549
0.75829 0.979127
0.485011 0.444211
0.844023 0.0489338
0.199424 0.0885806
0.82317 0.719763
0.0190523 0.67201
0.178854 0.664545
0.651484 0.135779
0.95575 0.466269
0.551808 0.31881
0.767134 0.287033
0.758412 0.319647
0.666293 0.174271
0.40605 0.425959
0.0846373 0.325707
0.342314 0.0984468
0.918851 0.712999
0.20594 0.200057
0.78495 0.510986
0.197493 0.974723
0.109871 0.758506
0.991681 0.00698847
0.226747 0.335556
0.762907 0.256157
0.933873 0.0260869
0.509148 0.878679
0.181075 0.215609
0.37711 0.787455
0.599989 0.376042
0.31319 0.301083
0.449135 0.39093
0.178703 0.0581296
0.811748 0.779535
0.879466 0.572513
0.239274 0.750559
0.761698 0.0458892
0.941304 0.400607
0.804505 0.746626
0.789547 0.957149
0.25834 0.0929289
0.664584 0.976076
0.00616065 0.136754
0.059298 0.120762
0.242825 0.528435
0.424439 0.162835
0.873449 0.932824
0.181917 0.90991
0.480877 0.0540958
0.941118 0.509774
0.412816 0.371839
0.566453 0.513259
0.31401 0.858758
0.667823 0.062811
0.449516 0.523077
0.560909 0.406724
0.498781 0.00454413
0.0452762 0.327285
0.30911 0.0288707
0.398496 0.766061
0.728477 0.948102
0.871531 0.195682
0.63276 0.558037
0.690538 0.930605
0.0980067 0.296435
0.990884 0.160659
0.905498 0.318244
0.253955 0.688444
0.881067 0.351368
0.647686 0.199971
0.886201 0.633434
0.225219 0.171568
0.266817 0.959805
0.632893 0.021963
0.0489849 0.796715
0.782551 0.767784
0.466237 0.465905
0.960459 0.813303
0.756694 0.392346
0.265581 0.922558
0.607946 0.610241
0.556874 0.582442
0.149821 0.799192
0.121926 0.14091
0.902011 0.769966
0.0845919 0.635922
0.3438 0.784928
0.307539 0.1053
0.0804212 0.383672
0.281075 0.798562
0.139135 0.714515
0.659669 0.55117
0.605337 0.0174082
0.226416 0.424983
0.111159 0.706789
0.592795 0.887031
0.4618 0.781629
0.829825 0.27008
0.683398 0.829847
0.304332 0.5522
0.719151 0.202211
0.217035 0.301969
0.274133 0.297801
0.0183769 0.0807348
0.289937 0.132863
0.680633 0.332909
0.650921 0.884343
0.65338 0.261189
0.570492 0.970681
0.448762 0.432572
0.507807 0.497626
0.113057 0.0538761
0.154664 0.297114
0.839049 0.768461
0.326806 0.213629
0.291059 0.475698
0.655355 0.478424
0.447283 0.641606
0.610916 0.98131
0.431408 0.274358
0.147908 0.846423
0.40171 0.873237
0.240772 0.629198
0.667745 0.394691
0.906321 0.936726
0.787612 0.0777072
0.845369 0.670939
0.213798 0.617239
0.537714 0.0707872
0.361988 0.183688
0.515382 0.907983
0.403037 0.14353
0.457103 0.586781
0.975719 0.303981
0.845244 0.138758
0.483739 0.900458
0.959065 0.747266
0.776175 0.22571
0.195778 0.404228
0.331051 0.929849
0.552292 0.161934
0.926115 0.995606
0.332059 0.700522
0.671987 0.23477
0.36149 0.757698
0.152449 0.903307
0.444629 0.842193
0.559291 0.673576
0.0779037 0.857218
0.990598 0.804169
0.212628 0.777837
0.537732 0.612304
0.955854 0.862168
0.238858 0.141302
0.799424 0.245473
0.96505 0.66699
0.0614881 0.169042
0.316498 0.459798
0.896475 0.480094
0.36994 0.875184
0.830871 0.239708
0.731217 0.738067
0.315378 0.156637
0.92439 0.961457
0.705279 0.761241
0.958965 0.00577895
0.152118 0.543979
0.116171 0.639713
0.356506 0.972951
0.646043 0.921672
0.422041 0.950631
0.979606 0.874399
0.817062 0.455722
0.664855 0.615965
0.785067 0.443839
0.581542 0.833353
0.792354 0.0467433
0.391004 0.197195
0.236988 0.980893
0.736639 0.888866
0.524513 0.0131614
0.0350102 0.608917
0.463115 0.667203
0.596301 0.557598
0.688705 0.0307845
0.787569 0.193013
0.597585 0.31919
0.421593 0.513439
0.567478 0.549051
0.613237 0.179066
0.825971 0.898839
0.59968 0.806951
0.659933 0.947502
0.812668 0.864072
0.883336 0.289923
0.436715 0.0936753
0.10561 0.397659
0.245422 0.037096
0.0136206 0.627511
0.731186 0.339518
0.598852 0.493449
0.643359 0.0512442
0.405962 0.333702
0.909499 0.227998
0.337945 0.564959
0.427464 0.769223
0.25452 0.00370384
0.647229 0.0939915
0.477954 0.322734
0.886325 0.430871
0.546739 0.882858
0.126171 0.820347
0.809941 0.212467
0.286115 0.443543
0.827378 0.992828
0.391526 0.449825
0.329487 0.399941
0.681541 0.667462
0.929777 0.740679
0.971805 0.627349
0.926505 0.255977
0.192352 0.169799
0.919219 0.0526994
0.529442 0.24654
0.119836 0.856452
0.773631 0.69186
0.155166 0.579829
0.262794 0.122446
0.409264 0.643682
0.740794 0.010985
0.481515 0.387576
0.70639 0.90305
0.00940901 0.73516
0.0390959 0.924505
0.164343 0.609619
0.616718 0.780894
0.627677 0.321268
0.674334 0.904303
0.484795 0.169076
0.0873169 0.194203
0.898074 0.736441
0.491332 0.139568
0.265012 0.654818
0.849371 0.0130864
0.117042 0.502184
0.15966 0.4138
0.724863 0.97684
0.474338 0.41635
0.73285 0.920835
0.148419 0.769286
0.980575 0.479036
0.0553627 0.0616224
0.620772 0.25622
0.322105 0.498401
0.0897648 0.109731
0.434767 0.551791
0.29575 0.914855
0.237142 0.881779
0.842928 0.324717
0.041528 0.984055
0.622668 0.0772863
0.123741 0.988794
0.300085 0.617394
0.571152 0.479929
0.646972 0.438301
0.199539 0.241384
0.755597 0.791093
0.308731 0.581613
0.243231 0.939401
0.052595 0.694552
0.980503 0.907844
0.466719 0.559443
0.169443 0.748515
0.252215 0.444045
0.204162 0.371563
0.678531 0.583839
0.36196 0.941435
0.252675 0.855984
0.432222 0.352923
0.731316 0.814194
0.0138326 0.851795
0.689459 0.264096
0.936132 0.771139
0.138673 0.619093
0.7324 0.274512
0.357892 0.651999
0.32889 0.242264
0.419255 0.735131
0.700358 0.123332
0.225244 0.803904
0.346152 0.299894
0.494536 0.258763
0.445166 0.324591
0.68533 0.0894309
0.0167157 0.784855
0.816739 0.301096
0.162645 0.242669
0.762964 0.489213
0.994322 0.646507
0.441655 0.97874
0.773103 0.569391
0.325022 0.334157
0.936596 0.218245
0.648987 0.825688
0.0912129 0.443211
0.534214 0.705896
0.349589 0.907382
0.166511 0.1847
0.902897 0.196721
0.518674 0.445378
0.260446 0.387503
0.951135 0.903663
0.333161 0.27257
0.183773 0.631888
0.404955 0.548315
0.0797969 0.141891
0.549518 0.461341
0.590489 0.155786
0.347976 0.151925
0.510905 0.0789847
0.621381 0.724788
0.799108 0.480267
0.449946 0.725935
0.0193513 0.352616
0.655758 0.513201
0.886285 0.961818
0.939321 0.659298
0.81442 0.511926
0.220345 0.956492
0.985115 0.838878
0.157536 0.936563
0.391854 0.0386624
0.757935 0.753706
0.518468 0.357694
0.970444 0.0355203
0.262033 0.0611039
0.490753 0.644894
0.558084 0.772099
0.394392 0.583806
0.536416 0.106098
0.914652 0.823986
0.527768 0.676592
0.673761 0.7701
0.369741 0.279264
0.707735 0.319339
0.661056 0.740288
0.830525 0.96242
0.256677 0.471534
0.995624 0.281136
0.0324694 0.954199
0.69904 0.175447
0.399087 0.277971
0.267458 0.198127
0.684536 0.871228
0.0177096 0.307958
0.929994 0.688378
0.909295 0.354188
0.223261 0.0616288
0.357885 0.505586
0.462482 0.696256
0.0412577 0.658194
0.843468 0.105626
0.662505 0.288894
0.472001 0.201634
0.765933 0.885203
0.117722 0.788371
0.109839 0.263871
0.33735 0.532426
0.607664 0.749611
0.704752 0.357301
0.545593 0.196638
0.86534 0.412199
0.169034 0.383689
0.70473 0.649073
0.820003 0.937522
0.766449 0.916116
0.476329 0.0259362
0.782998 0.80284
0.941847 0.933635
0.740738 0.700888
0.388786 0.48801
0.119848 0.114773
0.256716 0.165506
0.457901 0.295902
0.730743 0.775987
0.049366 0.358218
0.470989 0.990727
0.406488 0.0867867
0.322551 0.0708403
0.165522 0.144293
0.526194 0.138111
0.0661393 0.30033
0.61511 0.430641
0.252569 0.820354
0.987237 0.359336
0.894869 0.261806
0.817889 0.655724
0.384884 0.164848
0.202258 0.14181
0.229326 0.906616
0.329361 0.601159
0.547218 0.348221
0.690747 0.734186
0.570359 0.935729
0.278181 0.834219
0.915356 0.856183
0.121121 0.539584
0.0403237 0.289126
0.615528 0.582224
0.118619 0.33605
0.543019 0.951087
0.260842 0.566099
0.144196 0.16119
0.386602 0.968351
0.0525414 0.0917268
0.159155 0.444198
0.251451 0.501432
0.428608 0.7022
0.1322 0.240316
0.297729 0.248911
0.891185 0.0678637
0.594561 0.669704
0.282063 0.503363
0.124 0.899221
0.416689 0.478052
0.86345 0.523263
0.583228 0.998795
0.626972 0.862098
0.934283 0.339923
0.205467 0.272749
0.563887 0.808029
0.527281 0.760689
0.0228895 0.264112
0.960298 0.165749
0.969952 0.536583
0.688859 0.488945
0.168274 0.714482
0.323939 0.642445
0.223553 0.485545
0.730192 0.172993
0.356088 0.385591
0.451939 0.178786
0.00734043 0.882379
0.0808712 0.769254
0.0552861 0.257481
0.85056 0.293494
0.0302303 0.70996
0.89069 0.166116
0.59704 0.951757
0.709121 0.588357
0.442366 0.218933
0.23046 0.0905414
0.0894699 0.906021
0.685917 0.14855
0.179982 0.561008
0.793629 0.161402
0.9656 0.598459
0.898781 0.989955
0.295053 0.275912
0.145886 0.0661566
0.44207 0.613453
0.820815 0.0293267
0.442049 0.043202
0.815319 0.688898
0.234279 0.661489
0.469484 0.867948
0.74075 0.853453
0.929033 0.0817581
0.957261 0.253953
0.291519 0.325016
0.433822 0.873745
0.100275 0.472303
0.729019 0.144802
0.810129 0.425428
0.413249 0.983239
0.796331 0.922993
0.820533 0.0680629
0.505883 0.193671
0.229792 0.723064
0.0663655 0.228017
0.730313 0.114748
0.075692 0.491493
0.0267099 0.512307
0.71039 0.835817
0.877849 0.6669
0.227134 0.230401
0.577663 0.034978
0.146039 0.00755992
0.512084 0.389047
0.139052 0.0358545
0.261562 0.716654
0.287531 0.0875351
0.619228 0.137857
0.328489 0.964728
0.646843 0.590204
0.00017254 0.389515
0.41137 0.612765
0.0275653 0.755592
0.364954 0.0311087
0.971513 0.939832
0.0457239 0.865041
0.153993 0.684328
0.862273 0.607022
0.987878 0.680015
0.520931 0.585785
0.510989 0.0441942
0.0828002 0.705427
0.29703 0.704106
0.367984 0.130959
0.0564586 0.199896
0.987654 0.564185
0.0417626 0.479514
0.630919 0.381127
0.683481 0.519525
0.330249 0.753629
0.341455 0.475903
0.24794 0.597786
0.8099 0.602271
0.233973 0.2632
0.617347 0.212118
0.351949 0.43791
0.640216 0.759931
0.416969 0.840268
0.00984572 0.486431
0.871953 0.757039
0.249005 0.784708
0.406516 0.222272
0.974389 0.127328
0.554219 0.287291
0.541716 0.383683
0.212108 0.518301
0.872309 0.720937
0.0486894 0.583247
0.788034 0.66597
0.119416 0.420949
0.950485 0.366528
0.0314244 0.0181001
0.150326 0.649901
0.147438 0.107954
0.183398 0.947711
0.207578 0.653913
0.789179 0.312875
0.988087 0.0659008
0.859911 0.826976
0.0535051 0.633142
0.295181 0.384127
0.416001 0.0574857
0.0559081 0.514052
0.68107 0.204828
0.62663 0.464003
0.596797 0.406516
0.338964 0.878412
0.939938 0.11002
0.59616 0.45932
0.21934 0.117547
0.954253 0.571426
0.379704 0.0700872
0.58483 0.777658
0.284543 0.163773
0.42038 0.303863
0.430105 0.668682
0.769479 0.53855
0.511245 0.327638
0.131801 0.74125
0.77096 0.140726
0.856736 0.167455
0.69379 0.293769
0.490595 0.29131
0.852881 0.383951
0.145645 0.965962
0.0962004 0.231905
0.607271 0.0509232
0.435898 0.126726
0.741122 0.577244
0.944437 0.836209
0.128269 0.934152
0.562282 0.85736
0.496773 0.671249
0.330093 0.815449
0.495421 0.225854
0.429166 0.45185
0.704211 0.796577
0.0380693 0.144719
0.970541 0.390582
