0.64252 0.740514
0.0809445 0.619891
0.835533 0.421519
0.807835 0.839277
0.0826462 0.339152
0.725992 0.0426221
0.809363 0.702377
0.243122 0.450588
0.791346 0.517701
0.092702 0.305399
0.485449 0.0546741
0.963846 0.647258
0.286474 0.94037
0.923695 0.658316
0.490666 0.161528
0.323828 0.518636
0.39992 0.474566
0.506807 0.940955
0.215199 0.718998
0.461787 0.863004
0.120663 0.733597
0.674965 0.163193
0.900207 0.317539
0.449847 0.505187
0.0444501 0.149392
0.00288666 0.920734
0.293018 0.0218116
0.971785 0.835526
0.154008 0.213006
0.416741 0.260366
0.736444 0.00336874
0.166182 0.680844
0.0302677 0.315366
0.962558 0.904764
0.283867 0.366239
0.989637 0.0596036
0.173686 0.311075
0.102824 0.669617
0.403081 0.926158
0.424585 0.770728
0.594467 0.403082
0.971624 0.689774
0.987588 0.324172
0.881976 0.894655
0.0181931 0.209323
0.675563 0.558552
0.383155 0.256506
0.756569 0.854338
0.0501023 0.498623
0.0870453 0.00373144
0.623708 0.646128
0.946789 0.344402
0.0230239 0.180784
0.690278 0.649369
0.0411686 0.93644
0.173642 0.549085
0.14144 0.487406
0.960077 0.2024
0.352401 0.0723306
0.934423 0.701517
0.66644 0.98275
0.305239 0.908935
0.61907 0.764864
0.474427 0.233283
0.259151 0.957366
0.495555 0.826177
0.653733 0.770624
0.0448182 0.807406
0.228368 0.37778
0.596167 0.665093
0.721584 0.707501
0.0605055 0.172401
0.585772 0.749883
0.0350869 0.252381
0.250744 0.794256
0.559369 0.459928
0.540268 0.136275
0.639065 0.251825
0.819235 0.0545032
0.774162 0.969255
0.327739 0.85206
0.191047 0.941422
0.586605 0.323169
0.108751 0.961318
0.773945 0.431765
0.0706466 0.274324
0.480345 0.969053
0.452845 0.311007
0.198769 0.268624
0.887463 0.923036
0.466131 0.589905
0.0832546 0.969701
0.222829 0.995419
0.339321 0.189776
0.523712 0.81447
0.487099 0.768372
0.851875 0.565042
0.21326 0.504051
0.0917507 0.58856
0.371426 0.982238
0.880452 0.0943346
0.879632 0.255787
0.777638 0.462131
0.493041 0.488981
0.665984 0.200471
0.20382 0.558029
0.057755 0.072873
0.181287 0.736035
0.746984 0.691993
0.968388 0.792943
0.591011 0.469052
0.90932 0.99035
0.493864 0.854009
0.21581 0.329582
0.138775 0.237181
0.0919806 0.872851
0.664154 0.688231
0.929412 0.55254
0.662504 0.533425
0.803821 0.423099
0.578008 0.687717
0.769112 0.920832
0.739704 0.437178
0.212845 0.921187
0.693967 0.256097
0.353507 0.497701
0.687113 0.0873257
0.365696 0.706556
0.928309 0.460894
0.525192 0.699715
0.401299 0.987004
0.3391 0.77637
0.180382 0.44714
0.312312 0.284301
0.644437 0.621857
0.575313 0.350717
0.0996722 0.927524
0.0901329 0.527957
0.190658 0.524255
0.958123 0.46093
0.715293 0.815561
0.865841 0.731591
0.203448 0.356952
0.752142 0.947114
0.308779 0.639915
0.888394 0.715951
0.465452 0.553317
0.918539 0.904937
0.00711815 0.112197
0.584163 0.637715
0.700862 0.025493
0.843716 0.255213
0.823647 0.290602
0.704905 0.967562
0.787798 0.61851
0.971647 0.718166
0.774508 0.353899
0.708108 0.320781
0.581632 0.43166
0.833673 0.637419
0.149707 0.739232
0.7586 0.664885
0.817061 0.76812
0.670258 0.721823
0.171455 0.965255
0.890864 0.288883
0.405105 0.607381
0.694336 0.0559345
0.861094 0.511526
0.515438 0.728034
0.289175 0.606676
0.0618496 0.867696
0.993483 0.00181733
0.375875 0.0888632
0.847324 0.811455
0.342861 0.643851
0.739006 0.165292
0.260373 0.279082
0.108758 0.131069
0.522397 0.449437
0.603778 0.570702
0.308552 0.18693
0.612048 0.34424
0.399685 0.319221
0.418652 0.231336
0.464525 0.339631
0.4435 0.183956
0.250278 0.757265
0.322376 0.938167
0.445146 0.612877
0.155663 0.0557064
0.955496 0.172241
0.846266 0.754355
0.527033 0.0720298
0.759134 0.603761
0.160156 0.185125
0.687763 0.399781
0.743067 0.109166
0.970519 0.494386
0.724943 0.192173
0.25744 0.0797058
0.177629 0.776984
0.738805 0.973759
0.449216 0.0285981
0.184439 0.241507
0.0222015 0.0187409
0.116393 0.773153
0.247806 0.983659
0.0460416 0.622399
0.475033 0.369125
0.772817 0.0452119
0.326942 0.670189
0.59308 0.832109
0.836678 0.203456
0.169263 0.498181
0.819254 0.909043
0.130992 0.692105
0.408366 0.375412
0.719827 0.50872
0.935274 0.764959
0.353029 0.954544
0.623846 0.59206
0.00203306 0.445478
0.300152 0.679791
0.524337 0.165413
0.331579 0.586185
0.931802 0.292297
0.592643 0.88566
0.440039 0.928302
0.00397715 0.239121
0.0788636 0.499676
0.975325 0.250253
0.861836 0.640182
0.346279 0.812409
0.878444 0.766271
0.991778 0.0878306
0.918533 0.816778
0.843124 0.0770002
0.0867411 0.220028
0.822576 0.393135
0.282177 0.648618
0.43574 0.0959058
0.542537 0.518062
0.498754 0.426922
0.756402 0.79983
0.0218498 0.0498575
0.550538 0.038013
0.222686 0.42559
0.109355 0.637724
0.959067 0.311922
0.677972 0.754133
0.428426 0.58593
0.246587 0.704989
0.420195 0.198607
0.588419 0.0696144
0.955647 0.519749
0.0517279 0.780016
0.666451 0.0522195
0.492292 0.397494
0.975597 0.429303
0.580614 0.951937
0.84157 0.449822
0.432573 0.870316
0.203831 0.630353
0.238778 0.109581
0.91095 0.410078
0.903403 0.752726
0.153735 0.710831
0.518331 0.105239
0.164487 0.285312
0.00295613 0.696745
0.243462 0.901837
0.0974358 0.434856
0.493185 0.578099
0.870537 0.451832
0.681391 0.953271
0.53193 0.915934
0.74653 0.344752
0.888744 0.655371
0.168577 0.106558
0.428195 0.0632816
0.576715 0.721254
0.608822 0.618409
0.703914 0.161185
0.785604 0.211164
0.52437 0.579156
0.620826 0.850441
0.219815 0.812966
0.386822 0.228195
0.00491098 0.270499
0.5598 0.621312
0.925169 0.0530757
0.660188 0.500984
0.272849 0.915658
0.169075 0.392036
0.548574 0.736105
0.880987 0.422944
0.661685 0.932185
0.313122 0.996781
0.646551 0.158424
0.720413 0.0782382
0.540658 0.993404
0.004737 0.409591
0.237424 0.638466
0.131232 0.547174
0.331702 0.158942
0.698378 0.533036
0.81578 0.150047
0.58579 0.859927
0.362127 0.205923
0.116582 0.804571
0.47476 0.516516
0.117451 0.606232
0.492768 0.329557
0.867748 0.0618915
0.223528 0.0260671
0.827886 0.73045
0.689413 0.501669
0.126413 0.575805
0.895782 0.954383
0.0350917 0.698613
0.978262 0.353103
0.193929 0.868778
0.579693 0.295314
0.859766 0.404003
0.691376 0.885667
0.955299 0.374795
0.0422992 0.650535
0.561173 0.900714
0.275008 0.562874
0.446888 0.221671
0.138786 0.350618
0.610268 0.450331
0.404077 0.165921
0.538224 0.956975
0.758319 0.722031
0.986807 0.177186
0.291206 0.161793
0.636802 0.557178
0.880051 0.61738
0.827216 0.320228
0.583972 0.597974
0.754799 0.141573
0.616063 0.0492783
0.606394 0.203397
0.988143 0.0311558
0.457336 0.127275
0.666816 0.375315
0.958385 0.0852817
0.910196 0.117738
0.415601 0.737118
0.124565 0.201425
0.611985 0.497938
0.321653 0.384282
0.552025 0.697188
0.579179 0.525029
0.714472 0.625019
0.193759 0.419731
0.928883 0.969728
0.732999 0.547591
0.26023 0.0139281
0.382014 0.0492975
0.0557378 0.990789
0.585519 0.124517
0.404923 0.893283
0.196247 0.0503881
0.462162 0.999213
0.746148 0.518165
0.375148 0.905172
0.401257 0.349415
0.684494 0.821449
0.721058 0.477573
0.865371 0.833879
0.32328 0.744665
0.907613 0.0282051
0.793008 0.937093
0.9886 0.469546
0.190658 0.1552
0.433552 0.15303
0.558274 0.838676
0.65228 0.586784
0.152278 0.599072
0.876704 0.210491
0.956812 0.963681
0.40229 0.0744366
0.0620131 0.460855
0.467741 0.431951
0.578085 0.265561
0.463524 0.82771
0.777012 0.831176
0.388373 0.530931
0.227689 0.742452
0.649097 0.343156
0.259588 0.591059
0.435376 0.838063
0.767607 0.315598
0.847909 0.880167
0.0178215 0.724935
0.938618 0.881815
0.81094 0.263806
0.24147 0.934236
0.229342 0.0582752
0.678525 0.29838
0.80711 0.965992
0.910747 0.26746
0.746812 0.465654
0.0567913 0.19919
0.194798 0.983379
0.60942 0.278311
0.965861 0.547498
0.73123 0.221635
0.275627 0.33718
0.13515 0.0237569
0.530911 0.214523
0.943399 0.801716
0.645075 0.831832
0.275205 0.457274
0.349132 0.39991
0.0329911 0.465648
0.907219 0.601716
0.616616 0.168816
0.236561 0.47979
0.849787 0.339378
0.0253633 0.530331
0.170364 0.650755
0.137061 0.660696
0.455935 0.0591302
0.662217 0.904114
0.442614 0.280816
0.191469 0.480786
0.996829 0.892633
0.199023 0.663088
0.107038 0.0805106
0.706709 0.286034
0.100816 0.268521
0.341237 0.292819
0.404484 0.633097
0.361729 0.589821
0.820135 0.673711
0.620845 0.420762
0.972438 0.116769
0.52481 0.670027
0.309039 0.456589
0.707862 0.756072
0.898509 0.226843
0.657681 0.655584
0.710274 0.108079
0.825906 0.940352
0.0126802 0.345589
0.321336 0.252102
0.52941 0.780214
0.210761 0.458017
0.130323 0.916072
0.0883406 0.101297
0.999891 0.376421
0.648711 0.313608
0.557268 0.658866
0.947012 0.2656
0.752491 0.378147
0.54725 0.1843
0.368795 0.169231
0.463153 0.473394
0.059391 0.729778
0.807217 0.191925
0.084805 0.152505
0.894213 0.832465
0.216961 0.68865
0.267666 0.73036
0.798847 0.372016
0.851232 0.911161
0.787992 0.666522
0.361863 0.113401
0.857667 0.940325
0.350223 0.234002
0.191395 0.803718
0.92323 0.851576
0.945073 0.141833
0.400606 0.44487
0.434795 0.900458
0.430334 0.3316
0.523355 0.47947
0.358192 0.617298
0.175078 0.620377
0.0364419 0.91073
0.756291 0.570123
0.419575 0.705098
0.673248 0.849164
0.527479 0.41193
0.989224 0.629535
0.645746 0.0322793
0.629798 0.925585
0.844059 0.037593
0.79997 0.0284854
0.70445 0.849847
0.390379 0.13881
0.873897 0.687849
0.916221 0.725902
0.263411 0.623357
0.854239 0.229599
0.272935 0.485752
0.459966 0.397065
0.84603 0.535564
0.0618392 0.675801
0.0217225 0.762312
0.747574 0.0675412
0.968548 0.87345
0.287638 0.514863
0.812684 0.0912106
0.291778 0.236919
0.308909 0.349161
0.864252 0.308569
0.36771 0.339377
0.608461 0.245742
0.141335 0.629669
0.484724 0.025078
0.693408 0.786666
0.923455 0.524505
0.927297 0.324256
0.549953 0.548551
0.817659 0.80528
0.159367 0.258275
0.609338 0.536756
0.945108 0.428531
0.684467 0.127316
0.221982 0.241225
0.878393 0.0318735
0.00980772 0.153143
0.630144 0.392489
0.490285 0.882103
0.716146 0.414654
0.863435 0.182697
0.307613 0.877683
0.962165 0.995427
0.389681 0.689262
0.333408 0.702058
0.908026 0.440817
0.221887 0.178468
0.751111 0.407334
0.308572 0.138552
0.577273 0.804518
0.730683 0.646538
0.72565 0.784836
0.293974 0.747469
0.899407 0.354485
0.72 0.355029
0.969806 0.604615
0.809183 0.454763
0.291484 0.0813742
0.126035 0.868264
0.436675 0.451973
0.582899 0.0409247
0.639875 0.707757
0.431365 0.803136
0.110576 0.237517
0.436337 0.98213
0.247893 0.507359
0.733314 0.592943
0.0203598 0.665623
0.241781 0.404405
0.581496 0.184883
0.691327 0.358871
0.0634366 0.305531
0.454507 0.766499
0.499338 0.648442
0.580738 0.497346
0.0887744 0.756832
0.634043 0.52008
0.250019 0.209563
0.305287 0.715095
0.444243 0.735872
0.217134 0.887315
0.720229 0.136072
0.335939 0.906711
0.0383667 0.563425
0.759207 0.190192
0.0583355 0.835217
0.7798 0.699068
0.491458 0.542591
0.823657 0.509584
0.548241 0.287875
0.955734 0.0283368
0.4304 0.672823
0.905458 0.685624
0.280234 0.987516
0.693995 0.193613
0.847204 0.107004
0.266135 0.387853
0.827608 0.00911197
0.412311 0.036105
0.0072363 0.562093
0.263414 0.670585
0.71919 0.894352
0.844599 0.703566
0.768675 0.0881723
0.638631 0.190269
0.557169 0.582554
0.947849 0.840645
0.753206 0.0259446
0.981289 0.143855
0.794813 0.302132
0.507323 0.135822
0.187348 0.703085
0.848491 0.783583
0.0985745 0.556564
0.717639 0.38544
0.327203 0.0249369
0.511489 0.514281
0.787791 0.245117
0.0438156 0.409323
0.111465 0.340198
0.501982 0.611453
0.791189 0.898438
0.263494 0.533868
0.36552 0.756207
0.228388 0.609498
0.0772442 0.649882
0.607612 0.699716
0.109609 0.404937
0.992029 0.534911
0.512204 0.972203
0.359697 0.67335
0.27709 0.700154
0.8341 0.170947
0.22187 0.780586
0.0288843 0.859215
0.287322 0.266602
0.661477 0.0932803
0.331646 0.113474
0.759375 0.633829
0.519897 0.548351
0.911304 0.785512
0.424254 0.126101
0.667552 0.232473
0.368669 0.557672
0.779405 0.113317
0.300733 0.840324
0.140725 0.976299
0.266971 0.140447
0.951448 0.230277
0.0727675 0.934717
0.398944 0.797353
0.578855 0.556578
0.912779 0.631214
0.295692 0.428917
0.465777 0.900677
0.301677 0.576458
0.160201 0.998821
0.920375 0.936398
0.759017 0.885307
0.74091 0.827701
0.554604 0.370224
0.80192 0.995233
0.70961 0.564368
0.412873 0.508746
0.148987 0.795195
0.819555 0.607303
0.230522 0.139455
0.796078 0.487268
0.310655 0.779236
0.401316 0.664207
0.333852 0.975355
0.532976 0.607871
0.873465 0.863053
0.158753 0.419798
0.455567 0.256733
0.555447 0.0710459
0.674639 0.0115231
0.503702 0.36124
0.38399 0.28511
0.394393 0.764218
0.522969 0.273703
0.96673 0.760672
0.496849 0.0830312
0.690512 0.469305
0.071434 0.901166
0.619373 0.131838
0.525383 0.0158633
0.616446 0.311696
0.656792 0.409507
0.920117 0.0871541
0.661188 0.872637
0.55388 0.871869
0.995822 0.775216
0.265062 0.425162
0.610033 0.949726
0.590122 0.919568
0.727607 0.8644
0.27862 0.30293
0.43712 0.424406
0.100029 0.0287929
0.706777 0.443393
0.376322 0.826026
0.167123 0.0301849
0.335405 0.324916
0.428592 0.395637
0.0827356 0.784585
0.903825 0.497257
0.936584 0.591842
0.0674839 0.429011
0.401617 0.858011
0.838301 0.974086
0.638511 0.068875
0.804203 0.642245
0.110233 0.48862
0.200072 0.758976
0.218735 0.0829081
0.47593 0.624232
0.021562 0.985324
0.772796 0.74786
0.0560008 0.0181437
0.788142 0.865921
0.561524 0.212416
0.355683 0.14122
0.826272 0.358581
0.185045 0.90351
0.506511 0.191583
0.524214 0.880904
0.483875 0.118046
0.381181 0.500106
0.441179 0.363357
0.906415 0.147332
0.926041 0.203128
0.856291 0.0048528
0.217139 0.847644
0.00520728 0.300537
0.454572 0.956267
0.705976 0.995405
0.283492 0.209135
0.66234 0.465478
0.0919961 0.191891
0.674639 0.623307
0.562735 0.154049
0.376674 0.87298
0.130556 0.273926
0.875635 0.156308
0.200318 0.389197
0.390126 0.58401
0.973229 0.398113
0.789975 0.55792
0.576562 0.0985866
0.609654 0.091073
0.594846 0.374661
0.370028 0.462783
0.314326 0.0528008
0.526479 0.245808
0.782983 0.397423
0.550312 0.805202
0.10711 0.372979
0.297011 0.398657
0.14665 0.765809
0.698468 0.721556
0.862903 0.484001
0.325006 0.081826
0.199407 0.131487
0.0495065 0.963512
0.877996 0.124125
0.816044 0.543181
0.32716 0.422128
0.869075 0.968035
0.360673 0.928474
0.736812 0.314924
0.152385 0.524828
0.524039 0.316403
0.233578 0.266724
0.432915 0.531554
0.595172 0.986607
0.402173 0.416535
0.850099 0.670226
0.275532 0.772593
0.149348 0.127321
0.933583 0.00922117
0.0132866 0.798957
0.345417 0.879984
0.618798 0.900389
0.0304372 0.435317
0.488964 0.457703
0.756186 0.258265
0.904161 0.872526
0.320804 0.613025
0.0845653 0.0574526
0.611739 0.730495
0.502644 0.90921
0.923211 0.239679
0.556615 0.247499
0.494053 0.703673
0.739457 0.286008
0.36869 0.78989
0.974105 0.285146
0.367539 0.309756
0.401094 0.108181
0.126881 0.106644
0.732792 0.740817
0.550005 0.431403
0.161789 0.1542
0.24236 0.561101
0.761802 0.494032
0.319388 0.814703
0.258876 0.241048
0.785237 0.142282
0.39083 0.195226
0.143201 0.318012
0.13218 0.426348
0.992232 0.663202
0.85529 0.374384
0.500885 0.223995
0.220882 0.213076
0.143603 0.0813121
0.476084 0.931612
0.783815 0.171415
0.463431 0.713912
0.551054 0.4895
0.655224 0.129075
0.936647 0.491315
0.41625 0.29456
0.234025 0.665702
0.854571 0.281764
0.556709 0.933138
0.772384 0.00121884
0.529715 0.638955
0.10219 0.699297
0.243894 0.866176
0.0516473 0.33625
0.368224 0.427328
0.607782 0.0178063
0.388085 0.953641
0.158288 0.819915
0.249051 0.322916
0.162487 0.930203
0.798946 0.33539
0.245261 0.165832
0.473865 0.198181
0.830583 0.480587
0.999563 0.506323
0.69596 0.920564
0.0777804 0.398567
0.664372 0.801106
0.798187 0.734229
0.0330827 0.885984
0.759303 0.22615
0.0696889 0.126061
0.740243 0.912442
0.221389 0.583005
0.202296 0.298778
0.28913 0.801431
0.26849 0.182489
0.485492 0.676179
0.353163 0.530223
0.988232 0.970109
0.718043 0.67314
0.690666 0.682816
0.548929 0.107762
0.348832 0.732206
0.678644 0.331023
0.351464 0.265243
0.0263515 0.593714
0.178769 0.337022
0.2753 0.856775
0.136815 0.386211
0.430464 0.480608
0.162581 0.572691
0.643986 0.958615
0.676279 0.433204
0.633763 0.876855
0.465039 0.162364
0.959791 0.572922
0.434992 0.640403
0.271444 0.823551
0.181554 0.0773399
0.334079 0.478662
0.720309 0.939016
0.0453316 0.22482
0.12001 0.0529421
0.823354 0.576016
0.633211 0.366572
0.26956 0.110699
0.305547 0.316452
0.481362 0.739307
0.890974 0.52361
0.699951 0.225109
0.120704 0.516982
0.356738 0.846972
0.898229 0.18514
0.438702 0.560125
0.887745 0.385379
0.367951 0.369269
0.244968 0.354655
0.55382 0.322846
0.405531 0.555991
0.527764 0.847934
0.117687 0.99649
0.947547 0.673592
0.0831741 0.812735
0.85013 0.602263
0.0918476 0.727753
0.192798 0.0156196
0.123259 0.456457
0.817137 0.229719
0.725286 0.254441
0.586197 0.227915
0.133288 0.158227
0.992878 0.586338
0.151672 0.896312
0.218946 0.959065
0.273852 0.885691
0.463274 0.653558
0.948022 0.930254
0.592718 0.780315
0.818777 0.874874
0.940612 0.111491
0.56212 0.399499
0.388383 0.727172
0.558948 0.767797
0.531302 0.347067
0.630365 0.675915
0.305784 0.489539
0.633756 0.104667
0.925749 0.169686
0.907547 0.570058
0.201785 0.105247
0.244386 0.831239
0.639847 0.28492
0.788461 0.774031
0.921126 0.368936
0.847732 0.1387
0.634208 0.795815
0.18722 0.214462
0.935856 0.398183
0.419871 0.954915
0.593117 0.153153
0.0680427 0.560511
0.165006 0.871165
0.0133208 0.95249
0.0556398 0.0434404
0.666929 0.268289
0.946338 0.734653
0.319952 0.218235
0.877056 0.583028
0.0138236 0.622491
0.301652 0.964861
0.110916 0.170224
0.226717 0.533844
0.991723 0.819823
0.382665 0.0170657
0.119688 0.3035
0.768119 0.537557
0.634386 0.479053
0.792065 0.0681055
0.351909 0.0415489
0.186657 0.836113
0.814393 0.119594
0.633886 0.221278
0.954195 0.057829
0.120218 0.833626
0.776079 0.279858
0.232799 0.298541
0.302767 0.543086
0.613295 0.811528
0.623802 0.981128
0.0300555 0.12463
0.788634 0.803664
0.299878 0.111054
0.462018 0.796954
0.705221 0.598166
0.074129 0.370171
0.0713392 0.245365
0.502998 0.296669
0.876426 0.342027
0.191206 0.592857
0.452392 0.689151
0.155714 0.459317
0.0417903 0.362334
0.149524 0.846889
0.641605 0.443361
0.571538 0.0121085
0.0559498 0.53055
0.166218 0.363387
0.882062 0.799263
0.52563 0.383337
0.497088 0.998277
0.491371 0.261328
0.518391 0.755292
0.897022 0.0662691
0.0210827 0.49069
0.253788 0.0424982
0.281537 0.0519601
0.996778 0.860034
0.836293 0.844892
0.894578 0.471751
0.0463499 0.749769
0.63942 0.00512027
0.516322 0.0434138
0.0531975 0.100635
0.944137 0.624498
0.679683 0.58988
0.0600148 0.593558
0.987971 0.211192
0.031819 0.386245
0.40651 0.828165
0.33853 0.358787
0.88247 0.549237
0.381289 0.3949
0.375903 0.641785
0.789951 0.586928
0.333666 0.555909
0.0893695 0.466975
0.135506 0.946322
0.352137 0.00568116
0.108734 0.895729
0.343094 0.447975
0.75127 0.768845
0.991758 0.740268
0.0382858 0.282218
0.422319 0.00935215
0.0909632 0.842971
0.495762 0.79537
0.022192 0.832011
0.978735 0.936985
0.475446 0.292195
0.565612 0.97854
0.0253634 0.0810596
0.466072 0.0903933
0.883689 0.996595
0.0684721 0.70174
0.194616 0.185931
