0.996329 0.93965
0.160565 0.426577
0.0207159 0.32477
0.33697 0.00280234
0.690236 0.712505
0.293873 0.691694
0.0318197 0.756688
0.350285 0.211726
0.106221 0.865193
0.556963 0.792895
0.930078 0.211208
0.468071 0.515658
0.629092 0.357306
0.923332 0.672693
0.0897517 0.256323
0.871177 0.208617
0.251516 0.0695818
0.573851 0.027542
0.360357 0.0618022
0.498945 0.716284
0.309903 0.0893788
0.267745 0.396709
0.971272 0.146098
0.800704 0.905811
0.347139 0.178728
0.6091 0.92323
0.298455 0.724338
0.589287 0.0958739
0.637532 0.14031
0.23236 0.690318
0.784544 0.0817801
0.901011 0.15689
0.983712 0.382286
0.639772 0.903242
0.260585 0.451101
0.512583 0.999077
0.684514 0.591028
0.516132 0.962056
0.00662052 0.508911
0.355396 0.030668
0.212241 0.494413
0.562169 0.703912
0.137419 0.526477
0.947878 0.014704
0.698472 0.892619
0.0582048 0.0295743
0.487588 0.992946
0.71167 0.828964
0.097576 0.225542
0.530168 0.445734
0.908623 0.00602699
0.764553 0.611172
0.742104 0.829585
0.652302 0.812449
0.695026 0.616876
0.354375 0.982766
0.447952 0.94561
0.0838094 0.476138
0.98206 0.555802
0.143566 0.0324661
0.318915 0.275533
0.176928 0.382543
0.441873 0.856683
0.561819 0.287107
0.869442 0.888467
0.138166 0.183044
0.222501 0.417612
0.746601 0.92695
0.713671 0.0110687
0.967214 0.114053
0.557532 0.958726
0.691195 0.474391
0.352003 0.276757
0.981406 0.410346
0.970418 0.582231
0.920766 0.248524
0.265676 0.928545
0.470726 0.28288
0.586925 0.679199
0.0798875 0.135675
0.956614 0.981595
0.570766 0.760734
0.610328 0.891474
0.27466 0.120211
0.780792 0.465423
0.886894 0.340389
0.872185 0.6654
0.735503 0.798313
0.372866 0.67912
0.652142 0.00368812
0.455331 0.000304563
0.490686 0.215327
0.39412 0.150494
0.857701 0.44101
0.486282 0.393922
0.734627 0.546317
0.407894 0.635351
0.125422 0.30426
0.294269 0.920071
0.136115 0.0697699
0.364143 0.245445
0.915186 0.706051
0.987191 0.67542
0.389169 0.295601
0.265627 0.560437
0.877408 0.993444
0.122307 0.945442
0.38751 0.267513
0.86889 0.414653
0.620782 0.830182
0.122257 0.620497
0.580161 0.224151
0.627832 0.226742
0.72012 0.949104
0.97057 0.295441
0.825441 0.64255
0.768037 0.725597
0.423631 0.692913
0.349163 0.0908215
0.815361 0.285777
0.97181 0.512769
0.583903 0.265609
0.647131 0.587379
0.367866 0.309417
0.899285 0.945296
0.620477 0.593018
0.779655 0.50135
0.190197 0.760545
0.118612 0.976454
0.454785 0.760394
0.340266 0.559868
0.603708 0.162366
0.26557 0.712304
0.161978 0.827744
0.461808 0.970972
0.39253 0.699915
0.576644 0.186424
0.205814 0.439251
0.396724 0.803273
0.876714 0.0646309
0.438112 0.245612
0.572113 0.494024
0.137736 0.850973
0.500653 0.59356
0.39813 0.991326
0.281772 0.654104
0.349855 0.446932
0.42568 0.749676
0.113347 0.474505
0.347634 0.746521
0.195791 0.881128
0.679836 0.843186
0.33555 0.808776
0.334061 0.244441
0.650645 0.844542
0.496311 0.368113
0.282582 0.618443
0.214182 0.600727
0.133813 0.132333
0.204541 0.155774
0.543869 0.414182
0.219755 0.235298
0.143406 0.583576
0.712178 0.44937
0.283507 0.87559
0.34446 0.588006
0.942403 0.448044
0.133854 0.213977
0.617466 0.450421
0.0912337 0.929123
0.798746 0.615031
0.887725 0.0331766
0.728259 0.588767
0.592292 0.580719
0.638109 0.0892437
0.0330485 0.456417
0.94884 0.317712
0.440683 0.575053
0.300369 0.010731
0.296802 0.0582628
0.509717 0.417386
0.40474 0.835459
0.981696 0.183864
0.553362 0.555258
0.83539 0.77712
0.769033 0.054355
0.700814 0.163981
0.830813 0.523506
0.26297 0.857164
0.583863 0.462435
0.612806 0.658706
0.909157 0.0614933
0.107939 0.157187
0.671998 0.322495
0.403814 0.90621
0.751389 0.36438
0.803357 0.99982
0.0326404 0.256531
0.714909 0.192601
0.579929 0.361131
0.00212436 0.303038
0.759251 0.328122
0.797091 0.731828
0.812462 0.170565
0.77043 0.387538
0.111477 0.798606
0.528791 0.633632
0.229372 0.54459
0.554481 0.379515
0.000818408 0.753085
0.806554 0.487334
0.754942 0.17502
0.443946 0.672042
0.891695 0.68483
0.969265 0.267093
0.5619 0.731664
0.0320545 0.910687
0.922865 0.423245
0.117809 0.507991
0.198335 0.734714
0.869528 0.280052
0.726165 0.423818
0.277015 0.366569
0.306887 0.893428
0.111993 0.831448
0.582949 0.941564
0.19764 0.123039
0.352487 0.617296
0.151187 0.645742
0.997298 0.910401
0.24432 0.175478
0.0479801 0.647459
0.917607 0.378885
0.0725431 0.33726
0.100547 0.415939
0.749643 0.080611
0.728203 0.979632
0.835315 0.495429
0.325408 0.837817
0.867696 0.506321
0.953903 0.1771
0.892372 0.903776
0.794809 0.141088
0.476687 0.0680618
0.49458 0.333389
0.0673677 0.0900334
0.172388 0.00276587
0.793617 0.562005
0.827962 0.395684
0.767588 0.109983
0.0586991 0.618687
0.0903159 0.777069
0.865498 0.637541
0.594867 0.778215
0.279925 0.0357111
0.232079 0.74895
0.682303 0.810107
0.203305 0.820101
0.149273 0.891475
0.452615 0.829336
0.0173604 0.479415
0.0547757 0.314176
0.892318 0.0949897
0.573148 0.857736
0.728533 0.615101
0.361296 0.711864
0.302541 0.338472
0.554037 0.345322
0.53059 0.711767
0.0323698 0.976385
0.0160779 0.566983
0.660136 0.202347
0.0835099 0.187734
0.741809 0.039591
0.941421 0.585951
0.810567 0.0635925
0.321118 0.212577
0.877955 0.589149
0.304943 0.813686
0.124224 0.347258
0.856876 0.607787
0.625024 0.798464
0.91442 0.463581
0.786414 0.780403
0.278989 0.801289
0.493114 0.12327
0.417087 0.129641
0.265168 0.150072
0.0844201 0.0574374
0.893646 0.618263
0.794099 0.23091
0.614094 0.41422
0.251623 0.10245
0.913446 0.735123
0.0526879 0.412908
0.499441 0.623638
0.0520109 0.190181
0.232118 0.206349
0.168225 0.129316
0.492914 0.0399133
0.0295066 0.0620262
0.173605 0.453509
0.656399 0.68951
0.846525 0.571115
0.439259 0.643786
0.64582 0.749072
0.0414975 0.154522
0.673007 0.262711
0.662771 0.122371
0.818357 0.970334
0.542841 0.933598
0.348249 0.36874
0.478877 0.157128
0.20355 0.705707
0.694679 0.0669986
0.0642579 0.522122
0.235003 0.571775
0.438844 0.613534
0.86294 0.534221
0.200472 0.469286
0.484023 0.475612
0.645291 0.42533
0.345693 0.671919
0.12316 0.555225
0.999539 0.207341
0.379001 0.559433
0.340246 0.496565
0.352939 0.417641
0.382819 0.422755
0.52509 0.672042
0.484142 0.829638
0.914181 0.920898
0.0568839 0.481936
0.723814 0.64433
0.538435 0.905367
0.00292668 0.27137
0.330565 0.722945
0.660098 0.37668
0.015592 0.829603
0.585898 0.646008
0.00171943 0.536216
0.330805 0.396903
0.208635 0.649786
0.96478 0.798479
0.250772 0.422836
0.72358 0.506558
0.54309 0.170859
0.245772 0.514465
0.553314 0.205931
0.0845605 0.734505
0.247647 0.950208
0.838659 0.194106
0.421984 0.16144
0.522505 0.354423
0.693061 0.648877
0.466381 0.587389
0.195805 0.216488
0.215644 0.958337
0.865024 0.149925
0.326549 0.919528
0.0883654 0.990707
0.142113 0.455571
0.112218 0.27445
0.159788 0.744904
0.15272 0.614698
0.0592778 0.556811
0.21514 0.279947
0.772322 0.0202216
0.928876 0.981413
0.839985 0.667219
0.961699 0.613792
0.898138 0.399682
0.236847 0.256868
0.652866 0.97077
0.237314 0.884824
0.62676 0.628884
0.810557 0.932888
0.539369 0.848992
0.359881 0.913048
0.119114 0.728032
0.83135 0.126798
0.397448 0.383289
0.234577 0.721763
0.491161 0.77357
0.510126 0.930309
0.674487 0.446102
0.668087 0.564254
0.288734 0.219701
0.895591 0.435003
0.525124 0.388154
0.252065 0.0395658
0.901844 0.548881
0.278931 0.588446
0.832957 0.859131
0.0709867 0.160968
0.657353 0.615154
0.938144 0.280769
0.204816 0.00721445
0.145215 0.000484977
0.810461 0.674901
0.404777 0.726895
0.739838 0.120267
0.465515 0.548309
0.667924 0.0872272
0.460905 0.796121
0.365813 0.147957
0.984148 0.483258
0.566196 0.616865
0.81788 0.342682
0.996896 0.780516
0.335528 0.113343
0.385886 0.614916
0.677686 0.537
0.647694 0.457998
0.899041 0.191022
0.852849 0.694055
0.664028 0.489301
0.460296 0.447404
0.84906 0.0451016
0.960648 0.861617
0.868351 0.122829
0.57693 0.154176
0.370458 0.770583
0.146421 0.378182
0.200569 0.574457
0.336794 0.527626
0.315795 0.598838
0.773069 0.872243
0.182403 0.606237
0.152918 0.930793
0.169732 0.573546
0.211927 0.906111
0.530639 0.324664
0.781574 0.35241
0.834516 0.74605
0.381059 0.21877
0.383886 0.457159
0.719112 0.914121
0.816464 0.58568
0.227162 0.92727
0.787932 0.81749
0.216887 0.0893542
0.624151 0.988983
0.872597 0.748044
0.492694 0.802526
0.599946 0.341779
0.405361 0.325896
0.900322 0.224425
0.257136 0.219969
0.475052 0.923132
0.922143 0.0873551
0.00206269 0.971208
0.179141 0.353993
0.449483 0.162809
0.0837214 0.442572
0.212463 0.359857
0.523117 0.196055
0.791958 0.699046
0.0079467 0.00431787
0.991717 0.350816
0.235161 0.776391
0.55507 0.647513
0.752031 0.570121
0.829207 0.425169
0.896416 0.798329
0.173114 0.707617
0.0602283 0.921306
0.412165 0.412592
0.469689 0.0271721
0.329986 0.342652
0.415764 0.220476
0.712915 0.394584
0.212147 0.520148
0.742537 0.670681
0.476076 0.85968
0.804963 0.758644
0.469813 0.887391
0.604771 0.245079
0.743426 0.234785
0.211124 0.184825
0.178072 0.799514
0.836522 0.944253
0.53998 0.981452
0.570197 0.31917
0.768926 0.212512
0.925722 0.61495
0.994491 0.0917251
0.690151 0.370643
0.0459513 0.70253
0.120361 0.886812
0.146094 0.0993108
0.402498 0.485122
0.723334 0.0739666
0.820683 0.314204
0.274738 0.968541
0.406873 0.0992874
0.625125 0.113178
0.877875 0.247925
0.800808 0.442332
0.631993 0.167758
0.271235 0.741872
0.682882 0.680394
0.717562 0.109156
0.382558 0.0873082
0.466268 0.692093
0.587063 0.83363
0.133785 0.771338
0.24115 0.981215
0.505093 0.242765
0.908476 0.296812
0.110964 0.755221
0.526793 0.573518
0.544609 0.0130085
0.693402 0.930012
0.31044 0.486781
0.0217693 0.183085
0.883823 0.717068
0.838233 0.994577
0.161853 0.0580418
0.379266 0.889077
0.035858 0.673606
0.271375 0.336116
0.692665 0.421164
0.517354 0.473306
0.326192 0.694446
0.135683 0.670015
0.218337 0.033099
0.410235 0.566316
0.0102842 0.236697
0.301604 0.30684
0.666782 0.919157
0.183694 0.410797
0.375349 0.118723
0.883168 0.465041
0.823392 0.0966437
0.752252 0.267559
0.740825 0.200945
0.652705 0.717021
0.802472 0.201001
0.256121 0.633246
0.198262 0.980462
0.606363 0.0743535
0.30533 0.544808
0.797057 0.0368533
0.593077 0.971936
0.0897008 0.509059
0.297252 0.400463
0.22427 0.626263
0.0904497 0.612055
0.789298 0.31973
0.617669 0.321418
0.327988 0.95821
0.44007 0.502957
0.469671 0.61873
0.866068 0.861197
0.688333 0.224832
0.937298 0.907444
0.82541 0.459154
0.188451 0.070595
0.945322 0.407121
0.590193 0.806125
0.809041 0.258759
0.753869 0.960974
0.999093 0.808043
0.25193 0.484452
0.563135 0.585334
0.95298 0.351536
0.267683 0.768121
0.612792 0.554625
0.189293 0.933521
0.0229926 0.132933
0.753607 0.480494
0.621956 0.691038
0.198746 0.675796
0.456388 0.479695
0.517957 0.742574
0.678383 0.0310545
0.925643 0.177269
0.751431 0.446372
0.859155 0.096422
0.598546 0.127653
0.397213 0.531976
0.867234 0.777465
0.798975 0.525811
0.860404 0.0176445
0.770123 0.541061
0.0413494 0.382521
0.22692 0.117643
0.0013176 0.159638
0.935745 0.813787
0.234712 0.308557
0.7636 0.759903
0.858301 0.804582
0.900943 0.269841
0.232022 0.461471
0.469287 0.0985188
0.473751 0.251174
0.560803 0.440394
0.632617 0.0575749
0.0562625 0.441929
0.964712 0.767438
0.529453 0.227527
0.518591 0.0317615
0.695227 0.136614
0.955695 0.670109
0.691963 0.767147
0.500816 0.0919786
0.188037 0.845143
0.981373 0.733175
0.336044 0.141138
0.670313 0.883028
0.732341 0.861402
0.994708 0.624521
0.0903939 0.299749
0.351775 0.943207
0.308396 0.982607
0.970375 0.829057
0.593517 0.299152
0.691637 0.299338
0.218426 0.330015
0.0597901 0.251524
0.455529 0.383799
0.278483 0.500119
0.756085 0.697995
0.090061 0.571724
0.698269 0.339233
0.408613 0.959373
0.70075 0.862666
0.37675 0.966847
0.241908 0.843139
0.775595 0.253645
0.871091 0.939305
0.808572 0.877823
0.949896 0.0913505
0.466391 0.724023
0.116013 0.441762
0.917975 0.350247
0.639687 0.551235
0.434006 0.195894
0.438393 0.71936
0.0645862 0.588221
0.737746 0.888883
0.240488 0.660117
0.0670395 0.220812
0.991383 0.880848
0.436712 0.0795407
0.145595 0.156834
0.0334642 0.289674
0.0377364 0.347236
0.775875 0.425734
0.781385 0.289052
0.255116 0.805409
0.139458 0.809732
0.112895 0.045013
0.797928 0.403675
0.0383488 0.50682
0.300575 0.188483
0.063239 0.791043
0.168509 0.283809
0.38038 0.741709
0.730374 0.767725
0.763349 0.79899
0.365356 0.798797
0.302708 0.247261
0.160361 0.777737
0.31693 0.86481
0.579224 0.885472
0.43944 0.341772
0.900328 0.127697
0.304178 0.570653
0.126779 0.242923
0.709534 0.739378
0.521855 0.542725
0.876128 0.55929
0.268565 0.249111
0.239895 0.00918347
0.267671 0.308808
0.405047 0.665243
0.114907 0.114918
0.690933 0.104277
0.0799409 0.646471
0.765275 0.844145
0.500808 0.902302
0.0986054 0.364676
0.343246 0.886775
0.457353 0.223169
0.483993 0.747582
0.852327 0.231479
0.0519693 0.728554
0.724088 0.707363
0.555163 0.138868
0.373577 0.646244
0.756838 0.638757
0.676521 0.955262
0.0593783 0.845181
0.332923 0.305162
0.775078 0.669824
0.0659629 0.283299
0.847919 0.301641
0.85397 0.336039
0.945355 0.0507657
0.523638 0.813326
0.174232 0.515938
0.367366 0.828338
0.969496 0.435952
0.158569 0.545156
0.675239 0.741953
0.729431 0.335914
0.241322 0.383498
0.318243 0.428124
0.723072 0.368035
0.641332 0.936636
0.574501 0.913155
0.955631 0.543126
0.822533 0.710112
0.432221 0.784429
0.194054 0.25563
0.60404 0.0398814
0.643032 0.661675
0.522405 0.781353
0.593937 0.711344
0.471309 0.418205
0.114526 0.588676
0.337816 0.642031
0.260972 0.899997
0.980805 0.238367
0.144334 0.489866
0.975449 0.704955
0.899146 0.866013
0.278853 0.084351
0.165953 0.248183
0.115994 0.0104312
0.29496 0.152649
0.597605 0.615287
0.968066 0.0677009
0.54439 0.878776
0.610749 0.860029
0.12246 0.915466
0.110748 0.646712
0.858309 0.968705
0.0863749 0.0227247
0.417584 0.292669
0.0452249 0.817384
0.310528 0.371488
0.858841 0.388853
0.724737 0.475513
0.59029 0.430456
0.495143 0.444591
0.414618 0.0585538
0.0890685 0.7061
0.712336 0.678392
0.930214 0.555455
0.310866 0.752613
0.176846 0.0972006
0.402605 0.189681
0.0361427 0.0136203
0.929339 0.489507
0.895085 0.495412
0.137825 0.411573
0.0150536 0.430493
0.909137 0.585142
0.429649 0.38409
0.0824099 0.817315
0.576434 0.402142
0.944746 0.701168
0.74009 0.736379
0.948083 0.242461
0.442026 0.308186
0.853159 0.833063
0.658308 0.28889
0.0310247 0.788527
0.619591 0.956283
0.602476 0.00858579
0.920719 0.321236
0.936022 0.94767
0.439056 0.108732
0.999416 0.594447
0.788636 0.961127
0.0132234 0.0361906
0.153069 0.312213
0.0792231 0.396166
0.503853 0.272682
0.636461 0.027135
0.0255455 0.621462
0.16762 0.675705
0.149213 0.967504
0.43931 0.272908
0.776517 0.932347
0.658785 0.235277
0.210275 0.389966
0.950143 0.73404
0.798649 0.112036
0.375445 0.183524
0.658357 0.346784
0.80497 0.371413
0.249274 0.599521
0.175175 0.905785
0.192427 0.544452
0.271263 0.000647561
0.55437 0.822743
0.35989 0.475354
0.834958 0.895223
0.55509 0.524427
0.898777 0.765114
0.486572 0.954235
0.617615 0.280997
0.440575 0.422242
0.729307 0.154012
0.497892 0.182929
0.711497 0.0407399
0.375995 0.50252
0.404603 0.247721
0.777627 0.586775
0.993583 0.452867
0.3044 0.121782
0.365091 0.532869
0.681241 0.000876009
0.413513 0.355225
0.532841 0.297061
0.767972 0.900232
0.664313 0.643094
0.932707 0.759343
0.0129906 0.370006
0.670682 0.404293
0.852732 0.723359
0.546002 0.0477027
0.541869 0.759634
0.298627 0.950318
0.662235 0.780663
0.925182 0.878378
0.175613 0.959992
0.230544 0.814871
0.605605 0.484886
0.651768 0.519669
0.446194 0.911289
0.217977 0.0600007
0.234481 0.145188
0.0237451 0.882752
0.970117 0.956667
0.471244 0.65351
0.491243 0.564008
0.301628 0.779231
0.369628 0.388955
0.497702 0.687404
0.714796 0.229722
0.707868 0.535829
0.697479 0.977003
0.961671 0.211523
0.049677 0.117028
0.185531 0.325683
0.997085 0.123459
0.499775 0.655619
0.271556 0.187164
0.979065 0.327869
0.468267 0.317845
0.576011 0.0615797
0.773537 0.987678
0.558092 0.245019
0.0881646 0.959428
0.590576 0.517676
0.0172405 0.403896
0.377911 0.0141351
0.264288 0.680903
0.627476 0.769258
0.25347 0.281762
0.798436 0.847856
0.173234 0.487202
0.286355 0.838786
0.321566 0.168392
0.530286 0.102755
0.0826324 0.855893
0.7494 0.299226
0.305268 0.517019
0.972816 0.644314
0.411521 0.444401
0.510408 0.154464
0.964116 0.925457
0.0349583 0.217506
0.0553647 0.064535
0.435397 0.542347
0.633908 0.4869
0.182581 0.0347508
0.868271 0.177769
0.937063 0.846029
0.408 0.0221457
0.852764 0.916663
0.84191 0.363781
0.38218 0.858317
0.434521 0.0224811
0.599537 0.745479
0.310628 0.6287
0.496908 0.529571
0.899358 0.972513
0.881509 0.368769
0.0631922 0.758531
0.663044 0.0551816
0.665721 0.159409
0.311247 0.663333
0.928352 0.786856
0.705834 0.793029
0.745558 0.00465361
0.761767 0.143645
0.458526 0.131773
0.174208 0.191923
0.535971 0.264679
0.82528 0.226042
0.286176 0.277691
0.841301 0.0720468
0.977518 0.0318251
0.0585906 0.884344
0.432479 0.886831
0.823773 0.551712
0.552076 0.678049
0.448338 0.0522753
0.641844 0.871748
0.142657 0.270728
0.979757 0.999273
0.962166 0.892139
0.879598 0.311781
0.165621 0.865549
0.207281 0.784804
0.751929 0.515949
0.929794 0.119896
0.147829 0.7189
0.33514 0.777257
0.117276 0.388213
0.564748 0.110322
0.10175 0.327783
0.429241 0.981689
0.377083 0.587034
0.93755 0.641658
0.640819 0.31141
0.100512 0.676732
0.921654 0.0329279
0.910844 0.832788
0.28649 0.431218
0.0938654 0.541015
0.181653 0.638121
0.0108874 0.653731
0.690891 0.506421
0.384717 0.933963
0.0692381 0.680216
0.0348155 0.540712
0.516749 0.0667318
0.705197 0.568334
0.352045 0.856431
0.533004 0.506536
0.0859828 0.897687
0.783209 0.17458
0.244876 0.350214
0.287079 0.465297
0.996847 0.0613699
0.127683 0.69689
0.388083 0.0518028
0.790861 0.644478
0.176133 0.163203
0.550359 0.0797616
0.417207 0.515166
0.603234 0.202543
0.499591 0.302477
0.699511 0.264363
0.0103452 0.694572
0.994419 0.851572
0.634033 0.391861
0.194162 0.29857
0.724515 0.269242
0.321698 0.0318169
0.216836 0.858981
0.602826 0.381475
0.501403 0.500684
0.109135 0.194368
0.834911 0.156823
0.683631 0.188779
0.0344798 0.58962
0.413987 0.598049
0.633225 0.194578
0.957297 0.475116
0.748269 0.406489
0.163308 0.22001
0.824782 0.0255958
0.150744 0.342982
0.842068 0.263137
0.620541 0.519232
0.466746 0.35392
0.621756 0.725187
0.402953 0.771394
0.903146 0.647821
0.0574756 0.953298
0.320696 0.459066
0.108147 0.0808669
0.719128 0.305793
0.939075 0.146188
0.830436 0.613593
0.411013 0.867367
0.583298 0.547547
0.907432 0.521606
0.884142 0.829973
0.026399 0.0951641
0.420431 0.931871
0.823112 0.825273
0.35668 0.333252
0.088002 0.108443
0.572254 0.993368
0.0596908 0.989101
0.509352 0.876115
0.0324878 0.856059
0.534868 0.603491
0.270379 0.533268
0.426688 0.815644
0.52695 0.132506
0.637663 0.2607
0.951073 0.379257
0.0669182 0.367142
0.0272554 0.941839
0.940577 0.51593
0.854844 0.473003
0.509857 0.845396
0.815431 0.797341
0.0162368 0.723809
0.32924 0.0617881
0.549501 0.475515
0.465568 0.192696
0.380901 0.35167
0.429056 0.465681
