0.96304 0.0168822
0.00609013 0.73023
0.532002 0.30339
0.591469 0.532989
0.708034 0.704617
0.143749 0.300378
0.516557 0.700091
0.471617 0.440358
0.0318971 0.764196
0.479382 0.776886
0.930602 0.466176
0.646269 0.9106
0.00434042 0.00468142
0.369265 0.521899
0.439031 0.847525
0.238542 0.372022
0.57147 0.0995181
0.312409 0.259601
0.329113 0.000568419
0.760859 0.986028
0.541126 0.20949
0.770578 0.62393
0.673731 0.412114
0.115667 0.229141
0.579037 0.925486
0.792152 0.491145
0.0766183 0.379691
0.0804317 0.684635
0.732163 0.772404
0.846953 0.66039
0.756418 0.92584
0.89268 0.669829
0.544827 0.69732
0.28894 0.0283453
0.370996 0.584003
0.0626341 0.748569
0.708215 0.81456
0.0182539 0.0365366
0.458966 0.0763675
0.486356 0.896627
0.470004 0.477398
0.51022 0.283961
0.494722 0.865722
0.286807 0.712969
0.473191 0.176622
0.521307 0.444837
0.359681 0.410049
0.151736 0.828472
0.233685 0.949653
0.435935 0.0586964
0.0675802 0.8135
0.103833 0.166717
0.801986 0.0338944
0.383152 0.879765
0.0576504 0.487274
0.493456 0.645303
0.864644 0.358977
0.17706 0.706607
0.158824 0.989244
0.557552 0.156552
0.870159 0.616378
0.265852 0.663642
0.806807 0.315542
0.212012 0.0936804
0.598836 0.848907
0.088156 0.24035
0.185021 0.629965
0.678315 0.460192
0.0435532 0.701989
0.885791 0.826195
0.944335 0.110145
0.170436 0.737504
0.123539 0.0818112
0.599794 0.245676
0.654674 0.437328
0.981812 0.059378
0.896257 0.350237
0.621391 0.565185
0.98342 0.256212
0.676553 0.996947
0.933268 0.505594
0.571697 0.071224
0.575805 0.55481
0.0422211 0.640188
0.182243 0.805046
0.853978 0.552947
0.977515 0.144898
0.932481 0.958687
0.627799 0.835079
0.711498 0.469964
0.785897 0.562353
0.339558 0.429963
0.68965 0.788495
0.705866 0.172834
0.403047 0.536925
0.554249 0.446765
0.725661 0.983857
0.816378 0.812128
0.864497 0.259667
0.511043 0.361667
0.803456 0.70939
0.246643 0.100786
0.420529 0.37149
0.902783 0.911654
0.55878 0.287516
0.180997 0.180163
0.290486 0.473558
0.307945 0.353269
0.430177 0.249304
0.999216 0.321596
0.508464 0.0745951
0.64269 0.308821
0.839294 0.529361
0.976696 0.632801
0.109376 0.505538
0.614046 0.190358
0.782995 0.96423
0.845364 0.45911
0.768347 0.69688
0.107306 0.705809
0.668805 0.37623
0.173747 0.516361
0.574974 0.819298
0.976339 0.920606
0.542442 0.502229
0.248314 0.401787
0.370866 0.911763
0.0542692 0.229977
0.695629 0.433732
0.248867 0.636247
0.0116683 0.233099
0.6241 0.430973
0.430649 0.56249
0.911606 0.611457
0.327978 0.665124
0.787831 0.676409
0.141262 0.251744
0.813699 0.965175
0.291479 0.781587
0.905544 0.478448
0.0676582 0.935787
0.635639 0.0236756
0.296636 0.508568
0.694343 0.675817
0.160132 0.1528
0.412139 0.448183
0.774022 0.435825
0.805525 0.447544
0.760367 0.795995
0.745192 0.375478
0.204352 0.533296
0.284287 0.337014
0.450762 0.354713
0.855261 0.721215
0.970436 0.53783
0.514109 0.00184874
0.857244 0.431492
0.0299165 0.318798
0.112752 0.422836
0.168451 0.447095
0.335305 0.110846
0.738945 0.715324
0.981366 0.467367
0.544431 0.0210336
0.423708 0.128812
0.941499 0.308368
0.0608142 0.897698
0.426826 0.951058
0.891064 0.380777
0.180385 0.386966
0.223178 0.0390575
0.180083 0.572418
0.979316 0.741248
0.569401 0.359595
0.25761 0.986828
0.745917 0.459978
0.673239 0.285849
0.592952 0.956361
0.956601 0.481329
0.49683 0.391352
0.197633 0.826851
0.585786 0.611002
0.74941 0.0720827
0.525581 0.634233
0.833531 0.262077
0.533932 0.982875
0.17984 0.09041
0.466054 0.381242
0.722466 0.341493
0.953285 0.247812
0.413151 0.782947
0.549659 0.834193
0.484499 0.928755
0.250679 0.84325
0.428319 0.914546
0.294738 0.747038
0.641811 0.775225
0.854232 0.298223
0.254075 0.0714393
0.746574 0.747548
0.77491 0.467025
0.316275 0.0898437
0.0811919 0.287556
0.752672 0.560455
0.374988 0.979404
0.335037 0.358131
0.762464 0.500242
0.680647 0.928455
0.0963272 0.314065
0.139322 0.53415
0.154618 0.797654
0.451823 0.151417
0.575296 0.471145
0.880681 0.736567
0.813115 0.547288
0.535688 0.737798
0.391165 0.0152284
0.617248 0.904168
0.585408 0.709475
0.390753 0.325713
0.263076 0.929789
0.42478 0.700558
0.524643 0.0424141
0.607144 0.144274
0.593958 0.444052
0.704277 0.142142
0.115314 0.897109
0.236839 0.546191
0.284918 0.000359826
0.399755 0.722785
0.496949 0.133062
0.460702 0.869407
0.560104 0.954502
0.423118 0.663323
0.347909 0.473522
0.679046 0.255083
0.248278 0.12777
0.61746 0.272898
0.933278 0.535705
0.016976 0.436415
0.828796 0.425275
0.795779 0.232972
0.135722 0.735511
0.950073 0.211741
0.865582 0.188587
0.963249 0.953623
0.683627 0.489861
0.129759 0.597672
0.0403237 0.920121
0.318415 0.485676
0.617133 0.526076
0.397617 0.0477057
0.958811 0.34758
0.917733 0.686863
0.558427 0.629904
0.195452 0.660544
0.338044 0.323843
0.258141 0.802003
0.745051 0.202332
0.510799 0.4904
0.158945 0.963352
0.89101 0.706851
0.109496 0.398031
0.726923 0.532035
0.221487 0.345863
0.403368 0.812771
0.783816 0.262799
0.926791 0.715179
0.386124 0.154306
0.667628 0.541965
0.982053 0.700097
0.920086 0.221562
0.17091 0.0423113
0.672915 0.69762
0.911346 0.741306
0.0114617 0.698476
0.214816 0.893983
0.277537 0.0563687
0.931532 0.660608
0.110217 0.863614
0.535759 0.100704
0.61924 0.390198
0.579324 0.312211
0.826909 0.394025
0.994598 0.502544
0.711112 0.910019
0.597199 0.37128
0.666072 0.660835
0.350148 0.22243
0.7247 0.439746
0.835148 0.362887
0.336696 0.748987
0.347947 0.716963
0.52586 0.181479
0.892459 0.0716496
0.477684 0.0962353
0.587876 0.278091
0.0157366 0.972153
0.569497 0.223778
0.514722 0.524547
0.811367 0.0966036
0.602671 0.494167
0.519902 0.782179
0.200941 0.436455
0.145078 0.566439
0.928059 0.587247
0.262381 0.194583
0.832592 0.198927
0.375557 0.853884
0.957793 0.0822741
0.865031 0.904492
0.368017 0.100472
0.303168 0.978165
0.731381 0.801138
0.650275 0.720316
0.41809 0.633065
0.691887 0.532582
0.939436 0.416781
0.0711761 0.965399
0.907995 0.941932
0.292149 0.808442
0.331887 0.595179
0.19572 0.987294
0.554964 0.76255
0.681538 0.825904
0.574175 0.502535
0.370098 0.742991
0.111264 0.264162
0.0830512 0.473953
0.485153 0.704354
0.537436 0.262697
0.295079 0.946742
0.346911 0.0761957
0.183258 0.768927
0.458719 0.243876
0.0638952 0.318262
0.0850124 0.555195
0.461385 0.553925
0.754615 0.101074
0.625769 0.870183
0.714417 0.738012
0.256632 0.233121
0.611607 0.306018
0.897927 0.195445
0.453659 0.510619
0.742918 0.277864
0.943202 0.92665
0.53183 0.550655
0.283672 0.14372
0.00326163 0.291513
0.770855 0.39413
0.444542 0.185393
0.120612 0.763502
0.651241 0.627733
0.714513 0.25946
0.301804 0.650172
0.108973 0.053966
0.529477 0.858866
0.697916 0.884317
0.306778 0.535467
0.855731 0.0295666
0.902268 0.0255478
0.874728 0.327125
0.734338 0.150372
0.316638 0.162971
0.380193 0.212629
0.446535 0.760464
0.789344 0.00253222
0.705752 0.316868
0.731413 0.0156819
0.632671 0.0851463
0.0872689 0.998997
0.274505 0.265406
0.252025 0.336043
0.665948 0.224672
0.380691 0.24696
0.286571 0.858264
0.286886 0.23713
0.0239052 0.669128
0.105936 0.106737
0.275687 0.308199
0.840513 0.86981
0.377685 0.068375
0.675733 0.141487
0.741602 0.610959
0.716324 0.20065
0.434648 0.818979
0.374562 0.492448
0.0724719 0.644176
0.0906962 0.834781
0.041779 0.117324
0.558516 0.576402
0.282627 0.115
0.874845 0.480762
0.285832 0.0879274
0.432837 0.215209
0.912834 0.438827
0.719608 0.0910032
0.761233 0.588583
0.23185 0.68674
0.769691 0.220279
0.258902 0.435283
0.121109 0.983806
0.812909 0.0637974
0.0516614 0.431471
0.828032 0.29404
0.201694 0.499165
0.481456 0.673659
0.344744 0.565743
0.154869 0.193244
0.0207216 0.895553
0.371357 0.274288
0.735496 0.493483
0.0785457 0.0400723
0.692873 0.973838
0.840484 0.618926
0.237505 0.256695
0.293325 0.914396
0.00666653 0.583432
0.157129 0.629321
0.173303 0.313489
0.0127658 0.807212
0.499943 0.420803
0.849987 0.586415
0.352846 0.646565
0.21408 0.229994
0.133679 0.949501
0.834443 0.700899
0.937458 0.279683
0.741856 0.894698
0.615172 0.465093
0.49589 0.0238491
0.318978 0.77624
0.0440386 0.460175
0.0590208 0.993757
0.580675 0.131157
0.419909 0.158788
0.976224 0.189181
0.229579 0.454767
0.640298 0.539442
0.435472 0.732302
0.817628 0.934882
0.738432 0.683926
0.965985 0.510535
0.960095 0.888161
0.870221 0.15051
0.925646 0.778555
0.458804 0.715241
0.657331 0.341097
0.148013 0.101276
0.881402 0.414849
0.993794 0.665442
0.114744 0.567953
0.227921 0.659458
0.655023 0.838615
0.83614 0.781049
0.0349663 0.584546
0.0448822 0.517802
0.800214 0.379039
0.770524 0.296522
0.228629 0.600187
0.138464 0.366014
0.891541 0.24435
0.443752 0.977917
0.764508 0.134986
0.79865 0.740493
0.405105 0.229132
0.104367 0.0213804
0.613907 0.632556
0.0325046 0.176201
0.749821 0.171356
0.843713 0.166923
0.118554 0.291117
0.000485541 0.406032
0.349765 0.880106
0.336136 0.285714
0.773703 0.895343
0.98279 0.984178
0.785751 0.15648
0.78894 0.526482
0.540433 0.0693415
0.233682 0.515899
0.313696 0.82939
0.392532 0.357288
0.405626 0.506738
0.581648 0.017116
0.841134 0.060585
0.874626 0.880008
0.207212 0.120723
0.125669 0.796427
0.815098 0.164289
0.326891 0.391642
0.623502 0.22355
0.905763 0.310514
0.315883 0.725654
0.811537 0.611808
0.0126162 0.634964
0.161843 0.598013
0.690257 0.572671
0.454905 0.89858
0.593551 0.338548
0.196147 0.359225
0.758351 0.531035
0.3975 0.604858
0.0714879 0.717408
0.457023 0.586026
0.822052 0.23451
0.0787088 0.126568
0.894976 0.162577
0.850597 0.226985
0.0279432 0.0616728
0.224634 0.837126
0.194838 0.957916
0.926159 0.810102
0.412327 0.270238
0.145765 0.424848
0.161311 0.275332
0.21621 0.629407
0.851599 0.994349
0.845993 0.96205
0.561468 0.725797
0.0910313 0.763231
0.731462 0.637342
0.664784 0.0249853
0.137819 0.129377
0.486709 0.30095
0.675973 0.605379
0.191398 0.287293
0.847136 0.92977
0.538072 0.473244
0.594413 0.57949
0.0942985 0.59149
0.990733 0.895225
0.0259199 0.349995
0.758453 0.657724
0.109061 0.673471
0.345891 0.920902
0.424974 0.0311039
0.705587 0.286536
0.465704 0.127307
0.69201 0.109866
0.881335 0.00486687
0.148001 0.394225
0.467227 0.80917
0.180112 0.415135
0.266173 0.528669
0.902783 0.976589
0.613961 0.723487
0.4019 0.474577
0.173885 0.122865
0.531313 0.387218
0.102235 0.645401
0.152354 0.766032
0.0572412 0.0662922
0.256195 0.03072
0.237016 0.209774
0.773579 0.0445997
0.365069 0.0312716
0.168297 0.354592
0.484398 0.504537
0.335633 0.808292
0.704643 0.614673
0.490818 0.228992
0.259429 0.730357
0.169503 0.484261
0.853196 0.843421
0.997877 0.610624
0.201105 0.694352
0.403707 0.898898
0.64705 0.467698
0.4623 0.0393526
0.846931 0.81546
0.0251683 0.49399
0.94081 0.752269
0.267505 0.762255
0.0600447 0.192029
0.225224 0.420818
0.311426 0.315109
0.0525409 0.029602
0.407504 0.987167
0.701452 0.012272
0.0979237 0.799343
0.807736 0.131079
0.221704 0.284771
0.236264 0.914795
0.260222 0.69628
0.178536 0.850311
0.903634 0.276636
0.0229889 0.144923
0.232523 0.312722
0.0672744 0.781795
0.828569 0.0229339
0.0745659 0.409887
0.49634 0.16224
0.636313 0.656036
0.819066 0.474236
0.00435324 0.199104
0.0692757 0.262188
0.197052 0.599119
0.363896 0.345391
0.896552 0.799055
0.0359003 0.732182
0.291153 0.207417
0.784404 0.933716
0.986571 0.828648
0.201801 0.256959
0.382421 0.630551
0.858272 0.758943
0.0835238 0.877968
0.0765461 0.166025
0.145426 0.91598
0.978232 0.108911
0.411693 0.189725
0.36207 0.306449
0.724199 0.406258
0.279743 0.553295
0.728129 0.933299
0.954419 0.606773
0.759804 0.865483
0.699553 0.229415
0.682655 0.729336
0.603905 0.0677047
0.3492 0.778109
0.820389 0.643703
0.140639 0.65256
0.672626 0.0529552
0.687948 0.639422
0.953073 0.690137
0.170404 0.934832
0.205698 0.196536
0.108941 0.137453
0.054256 0.147687
0.952362 0.986415
0.0793237 0.513285
0.0654046 0.0972405
0.639598 0.941991
0.683357 0.198032
0.320773 0.862653
0.208491 0.779251
0.358181 0.379754
0.357087 0.998675
0.552036 0.327433
0.448711 0.621103
0.771464 0.727993
0.145461 0.709262
0.0593748 0.543555
0.992699 0.949874
0.0568915 0.349368
0.344328 0.842806
0.986998 0.793635
0.0452771 0.380362
0.829832 0.739545
0.580445 0.648058
0.698368 0.762663
0.909019 0.127173
0.463823 0.00924846
0.0636762 0.58073
0.0998497 0.963017
0.211015 0.566645
0.422829 0.338569
0.474804 0.325149
0.857452 0.39326
0.696813 0.393643
0.804032 0.874407
0.998327 0.081897
0.871768 0.646039
0.118976 0.3344
0.720464 0.588382
0.404924 0.413128
0.372624 0.797628
0.182991 0.907469
0.506582 0.106892
0.564497 0.391633
0.121322 0.623796
0.92281 0.0900801
0.423979 0.875597
0.803472 0.198119
0.633487 0.745025
0.292686 0.88433
0.639385 0.0564093
0.415083 0.0780371
0.862685 0.0832274
0.388621 0.388764
0.0173454 0.842238
0.661051 0.506572
0.778979 0.326617
0.148097 0.332338
0.50537 0.729259
0.01365 0.930871
0.322931 0.695352
0.783839 0.109635
0.774788 0.359825
0.209628 0.865337
0.797423 0.413881
0.0403329 0.260468
0.0652908 0.853007
0.410079 0.751247
0.60646 0.038378
0.588005 0.169951
0.614715 0.00353614
0.923416 0.15447
0.359638 0.950558
0.530319 0.811063
0.320179 0.195282
0.570378 0.858519
0.87971 0.2913
0.96439 0.660808
0.45512 0.650708
0.66751 0.171747
0.668968 0.0827191
0.475687 0.269645
0.725859 0.868683
0.225783 0.978004
0.153953 0.0688611
0.685542 0.857456
0.381776 0.181805
0.66063 0.800907
0.422249 0.303987
0.0550419 0.672157
0.322507 0.452496
0.546108 0.88305
0.230065 0.747541
0.287115 0.174711
0.604542 0.664417
0.545585 0.920404
0.956656 0.723506
0.56109 0.991656
0.084266 0.208198
0.357209 0.612522
0.300911 0.28664
0.785433 0.850699
0.73261 0.233594
0.936629 0.385913
0.970922 0.859235
0.884023 0.450465
0.790252 0.644351
0.00251472 0.86584
0.0264342 0.0927806
0.268162 0.366724
0.992892 0.555779
0.357294 0.679777
0.202984 0.0182112
0.926816 0.187742
0.918397 0.0568017
0.268413 0.960981
0.0328606 0.210229
0.870123 0.121123
0.992181 0.351992
0.642168 0.688477
0.496872 0.807034
0.137058 0.0408101
0.087808 0.346429
0.840564 0.330061
0.193419 0.0600731
0.817778 0.843344
0.951219 0.563878
0.0816344 0.615456
0.589986 0.984097
0.808348 0.346973
0.952622 0.44367
0.277495 0.581503
0.32196 0.935586
0.0110605 0.528383
0.240585 0.774924
0.61715 0.602408
0.371372 0.825152
0.172102 0.545125
0.244562 0.873262
0.0337226 0.00282048
0.235899 0.00852677
0.893745 0.537578
0.308464 0.415846
0.71548 0.370946
0.207191 0.929538
0.933437 0.0255468
0.500431 0.961083
0.228497 0.177094
0.939781 0.632037
0.664971 0.955267
0.70488 0.0420385
0.108914 0.370092
0.644973 0.142711
0.324414 0.627074
0.169058 0.671402
0.870195 0.517083
0.914716 0.561452
0.948285 0.137268
0.554933 0.791644
0.171657 0.0144303
0.569705 0.422326
0.671952 0.898391
0.922988 0.251595
0.922997 0.996169
0.866505 0.792825
0.817888 0.508671
0.596296 0.883785
0.319355 0.0254421
0.453545 0.932213
0.134487 0.168451
0.089328 0.91378
0.395827 0.930532
0.114809 0.449302
0.254924 0.287638
0.956419 0.801607
0.949494 0.0527745
0.791798 0.594194
0.839267 0.100209
0.561227 0.186813
0.193359 0.152914
0.342324 0.0466727
0.475631 0.744584
0.547692 0.126094
0.892247 0.102638
0.255327 0.15959
0.172401 0.245348
0.260236 0.466392
0.902352 0.509303
0.999333 0.164916
0.484104 0.352566
0.482037 0.534414
0.781064 0.822442
0.719221 0.84206
0.0376595 0.793794
0.925403 0.33328
0.637725 0.365643
0.7087 0.506939
0.450475 0.682564
0.659171 0.572227
0.750007 0.83301
0.585546 0.746914
0.143465 0.886014
0.602022 0.102028
0.517356 0.893154
0.801853 0.906183
0.433602 0.530025
0.969948 0.284327
0.93468 0.864006
0.260264 0.606983
0.802045 0.280774
0.143976 0.464718
0.380684 0.432187
0.534973 0.415632
0.646114 0.275175
0.14518 0.857775
0.919527 0.83912
0.120044 0.831845
0.338836 0.507644
0.610614 0.933423
0.427886 0.597698
0.478714 0.620414
0.110887 0.932685
0.354491 0.133712
0.440914 0.104439
0.654114 0.872444
0.984178 0.435517
0.718493 0.661208
0.11285 0.195651
0.751162 0.33765
0.332854 0.967369
0.0884337 0.0772996
0.443988 0.789017
0.319945 0.229015
0.628202 0.80112
0.549622 0.603157
0.432558 0.487946
0.970191 0.317917
0.927525 0.361956
0.865076 0.687065
0.346053 0.254012
0.737163 0.0479924
0.402237 0.57227
0.89253 0.767863
0.00223773 0.765957
0.464803 0.41127
0.115037 0.478205
0.953818 0.171581
0.564897 0.251653
0.466183 0.211541
0.818036 0.993439
0.397186 0.684921
0.0133388 0.264688
0.706363 0.950871
0.810403 0.768725
0.751048 0.417652
0.435832 0.427965
0.932931 0.899568
0.29305 0.681235
0.22535 0.0675609
0.511385 0.609008
0.374734 0.705898
0.0425007 0.830134
0.649603 0.987211
0.792631 0.793298
0.134565 0.0107463
0.291257 0.441734
0.847816 0.493851
0.971447 0.376777
0.738021 0.307232
0.838845 0.132795
0.262623 0.89498
0.348048 0.160615
0.395481 0.957774
0.540502 0.355494
0.822344 0.576171
0.878064 0.935288
0.180715 0.217965
0.281969 0.630358
0.954538 0.833255
0.00999876 0.378315
0.230959 0.485689
0.22289 0.146881
0.406524 0.845894
0.509048 0.758679
0.0340351 0.406781
0.199843 0.322522
0.0400763 0.870842
0.903828 0.63891
0.294755 0.382105
0.526073 0.14843
0.773604 0.765253
0.496556 0.460297
0.625055 0.971848
0.508469 0.836589
0.0445671 0.61143
0.831412 0.898156
0.448391 0.316004
0.245646 0.57362
0.978562 0.224011
0.611841 0.692026
0.370648 0.457038
0.570904 0.89695
0.524164 0.580856
0.642272 0.24536
0.0293946 0.553107
0.498511 0.56026
0.393601 0.294641
0.299879 0.603422
0.504752 0.254344
0.448605 0.281956
0.909465 0.405329
0.31422 0.131556
0.388519 0.126679
0.200958 0.737331
0.760765 0.0173599
0.142772 0.217562
0.226346 0.805112
0.0401141 0.958181
0.1384 0.682998
0.402106 0.10065
0.27568 0.83264
0.701755 0.0713063
0.666341 0.75749
0.26473 0.497993
0.212631 0.39085
0.500162 0.198878
0.973665 0.584723
0.473427 0.839028
0.176756 0.880645
0.142606 0.502506
0.484109 0.987794
0.43398 0.395636
0.431517 0.00509484
0.310532 0.058705
0.467552 0.959674
0.571853 0.680868
0.226958 0.716997
0.486363 0.588308
0.568419 0.0437368
0.906905 0.879384
0.00431123 0.121392
0.729113 0.11977
0.987354 0.0313994
0.383385 0.769405
0.525783 0.230247
0.675642 0.316631
0.337017 0.537557
0.0103264 0.467478
0.647262 0.199065
0.63413 0.496368
0.350596 0.190464
0.776831 0.186858
0.107754 0.535104
0.444696 0.459435
0.323429 0.897377
0.887135 0.592592
0.658936 0.110459
0.0434013 0.292493
0.60925 0.766219
0.747231 0.959089
0.644955 0.40288
0.875612 0.96862
0.96478 0.770936
0.878402 0.21849
0.311422 0.569397
0.488781 0.0548008
0.554002 0.530098
0.276966 0.407165
0.757277 0.251235
0.545541 0.661369
0.592445 0.20868
0.196839 0.467428
0.688753 0.350765
0.626999 0.117627
0.783107 0.074829
0.515578 0.668993
0.886378 0.853745
0.596687 0.40857
0.818035 0.676229
0.586009 0.783763
0.513106 0.328291
0.623539 0.338367
0.880782 0.565671
0.0808288 0.442739
0.514471 0.925103
0.877349 0.0466824
0.718992 0.560122
0.529559 0.952662
0.387517 0.658112
0.10076 0.733483
0.644316 0.596033
0.602535 0.813268
0.968938 0.406344
0.631144 0.168077
0.374925 0.551167
