0.806523 0.317515
0.820656 0.676609
0.210985 0.761474
0.57083 0.744727
0.282068 0.179816
0.249626 0.814444
0.961075 0.52975
0.867311 0.518105
0.606283 0.223395
0.510654 0.795503
0.473437 0.542571
0.863186 0.0418262
0.759977 0.883207
0.221893 0.734168
0.95011 0.429707
0.846001 0.405925
0.0626806 0.860534
0.0715587 0.614062
0.952924 0.498204
0.141381 0.758487
0.283125 0.808172
0.989164 0.850425
0.511603 0.918686
0.63345 0.900851
0.566327 0.771955
0.443007 0.194687
0.519517 0.0592824
0.483928 0.71183
0.970183 0.828919
0.911597 0.554098
0.93284 0.949617
0.845689 0.105533
0.633408 0.770615
0.482193 0.622724
0.869595 0.390679
0.568576 0.194411
0.742795 0.60774
0.0582952 0.733748
0.58196 0.882803
0.0952811 0.118914
0.015113 0.520097
0.203763 0.59912
0.0662322 0.0342338
0.659048 0.887749
0.589486 0.00724123
0.981161 0.47158
0.60624 0.755754
0.978834 0.0241323
0.253567 0.5703
0.642595 0.232955
0.152149 0.302812
0.229061 0.519346
0.066506 0.557132
0.0752919 0.272638
0.336403 0.381098
0.157131 0.657835
0.809271 0.286337
0.789616 0.42087
0.591815 0.0425626
0.428359 0.987244
0.663825 0.709809
0.00939922 0.449181
0.639962 0.856099
0.743237 0.424284
0.525283 0.597342
0.418069 0.503007
0.268019 0.118777
0.717957 0.749945
0.92501 0.314123
0.594987 0.654369
0.0249054 0.943303
0.246836 0.711822
0.88041 0.0972108
0.111383 0.148515
0.784029 0.560802
0.260152 0.345029
0.512168 0.535516
0.975681 0.771124
0.259335 0.629356
0.165865 0.268938
0.684069 0.541127
0.226758 0.904764
0.974173 0.408936
0.665603 0.600735
0.0983851 0.392964
0.279663 0.557155
0.121486 0.301816
0.575253 0.697836
0.538443 0.202599
0.0350054 0.468511
0.0421076 0.682459
0.631401 0.174088
0.368784 0.845951
0.923202 0.104589
0.638354 0.352046
0.993852 0.932521
0.406425 0.789699
0.495376 0.596206
0.65456 0.155354
0.00108674 0.0460207
0.544049 0.691944
0.0768202 0.665217
0.944134 0.623717
0.367108 0.615375
0.169676 0.0151885
0.517835 0.737354
0.335082 0.202461
0.0546217 0.205593
0.454037 0.48564
0.987208 0.742581
0.55395 0.546058
0.139445 0.386229
0.692852 0.695945
0.474051 0.0348514
0.151868 0.956607
0.257866 0.25091
0.812616 0.546966
0.945157 0.261434
0.240902 0.371368
0.852084 0.823787
0.241651 0.432624
0.598137 0.428325
0.988528 0.385792
0.865166 0.592687
0.940701 0.291636
0.445741 0.835677
0.917357 0.981061
0.715757 0.260297
0.839367 0.645566
0.44059 0.0496924
0.599412 0.387106
0.591726 0.724765
0.879825 0.277311
0.707904 0.668072
0.81362 0.482092
0.930296 0.593369
0.930374 0.525372
0.194984 0.78876
0.896695 0.306474
0.874356 0.0144887
0.128318 0.237566
0.834716 0.85366
0.0634352 0.177415
0.729262 0.0104016
0.942334 0.666983
0.176718 0.811569
0.802896 0.0429641
0.576114 0.407081
0.414974 0.272406
0.792236 0.503181
0.454024 0.0159561
0.659012 0.323845
0.264625 0.0682555
0.281012 0.0976495
0.938912 0.562575
0.0391491 0.792554
0.191221 0.396915
0.0343623 0.852143
0.605182 0.617865
0.90083 0.164545
0.664175 0.920879
0.473848 0.199257
0.721317 0.537413
0.746316 0.245681
0.0625344 0.00287138
0.640232 0.500169
0.66053 0.442662
0.891655 0.533594
0.654501 0.0147463
0.0781091 0.150121
0.571401 0.22312
0.848738 0.347011
0.785087 0.998505
0.560861 0.84467
0.272755 0.316107
0.299635 0.617522
0.18722 0.42962
0.0440359 0.763041
0.190435 0.121119
0.589065 0.853136
0.614589 0.513212
0.974694 0.678993
0.0106627 0.829855
0.597959 0.164919
0.230438 0.492018
0.560836 0.905015
0.526939 0.844142
0.388667 0.327815
0.270599 0.600808
0.338383 0.922844
0.45702 0.603024
0.357549 0.947151
0.131367 0.176163
0.00877319 0.97169
0.855355 0.0761151
0.475909 0.572409
0.045559 0.888776
0.804418 0.582951
0.608826 0.834053
0.080962 0.360708
0.113309 0.518646
0.434839 0.544072
0.705387 0.774476
0.823913 0.904515
0.75306 0.467472
0.657706 0.559699
0.00159448 0.272959
0.0137756 0.107965
0.870056 0.560267
0.348233 0.171477
0.770085 0.947248
0.509175 0.946826
0.185488 0.971592
0.911243 0.890318
0.50885 0.29189
0.532871 0.00587882
0.737087 0.696058
0.902851 0.0369069
0.345873 0.255031
0.970284 0.205498
0.419494 0.953838
0.898963 0.457389
0.0822427 0.0586791
0.715997 0.295276
0.914072 0.755659
0.155679 0.989572
0.828185 0.0660966
0.388463 0.252484
0.10952 0.478917
0.548425 0.873389
0.849021 0.879384
0.564067 0.027018
0.703542 0.193412
0.951892 0.113295
0.276775 0.759764
0.672443 0.863914
0.306682 0.920763
0.0387616 0.16414
0.705989 0.100839
0.407423 0.827688
0.408738 0.398415
0.382686 0.162895
0.866259 0.934574
0.35925 0.227065
0.516398 0.707388
0.346769 0.646261
0.36417 0.525135
0.133647 0.72502
0.316736 0.693835
0.412135 0.304903
0.465949 0.808065
0.774385 0.601777
0.824004 0.203075
0.574488 0.331605
0.772064 0.787582
0.79144 0.755664
0.330597 0.768761
0.237687 0.983711
0.356051 0.817031
0.353553 0.586218
0.994078 0.218294
0.778752 0.296851
0.0316563 0.0525051
0.68909 0.632086
0.729897 0.125024
0.545786 0.792475
0.485733 0.975343
0.884222 0.364513
0.170122 0.887389
0.972317 0.908223
0.417292 0.107373
0.0206506 0.629698
0.404377 0.553056
0.406619 0.13461
0.726929 0.219546
0.036655 0.711239
0.839547 0.467285
0.442668 0.51727
0.705555 0.604183
0.496309 0.00412582
0.775287 0.733795
0.794076 0.889938
0.665982 0.828884
0.487382 0.0609766
0.738076 0.78499
0.770525 0.704048
0.540708 0.650234
0.723159 0.808335
0.296642 0.893536
0.919191 0.0125111
0.342243 0.551051
0.0740184 0.933741
0.649494 0.11862
0.889531 0.222285
0.964832 0.644632
0.6637 0.363567
0.214177 0.444269
0.177116 0.0820017
0.195899 0.537825
0.406675 0.917816
0.158756 0.554146
0.743733 0.729572
0.688464 0.0166906
0.881387 0.485939
0.398355 0.481799
0.661517 0.95398
0.974134 0.0823305
0.704932 0.0691857
0.323687 0.231096
0.141696 0.471806
0.452338 0.450467
0.641214 0.694801
0.00474321 0.160879
0.536508 0.494339
0.527856 0.115158
0.528322 0.172183
0.174638 0.766847
0.542295 0.0431876
0.73116 0.903126
0.935406 0.16861
0.42506 0.859651
0.405951 0.715546
0.971702 0.284517
0.302779 0.504343
0.332356 0.868099
0.295845 0.583781
0.817846 0.13052
0.633888 0.572715
0.179393 0.0467135
0.299543 0.206247
0.320946 0.280126
0.227425 0.87222
0.442513 0.136375
0.90408 0.60789
0.757818 0.36342
0.930156 0.72772
0.534271 0.762355
0.966744 0.562133
0.230771 0.784749
0.273488 0.979043
0.358989 0.357531
0.492555 0.651843
0.195053 0.339431
0.0327981 0.992641
0.428874 0.422346
0.170421 0.167791
0.478534 0.941409
0.854931 0.90718
0.542858 0.520583
0.402606 0.184409
0.0895932 0.850085
0.882622 0.192922
0.235349 0.0509652
0.204711 0.0345202
0.710746 0.390294
0.10799 0.746403
0.839494 0.373948
0.0982798 0.960045
0.244329 0.65828
0.713357 0.48472
0.840878 0.281404
0.628543 0.63736
0.623949 0.411366
0.993435 0.647478
0.315145 0.146148
0.124511 0.622594
0.838811 0.00241859
0.285536 0.146524
0.355628 0.325668
0.0721629 0.79134
0.514831 0.0889666
0.846019 0.138349
0.354896 0.456792
0.209803 0.370372
0.146741 0.786438
0.845807 0.435919
0.0105628 0.2453
0.121564 0.446069
0.758303 0.81746
0.233764 0.193092
0.593261 0.494498
0.698004 0.886857
0.824332 0.820297
0.685646 0.321267
0.419823 0.20973
0.720321 0.163853
0.483707 0.121999
0.509355 0.865549
0.671073 0.756996
0.259525 0.782422
0.196564 0.506825
0.569575 0.0662756
0.223646 0.155825
0.45578 0.752064
0.254715 0.170172
0.442599 0.388232
0.099206 0.240373
0.370887 0.908209
0.713654 0.423321
0.516865 0.630038
0.423191 0.0264095
0.941969 0.34195
0.952753 0.747159
0.885084 0.0623775
0.153946 0.623076
0.675746 0.127507
0.810248 0.865511
0.0369829 0.390524
0.381928 0.422084
0.248439 0.746529
0.552877 0.375172
0.579126 0.452466
0.6919 0.91577
0.72206 0.838482
0.511922 0.477601
0.808481 0.384659
0.482383 0.440509
0.620058 0.252382
0.408181 0.44099
0.298023 0.866199
0.50879 0.0295365
0.318536 0.409828
0.602697 0.312175
0.164688 0.522234
0.757283 0.214289
0.919991 0.641501
0.341579 0.48511
0.104747 0.802793
0.813987 0.0970494
0.307422 0.750401
0.795924 0.806052
0.791128 0.150916
0.140022 0.587113
0.786672 0.205368
0.574732 0.301351
0.702064 0.990954
0.889306 0.630125
0.502135 0.50781
0.537451 0.56986
0.602616 0.98073
0.344558 0.42913
0.719574 0.634216
0.873116 0.963211
0.741377 0.943013
0.804699 0.613807
0.0718377 0.524639
0.669461 0.985896
0.372577 0.55637
0.385894 0.58521
0.238027 0.597587
0.136494 0.682863
0.730428 0.580073
0.419328 0.582297
0.480695 0.262225
0.451988 0.359447
0.423492 0.161894
0.785408 0.970141
0.91302 0.272431
0.699494 0.225712
0.26923 0.440665
0.962176 0.597012
0.908214 0.341993
0.91188 0.705078
0.75679 0.118265
0.124297 0.0989029
0.403431 0.674706
0.194862 0.276264
0.326257 0.0774864
0.91364 0.199766
0.507632 0.251502
0.659448 0.631399
0.43549 0.89462
0.657295 0.290534
0.543891 0.961364
0.668752 0.187935
0.910157 0.0757854
0.823233 0.517489
0.382929 0.8066
0.100674 0.0291132
0.345339 0.296164
0.00973843 0.369443
0.241727 0.0882505
0.30948 0.11419
0.226091 0.340634
0.757394 0.571839
0.261183 0.681518
0.552307 0.432667
0.703479 0.135647
0.161577 0.40764
0.787621 0.363267
0.539698 0.310862
0.161791 0.732272
0.506621 0.562928
0.0224987 0.660666
0.300412 0.784684
0.867657 0.164023
0.869068 0.457104
0.9578 0.144382
0.918986 0.237172
0.944605 0.804919
0.207207 0.0962785
0.68991 0.954455
0.128853 0.33105
0.184211 0.567583
0.432692 0.807122
0.768579 0.438888
0.38462 0.937393
0.810044 0.448003
0.90121 0.846946
0.526703 0.893883
0.561386 0.16708
0.683595 0.418848
0.30433 0.380222
0.152533 0.438839
0.623876 0.724204
0.748266 0.978438
0.803004 0.179442
0.869763 0.850576
0.708653 0.563094
0.341123 0.679296
0.942197 0.0773419
0.0651288 0.384061
0.89967 0.123021
0.323875 0.953793
0.226094 0.625862
0.964606 0.317994
0.61493 0.799394
0.481803 0.474289
0.411583 0.641722
0.809805 0.644767
0.0422172 0.502711
0.634821 0.990427
0.983439 0.109772
0.0606269 0.127555
0.434658 0.620043
0.343571 0.140123
0.313173 0.0107271
0.0602414 0.338393
0.212825 0.653067
0.350726 0.712118
0.202747 0.180661
0.293238 0.528723
0.633863 0.603543
0.298443 0.0753914
0.426922 0.73781
0.869127 0.716038
0.349465 0.743931
0.685908 0.731949
0.645763 0.0426891
0.336058 0.839855
0.376522 0.108278
0.345904 0.976311
0.475153 0.782343
0.357419 0.401783
0.00877712 0.187195
0.548867 0.613636
0.373732 0.989203
0.602211 0.908223
0.0604157 0.449161
0.773589 0.0935793
0.512581 0.141526
0.0980566 0.178118
0.622092 0.109654
0.186966 0.623383
0.578797 0.523046
0.419354 0.364737
0.255461 0.284352
0.0288883 0.135092
0.636414 0.202903
0.205197 0.473891
0.885055 0.689642
0.98064 0.960971
0.305448 0.254971
0.640193 0.471478
0.0329205 0.0238022
0.735979 0.664822
0.602389 0.946587
0.148106 0.868349
0.490137 0.315061
0.132764 0.12549
0.0662582 0.482375
0.956329 0.372807
0.00384931 0.0068231
0.519046 0.672115
0.599703 0.276431
0.864698 0.303697
0.771927 0.0359532
0.992435 0.541003
0.306188 0.834668
0.180893 0.306251
0.792959 0.919533
0.803244 0.713872
0.333006 0.616868
0.0950814 0.423348
0.262915 0.208549
0.486047 0.0956844
0.238272 0.842681
0.428905 0.695324
0.0937079 0.880991
0.0422175 0.536936
0.52532 0.228589
0.175071 0.93951
0.0707948 0.696719
0.488914 0.681832
0.206406 0.707973
0.150149 0.148724
0.911015 0.671629
0.481157 0.870325
0.0277361 0.291586
0.0982103 0.547263
0.227927 0.118126
0.958989 0.939907
0.818372 0.230208
0.368826 0.273486
0.280956 0.728848
0.567823 0.576954
0.880911 0.425196
0.391393 0.355286
0.875707 0.334391
0.391044 0.0329491
0.451801 0.957162
0.397983 0.0584514
0.0100904 0.769645
0.450647 0.230668
0.781965 0.528273
0.0196051 0.558964
0.810391 0.781379
0.754358 0.760912
0.59024 0.550973
0.504774 0.203352
0.835752 0.0326171
0.618676 0.0192111
0.259182 0.952028
0.427814 0.0772288
0.224385 0.684711
0.547037 0.0843571
0.847425 0.496872
0.917186 0.817248
0.114483 0.830353
0.697084 0.451694
0.545298 0.342986
0.759995 0.0666583
0.941689 0.197696
0.749822 0.847969
0.141046 0.811973
0.989623 0.138416
0.285126 0.0113337
0.208744 0.0678057
0.151229 0.19863
0.948725 0.230418
0.105336 0.907918
0.309342 0.478377
0.769148 0.175567
0.124989 0.652235
0.748922 0.30579
0.880882 0.767086
0.115633 0.572718
0.953512 0.46371
0.314287 0.551143
0.426967 0.333509
0.134639 0.0207072
0.0355256 0.355764
0.452195 0.71732
0.238563 0.931144
0.280025 0.469198
0.71901 0.968294
0.75745 0.0090859
0.396497 0.523806
0.109468 0.776012
0.460048 0.0758661
0.777685 0.857376
0.316427 0.647212
0.325806 0.351582
0.437047 0.927553
0.263968 0.0377434
0.221345 0.964326
0.320485 0.451954
0.0122441 0.410696
0.991587 0.578147
0.106849 0.272481
0.283056 0.275777
0.692782 0.813003
0.471779 0.290185
0.783027 0.236148
0.258535 0.893324
0.920877 0.921432
0.0153926 0.595638
0.478551 0.838532
0.156065 0.232055
0.40247 0.00180437
0.224166 0.0147556
0.403427 0.6104
0.895609 0.579577
0.262936 0.865947
0.112059 0.706315
0.549172 0.724597
0.808579 0.942924
0.261252 0.52784
0.583114 0.251961
0.874624 0.13247
0.541859 0.818373
0.500906 0.766835
0.946895 0.980837
0.676102 0.471086
0.296951 0.0446983
0.104009 0.604035
0.208946 0.214822
0.151333 0.0481307
0.357602 0.0527619
0.900295 0.394459
0.335757 0.894642
0.176799 0.459749
0.0442703 0.268381
0.254024 0.00872639
0.652177 0.664483
0.758319 0.497832
0.839205 0.700996
0.390034 0.220471
0.590904 0.785944
0.975586 0.34991
0.0815514 0.582563
0.169926 0.489644
0.905144 0.505041
0.5737 0.964578
0.783735 0.470188
0.00982064 0.485962
0.279366 0.406414
0.137502 0.269198
0.832424 0.727249
0.85523 0.225353
0.126762 0.413229
0.578528 0.81547
0.314652 0.176803
0.38209 0.384613
0.601403 0.194334
0.545144 0.403784
0.941055 0.840565
0.0423457 0.100413
0.13319 0.54324
0.199444 0.881289
0.514756 0.420753
0.197698 0.997463
0.274975 0.374178
0.840468 0.784124
0.0463456 0.963852
0.580936 0.140021
0.698248 0.512098
0.00127019 0.336253
0.357857 0.080839
0.0102726 0.907135
0.206315 0.940452
0.513645 0.332587
0.215421 0.570272
0.369477 0.195147
0.914264 0.420219
0.830177 0.16547
0.604735 0.579233
0.18056 0.850519
0.851923 0.19293
0.653936 0.528357
0.734646 0.0870602
0.714515 0.32746
0.21362 0.248763
0.0773724 0.760982
0.134781 0.89788
0.179887 0.202917
0.183954 0.239368
0.214283 0.81381
0.924884 0.483946
0.481517 0.34758
0.08624 0.20755
0.463583 0.912914
0.184454 0.653933
0.0726366 0.967068
0.249602 0.139442
0.0403715 0.238209
0.620115 0.668595
0.859404 0.623908
0.765373 0.670985
0.153745 0.837409
0.836895 0.941608
0.849268 0.253758
0.370425 0.67039
0.0075619 0.800953
0.651227 0.795332
0.381317 0.641471
0.419923 0.241165
0.595808 0.0813003
0.319333 0.723369
0.753339 0.539137
0.976343 0.248656
0.724852 0.361435
0.679713 0.387179
0.808193 0.0124682
0.382704 0.29722
0.370797 0.495461
0.126345 0.964048
0.545834 0.461327
0.218691 0.407061
0.192398 0.912368
0.984496 0.505624
0.833881 0.606053
0.788026 0.121421
0.607101 0.468274
0.488847 0.899734
0.901164 0.951627
0.530113 0.27395
0.0910123 0.99842
0.000560289 0.713348
0.934045 0.0466539
0.0304466 0.322586
0.781175 0.638692
0.448193 0.263229
0.73871 0.0480327
0.175121 0.370467
0.103181 0.677502
0.621457 0.542184
0.0893436 0.454393
0.925674 0.449516
0.0703712 0.239077
0.986394 0.880774
0.566762 0.486483
0.323421 0.805975
0.377002 0.766671
0.120549 0.994975
0.0865826 0.723363
0.306376 0.979415
0.888915 0.991853
0.450362 0.107341
0.695473 0.848733
0.866845 0.794083
0.38208 0.457195
0.98701 0.614746
0.118555 0.207281
0.657232 0.259537
0.727667 0.45719
0.0420889 0.920583
0.593982 0.113249
0.778319 0.331634
0.515849 0.390023
0.0891241 0.302956
0.686417 0.163024
0.517385 0.362264
0.715444 0.931651
0.24885 0.400781
0.776715 0.265291
0.546485 0.14021
0.631871 0.961316
0.543607 0.93083
0.0749525 0.822746
0.944361 0.902083
0.112 0.363872
0.0538786 0.646968
0.440604 0.296543
0.653784 0.409021
0.683698 0.579755
0.293968 0.344621
0.324528 0.585346
0.164925 0.336362
0.744842 0.276125
0.232633 0.546963
0.502013 0.822069
0.878148 0.656417
0.393183 0.967455
0.712744 0.0377684
0.476419 0.147691
0.627685 0.443032
0.676013 0.0937449
0.481854 0.229847
0.882777 0.88027
0.856841 0.749795
0.631958 0.381676
0.457561 0.169123
0.733883 0.510192
0.45985 0.644975
0.340334 0.00669069
0.925271 0.866235
0.974329 0.991107
0.55027 0.247071
0.79309 0.833655
0.281578 0.647351
0.742201 0.392898
0.484085 0.406062
0.972268 0.174022
0.271461 0.919292
0.291353 0.947992
0.606445 0.350712
0.98348 0.437249
0.645688 0.741317
0.238212 0.228876
0.121115 0.05376
0.726064 0.872391
0.854831 0.675545
0.103718 0.0794983
0.631496 0.93066
0.571629 0.634554
0.514349 0.448352
0.392987 0.0847837
0.835581 0.572899
0.761555 0.914378
0.120741 0.861668
0.6213 0.142012
0.672308 0.499051
0.752412 0.150472
0.605876 0.694761
0.296805 0.671878
0.578907 0.363106
0.402534 0.887906
0.577695 0.930593
0.143669 0.357951
0.815262 0.347872
0.939361 0.775766
0.921994 0.371078
0.818204 0.974303
0.380564 0.733969
0.559136 0.279543
0.686162 0.252415
0.566984 0.66828
0.564255 0.108894
0.752913 0.636286
0.379637 0.699391
0.0450792 0.579435
0.0920596 0.638253
0.661393 0.0706815
0.0215296 0.738998
0.162506 0.114464
0.67821 0.785607
0.00838453 0.0772619
0.322509 0.321858
0.446139 0.572401
0.0721888 0.903829
0.817749 0.414933
0.297936 0.432472
0.353965 0.785477
0.0888279 0.500924
0.435068 0.661422
0.29907 0.305063
0.968088 0.715613
0.923829 0.140605
0.714242 0.717169
0.457778 0.324172
0.822948 0.752876
0.633735 0.083114
0.889554 0.915692
0.77312 0.395901
0.364335 0.0219966
0.851009 0.978381
0.45414 0.870367
0.88552 0.817723
0.206033 0.842111
0.265868 0.496819
0.188247 0.732997
0.0260529 0.209139
0.407143 0.758783
0.161163 0.699305
0.0440718 0.611993
0.0442957 0.822118
0.45932 0.68235
0.283989 0.233035
0.21145 0.307069
0.885493 0.250088
0.845674 0.541815
0.628807 0.286876
0.457199 0.415992
0.367944 0.878362
0.97654 0.799495
0.074948 0.0946559
0.274873 0.838582
0.395248 0.856689
0.687347 0.286375
0.996841 0.306181
0.0042828 0.685513
0.945215 0.697109
0.615576 0.874158
0.618075 0.0555822
0.628732 0.322589
0.116694 0.932647
0.957488 0.869963
0.967902 0.0534761
0.333401 0.51676
0.83712 0.316255
0.939945 0.39857
0.0639935 0.415647
0.811985 0.257302
0.79299 0.678879
0.496639 0.171879
0.168424 0.593802
0.949389 0.0177747
0.680136 0.0463621
0.693449 0.354961
0.282914 0.702265
0.147489 0.080456
0.891506 0.734489
0.138395 0.50369
0.0949403 0.331996
0.559903 0.993074
0.340372 0.108661
0.473585 0.513042
0.739554 0.186844
0.0166931 0.875563
0.669473 0.218065
0.22791 0.275258
0.483198 0.741324
0.32807 0.0421952
0.050846 0.0713882
0.459611 0.988515
0.580404 0.602486
0.194098 0.147551
0.482062 0.377355
0.745063 0.334413
0.244527 0.466522
0.678855 0.66669
0.152461 0.920279
0.241283 0.312925
0.427657 0.467802
0.0591246 0.304865
0.439423 0.776441
0.906002 0.787645
0.186764 0.685148
0.636205 0.823497
0.373383 0.135877
0.794254 0.0710492
0.518359 0.976501
0.0354227 0.42985
