0.00000000000000000000 16.00000000000000000000
1.00000000000000000000 0.01450339797884200171
2.00000000000000000000 2.68597434997558615066
3.00000000000000000000 0.43297053797122792007
4.00000000000000000000 1.40111635579276283536
5.00000000000000000000 0.77708692527734302136
6.00000000000000000000 1.11687466343243890776
7.00000000000000000000 0.93403284720012091924
8.00000000000000000000 1.02641247357558329512
9.00000000000000000000 0.98549087058033890685
10.00000000000000000000 1.00055990347349310632
11.00000000000000000000 0.99535456557067991668
12.00000000000000000000 1.00152611458788109999
13.00000000000000000000 1.00009146809938087586
14.00000000000000000000 1.00102790965381305277
15.00000000000000000000 1.00507147675329200354
