0 4.000000000000000
1 0.000573575816816
2 1.508941501379013
3 0.785416433098726
4 1.323329162551090
5 0.795811793371104
6 1.111335738665528
7 0.977928078422944
8 1.146314961769219
9 0.624495209726904
10 1.304862506358939
11 0.755933731095865
12 1.303067402075976
13 0.633237475367344
14 1.329117141325366
15 0.647890695836395
16 1.389907953018944
17 0.761212782741621
18 1.179534002393484
19 0.883454562971989
20 1.099639851960444
21 0.933870360565682
22 1.057541048702072
23 0.925429871891226
24 0.981186541091455
25 0.961061481918607
26 1.108961720358242
27 0.938165321219258
28 1.079892623460009
29 0.904639693287512
30 1.067509820011068
31 0.935875450905699
32 1.081997519433498
33 0.890112874886164
34 1.120325715395442
35 0.892346857402187
36 1.108509690083306
37 0.934225825625553
38 1.044821009272709
39 0.917469085464554
40 1.070342910239252
41 0.923891491092303
42 1.080993287039526
43 0.959491418260667
44 1.022343906803407
45 0.993657369824017
46 1.009133124270955
47 0.987153508891798
48 0.986509251670960
49 0.996676752049672
50 1.006361223402477
51 1.005499641652460
52 1.020988219059431
53 0.984581769898880
54 1.019835885660148
55 0.979811485777510
56 1.019218393883040
57 0.968638810680972
58 1.025068387389183
59 0.981424592759298
60 1.010480910235522
61 1.008392530003774
62 0.978052946833932
63 1.028147349953652
64 0.967903379926977
65 1.028300242567504
66 0.967652430683374
67 1.031199465663928
68 0.972096158076177
69 1.026946777621141
70 0.977776321715542
71 1.030205771744808
72 0.967943080390493
73 1.028584739514466
74 0.978235690629688
75 1.018825211444823
76 0.980742244670788
77 1.020443498367263
78 0.977571518230839
79 1.019424684826405
80 0.979682259146984
81 1.031614140510559
82 0.965337423246298
83 1.030384246792112
84 0.972791692103023
85 1.026004494759288
86 0.973315435954753
87 1.027483838839807
88 0.969926234192521
89 1.028326191306114
90 0.975924231975839
91 1.021928595792916
92 0.984742024027068
93 1.008006081597446
94 0.998743231947485
95 1.002277712780854
96 0.992244965036710
97 1.010745264306853
98 0.984022623810329
99 1.009547897377369
100 0.992214215527240
101 1.004182868154652
102 0.991373710935901
103 1.008363331739719
104 0.989116020589357
105 1.014257424736615
106 0.994064047076236
107 1.004453060350248
108 0.995474580002118
109 1.003880855284239
110 0.998189325769280
111 1.003901695211728
112 0.995942954846791
113 1.010280893090066
114 0.986196682498019
115 1.010962585277028
116 0.993670961044354
117 1.006215479224920
118 0.991302697106879
119 1.005261159290082
120 0.996636926969315
121 1.001092308565326
122 0.997481413455825
123 1.006899552003851
124 0.993890606976570
125 1.006421793362882
126 0.994962647163048
127 1.003879855953011
128 0.992501738291342
129 1.006781512861930
130 0.991521190461658
131 1.007059698795328
132 0.996153474543934
133 1.001138081624045
134 1.001717059463263
135 0.997593151574785
136 1.001940699390402
137 0.995760496603240
138 1.006964293894944
139 0.995806408600068
140 1.003384688575017
141 0.998622033847581
142 1.000445411141430
143 1.001233963701460
144 0.999854874846182
145 0.997872502121151
146 1.001605220565712
147 0.996620737146913
148 1.004220101387561
149 0.994690248142865
150 1.005740849654886
151 0.991095466458279
152 1.008626050269995
153 0.990359533813935
154 1.013086330175400
155 0.987905111288031
156 1.008895289458212
157 0.994724013992384
158 1.006367275988062
159 0.993949208378792
160 1.002727750644266
161 0.996700790230975
162 1.005861403536983
163 0.993245707697658
164 1.009766105505136
165 0.989715741355290
166 1.003614925786301
167 0.996619932266525
168 1.005790403112769
169 0.991658314844988
170 1.008977702337570
171 0.994616864676829
172 1.003403555629845
173 0.997523912101341
174 1.005703470229242
175 0.992425398804523
176 1.007439054602342
177 0.991579670967651
178 1.006114939745102
179 0.995201001914454
180 1.005072273071923
181 0.993982346845674
182 1.003642420144114
183 0.998701715449087
184 1.001428700689774
185 1.000235306992106
186 0.999094328184922
187 1.001938824157259
188 0.998444531213593
189 1.001042193235600
190 0.998924472788036
191 0.998693275335169
192 1.000206012912348
193 0.999760919083387
194 1.001797535048679
195 0.999242237172066
196 1.001385970853078
197 0.998022897668134
198 1.003155773499655
199 0.996567914818788
200 1.000987011065454
201 0.999282298543307
202 1.000586517107102
203 1.000415092760540
204 1.000096463724642
205 1.001527187408823
206 0.997487449476236
207 1.002517440841973
208 0.995697393518200
209 1.005877485121686
210 0.992641777799624
211 1.007444326796235
212 0.994504156048426
213 1.003870874199839
214 0.996516099199653
215 1.001589522080839
216 1.000672031603107
217 0.998014252372952
218 1.002693965459644
219 0.997214970991791
220 1.002341169411736
221 0.999459179219680
222 0.999568738127023
223 1.001783903601558
224 0.995325561508786
225 1.006448256508327
226 0.991170628268397
227 1.010687114912911
228 0.991686141359576
229 1.005333466883649
230 0.995831700818879
231 1.003642035358482
232 0.997030885423182
233 0.999976322702740
234 1.001246573590728
235 0.999636407291460
236 1.000160784254203
237 1.000602774322033
238 0.999443304686507
239 1.002333960651110
240 0.993901065545655
241 1.004986947288319
242 0.995288144094383
243 1.004809898989541
244 0.996737561735910
245 1.003462424786417
246 0.999246007587650
247 0.999758843004395
248 0.999419482668657
249 1.001196397692346
250 0.997549885787915
251 1.000520799383521
252 1.000202400246753
253 1.001638414422471
254 0.997510985498971
255 0.978624373674393
