0.00000000000000000000 65536.00000000000000000000
1.00000000000000000000 0.00020797391936469022
2.00000000000000000000 0.00045966152555136695
3.00000000000000000000 0.00074666764131933109
4.00000000000000000000 0.00106059708942788365
5.00000000000000000000 0.00139305469263632624
6.00000000000000000000 0.00173564527370395887
7.00000000000000000000 0.00207997365539008350
8.00000000000000000000 0.00241764466045400056
9.00000000000000000000 0.00274026311165501135
10.00000000000000000000 0.00303943383175241718
11.00000000000000000000 0.00330676164350551848
12.00000000000000000000 0.00353385136967361698
13.00000000000000000000 0.00371230783301601357
14.00000000000000000000 0.00383373585629200866
15.00000000000000000000 0.00388974026226090357
16.00000000000000000000 0.00387192587368200003
17.00000000000000000000 0.00377654931984322366
18.00000000000000000000 0.00361847445614699777
19.00000000000000000000 0.00341721694452437391
20.00000000000000000000 0.00319229244690639969
21.00000000000000000000 0.00296321662522412623
22.00000000000000000000 0.00274950514140860202
23.00000000000000000000 0.00257067365739087686
24.00000000000000000000 0.00244623783510200012
25.00000000000000000000 0.00239045108659251444
26.00000000000000000000 0.00239651782439093564
27.00000000000000000000 0.00245238021114527237
28.00000000000000000000 0.00254598040950353372
29.00000000000000000000 0.00266526058211372834
30.00000000000000000000 0.00279816289162386489
31.00000000000000000000 0.00293262950068195289
32.00000000000000000000 0.00305660257193600014
33.00000000000000000000 0.00316097356639571166
34.00000000000000000000 0.00324843113851757239
35.00000000000000000000 0.00332461324111976318
36.00000000000000000000 0.00339515782702046577
37.00000000000000000000 0.00346570284903785931
38.00000000000000000000 0.00354188625999012551
39.00000000000000000000 0.00362934601269544483
40.00000000000000000000 0.00373372005997199856
41.00000000000000000000 0.00385795005521660621
42.00000000000000000000 0.00399419245414064667
43.00000000000000000000 0.00413190741303413964
44.00000000000000000000 0.00426055508818710092
45.00000000000000000000 0.00436959563588954891
46.00000000000000000000 0.00444848921243150199
47.00000000000000000000 0.00448669597410298118
48.00000000000000000000 0.00447367607719400141
49.00000000000000000000 0.00440356718608625203
50.00000000000000000000 0.00428921699752811587
51.00000000000000000000 0.00414815071635964150
52.00000000000000000000 0.00399789354742088095
53.00000000000000000000 0.00385597069555188498
54.00000000000000000000 0.00373990736559270563
55.00000000000000000000 0.00366722876238339320
56.00000000000000000000 0.00365546009076399888
57.00000000000000000000 0.00371591531941000211
58.00000000000000000000 0.00383506347233859195
59.00000000000000000000 0.00399316233740238617
60.00000000000000000000 0.00417046970245399991
61.00000000000000000000 0.00434724335534605183
62.00000000000000000000 0.00450374108393115750
63.00000000000000000000 0.00462022067606193514
64.00000000000000000000 0.00467693991959100119
65.00000000000000000000 0.00466159985034612749
66.00000000000000000000 0.00459167449605570217
67.00000000000000000000 0.00449208113242326873
68.00000000000000000000 0.00438773703515237066
69.00000000000000000000 0.00430355947994655232
70.00000000000000000000 0.00426446574250935462
71.00000000000000000000 0.00429537309854432364
72.00000000000000000000 0.00442119882375500116
73.00000000000000000000 0.00465787914107648575
74.00000000000000000000 0.00498542606237009026
75.00000000000000000000 0.00537487054672868957
76.00000000000000000000 0.00579724355324514815
77.00000000000000000000 0.00622357604101233912
78.00000000000000000000 0.00662489896912313130
79.00000000000000000000 0.00697224329667039608
80.00000000000000000000 0.00723663998274700054
81.00000000000000000000 0.00739647798810758299
82.00000000000000000000 0.00745957828015384513
83.00000000000000000000 0.00744111982794925814
84.00000000000000000000 0.00735628160055728977
85.00000000000000000000 0.00722024256704141120
86.00000000000000000000 0.00704818169646509018
87.00000000000000000000 0.00685527795789179703
88.00000000000000000000 0.00665671032038500123
89.00000000000000000000 0.00646768848692465346
90.00000000000000000000 0.00630354509615662587
91.00000000000000000000 0.00617964352064327271
92.00000000000000000000 0.00611134713294694733
93.00000000000000000000 0.00611401930563000399
94.00000000000000000000 0.00620302341125479606
95.00000000000000000000 0.00639372282238367777
96.00000000000000000000 0.00670148091157900163
97.00000000000000000000 0.00713213565365643926
98.00000000000000000000 0.00765342343244492483
99.00000000000000000000 0.00822355523402671165
100.00000000000000000000 0.00880074204448405388
101.00000000000000000000 0.00934319484989920047
102.00000000000000000000 0.00980912463635440560
103.00000000000000000000 0.01015674238993191994
104.00000000000000000000 0.01034425909671399767
105.00000000000000000000 0.01034386965719314572
106.00000000000000000000 0.01018370462950289775
107.00000000000000000000 0.00990587848618703325
108.00000000000000000000 0.00955250569978934039
109.00000000000000000000 0.00916570074285360560
110.00000000000000000000 0.00878757808792361532
111.00000000000000000000 0.00846025220754315077
112.00000000000000000000 0.00822583757425600186
113.00000000000000000000 0.00811798427951569701
114.00000000000000000000 0.00813648489041475000
115.00000000000000000000 0.00827266759295541831
116.00000000000000000000 0.00851786057313995947
117.00000000000000000000 0.00886339201697062921
118.00000000000000000000 0.00930059011044968853
119.00000000000000000000 0.00982078303957939318
120.00000000000000000000 0.01041529899036200239
121.00000000000000000000 0.01107096802435141893
122.00000000000000000000 0.01175662770530814041
123.00000000000000000000 0.01243661747254431495
124.00000000000000000000 0.01307527676537208368
125.00000000000000000000 0.01363694502310359123
126.00000000000000000000 0.01408596168505098396
127.00000000000000000000 0.01438666619052640649
128.00000000000000000000 0.01450339797884200171
129.00000000000000000000 0.01441873416379534957
130.00000000000000000000 0.01418820255712575570
131.00000000000000000000 0.01388556864505796282
132.00000000000000000000 0.01358459791381671534
133.00000000000000000000 0.01335905584962675426
134.00000000000000000000 0.01328270793871281878
135.00000000000000000000 0.01342931966729965336
136.00000000000000000000 0.01387265652161199896
137.00000000000000000000 0.01465872862042265183
138.00000000000000000000 0.01572252461269662074
139.00000000000000000000 0.01697127777994698536
140.00000000000000000000 0.01831222140368680279
141.00000000000000000000 0.01965258876542914576
142.00000000000000000000 0.02089961314668708006
143.00000000000000000000 0.02196052782897367495
144.00000000000000000000 0.02274256609380199967
145.00000000000000000000 0.02318144393444493412
146.00000000000000000000 0.02332680819121465271
147.00000000000000000000 0.02325678841618311968
148.00000000000000000000 0.02304951416142231660
149.00000000000000000000 0.02278311497900422505
150.00000000000000000000 0.02253572042100082315
151.00000000000000000000 0.02238546003948408900
152.00000000000000000000 0.02241046338652600070
153.00000000000000000000 0.02267179388896953252
154.00000000000000000000 0.02316225047274165713
155.00000000000000000000 0.02385756593854034685
156.00000000000000000000 0.02473347308706355316
157.00000000000000000000 0.02576570471900925530
158.00000000000000000000 0.02692999363507542210
159.00000000000000000000 0.02820207263596001546
160.00000000000000000000 0.02955767452236099727
161.00000000000000000000 0.03097651439783853655
162.00000000000000000000 0.03245423657740153373
163.00000000000000000000 0.03399046767892110327
164.00000000000000000000 0.03558483432026834231
165.00000000000000000000 0.03723696311931434105
166.00000000000000000000 0.03894648069393021744
167.00000000000000000000 0.04071301366198707555
168.00000000000000000000 0.04253618864135599864
169.00000000000000000000 0.04441417806929052331
170.00000000000000000000 0.04633933766057388853
171.00000000000000000000 0.04830256894937173112
172.00000000000000000000 0.05029477346984970870
173.00000000000000000000 0.05230685275617347196
174.00000000000000000000 0.05432970834250867853
175.00000000000000000000 0.05635424176302096522
176.00000000000000000000 0.05837135455187599659
177.00000000000000000000 0.06038512377100014455
178.00000000000000000000 0.06245232859336270759
179.00000000000000000000 0.06464292371969365680
180.00000000000000000000 0.06702686385072305353
181.00000000000000000000 0.06967410368718086888
182.00000000000000000000 0.07265459792979711562
183.00000000000000000000 0.07603830127930183425
184.00000000000000000000 0.07989516843642499588
185.00000000000000000000 0.08427182906592725620
186.00000000000000000000 0.08912161268869171760
187.00000000000000000000 0.09437452378963219479
188.00000000000000000000 0.09996056685366240535
189.00000000000000000000 0.10580974636569613623
190.00000000000000000000 0.11185206681064713274
191.00000000000000000000 0.11801753267342915410
192.00000000000000000000 0.12423614843895600113
193.00000000000000000000 0.13048189461976791859
194.00000000000000000000 0.13690465583891134327
195.00000000000000000000 0.14369829274705922528
196.00000000000000000000 0.15105666599488451474
197.00000000000000000000 0.15917363623306016174
198.00000000000000000000 0.16824306411225919966
199.00000000000000000000 0.17845881028315446759
200.00000000000000000000 0.19001473539641894339
201.00000000000000000000 0.20304077038714754555
202.00000000000000000000 0.21741112732812276076
203.00000000000000000000 0.23293608857654898858
204.00000000000000000000 0.24942593648963062858
205.00000000000000000000 0.26669095342457216358
206.00000000000000000000 0.28454142173857793763
207.00000000000000000000 0.30278762378885248907
208.00000000000000000000 0.32123984193260002318
209.00000000000000000000 0.33977599916304773719
210.00000000000000000000 0.35854458101751296439
211.00000000000000000000 0.37776171366933580797
212.00000000000000000000 0.39764352329185637114
213.00000000000000000000 0.41840613605841442402
214.00000000000000000000 0.44026567814235018083
215.00000000000000000000 0.46343827571700368928
216.00000000000000000000 0.48814005495571488602
217.00000000000000000000 0.51455772499956820010
218.00000000000000000000 0.54276032686062536392
219.00000000000000000000 0.57278748451869276881
220.00000000000000000000 0.60467882195357636199
221.00000000000000000000 0.63847396314508242376
222.00000000000000000000 0.67421253207301712340
223.00000000000000000000 0.71193415271718651915
224.00000000000000000000 0.75167844905739689132
225.00000000000000000000 0.79342020157271175851
226.00000000000000000000 0.83687481673922325953
227.00000000000000000000 0.88169285753228088254
228.00000000000000000000 0.92752488692723433772
229.00000000000000000000 0.97402146789943311322
230.00000000000000000000 1.02083316342422691925
231.00000000000000000000 1.06761053647696479985
232.00000000000000000000 1.11400415003299668726
233.00000000000000000000 1.15982274186758349543
234.00000000000000000000 1.20550774895562917699
235.00000000000000000000 1.25165878307195055363
236.00000000000000000000 1.29887545599136289276
237.00000000000000000000 1.34775737948868257199
238.00000000000000000000 1.39890416533872530280
239.00000000000000000000 1.45291542531630746282
240.00000000000000000000 1.51039077119624409740
241.00000000000000000000 1.57176863177793024740
242.00000000000000000000 1.63684270395907160989
243.00000000000000000000 1.70524550166195454359
244.00000000000000000000 1.77660953880886318679
245.00000000000000000000 1.85056732932208278797
246.00000000000000000000 1.92675138712389859563
247.00000000000000000000 2.00479422613659519214
248.00000000000000000000 2.08432836028245782600
249.00000000000000000000 2.16489994532177565389
250.00000000000000000000 2.24570970436685346527
251.00000000000000000000 2.32587200236800040187
252.00000000000000000000 2.40450120427552560542
253.00000000000000000000 2.48071167503973732948
254.00000000000000000000 2.55361777961094515987
255.00000000000000000000 2.62233388293945868242
256.00000000000000000000 2.68597434997558615066
257.00000000000000000000 2.74372498781293527870
258.00000000000000000000 2.79505737211830718181
259.00000000000000000000 2.83951452070180287990
260.00000000000000000000 2.87663945137352250470
261.00000000000000000000 2.90597518194356618793
262.00000000000000000000 2.92706473022203406131
263.00000000000000000000 2.93945111401902670067
264.00000000000000000000 2.94267735114464379365
265.00000000000000000000 2.93664013708958071547
266.00000000000000000000 2.92265087806691337136
267.00000000000000000000 2.90237465797031291004
268.00000000000000000000 2.87747656069345003615
269.00000000000000000000 2.84962167012999634252
270.00000000000000000000 2.82047507017362253379
271.00000000000000000000 2.79170184471799842640
272.00000000000000000000 2.76496707765679605728
273.00000000000000000000 2.74154966166030522601
274.00000000000000000000 2.72118372450529433237
275.00000000000000000000 2.70321720274515131521
276.00000000000000000000 2.68699803293326322517
277.00000000000000000000 2.67187415162301800109
278.00000000000000000000 2.65719349536780402588
279.00000000000000000000 2.64230400072100701792
280.00000000000000000000 2.62655360423601580422
281.00000000000000000000 2.60927824957274889783
282.00000000000000000000 2.58976590881724888504
283.00000000000000000000 2.56729256116208937044
284.00000000000000000000 2.54113418579984529089
285.00000000000000000000 2.51056676192308847462
286.00000000000000000000 2.47486626872439430258
287.00000000000000000000 2.43330868539633593528
288.00000000000000000000 2.38516999113148653322
289.00000000000000000000 2.33007240553351335777
290.00000000000000000000 2.26902310985044808334
291.00000000000000000000 2.20337552574141648520
292.00000000000000000000 2.13448307486554389456
293.00000000000000000000 2.06369917888195475442
294.00000000000000000000 1.99237725944977528414
295.00000000000000000000 1.92187073822812948265
296.00000000000000000000 1.85353303687614290318
297.00000000000000000000 1.78847173023281946769
298.00000000000000000000 1.72681100585667790526
299.00000000000000000000 1.66842920448611442552
300.00000000000000000000 1.61320466685952679242
301.00000000000000000000 1.56101573371531165968
302.00000000000000000000 1.51174074579186656919
303.00000000000000000000 1.46525804382758795263
304.00000000000000000000 1.42144596856087401804
305.00000000000000000000 1.38016403385795971559
306.00000000000000000000 1.34119644609643962063
307.00000000000000000000 1.30430858478174660497
308.00000000000000000000 1.26926582941931354043
309.00000000000000000000 1.23583355951457352084
310.00000000000000000000 1.20377715457295897394
311.00000000000000000000 1.17286199409990388176
312.00000000000000000000 1.14285345760084022793
313.00000000000000000000 1.11356832534628069631
314.00000000000000000000 1.08502898066705411040
315.00000000000000000000 1.05730920765906866166
316.00000000000000000000 1.03048279041823254154
317.00000000000000000000 1.00462351304045394151
318.00000000000000000000 0.97980515962164083099
319.00000000000000000000 0.95610151425770151246
320.00000000000000000000 0.93358636104454395532
321.00000000000000000000 0.91227886361647991809
322.00000000000000000000 0.89197970376143476123
323.00000000000000000000 0.87243494280573730126
324.00000000000000000000 0.85339064207571679876
325.00000000000000000000 0.83459286289770162615
326.00000000000000000000 0.81578766659802115502
327.00000000000000000000 0.79672111450300397983
328.00000000000000000000 0.77713926793897913914
329.00000000000000000000 0.75689126971765674501
330.00000000000000000000 0.73623858859227242490
331.00000000000000000000 0.71554577480144299084
332.00000000000000000000 0.69517737858378569893
333.00000000000000000000 0.67549795017791702811
334.00000000000000000000 0.65687203982245412348
335.00000000000000000000 0.63966419775601379705
336.00000000000000000000 0.62423897421721297185
337.00000000000000000000 0.61084894923385735233
338.00000000000000000000 0.59929882199050765745
339.00000000000000000000 0.58928132146091349863
340.00000000000000000000 0.58048917661882448726
341.00000000000000000000 0.57261511643799001270
342.00000000000000000000 0.56535186989215979736
343.00000000000000000000 0.55839216595508323060
344.00000000000000000000 0.55142873360051014586
345.00000000000000000000 0.54422541283233250020
346.00000000000000000000 0.53683048777501307658
347.00000000000000000000 0.52936335358315755872
348.00000000000000000000 0.52194340541137163036
349.00000000000000000000 0.51469003841426030910
350.00000000000000000000 0.50772264774642950069
351.00000000000000000000 0.50116062856248466684
352.00000000000000000000 0.49512337601703099166
353.00000000000000000000 0.48969307952072116397
354.00000000000000000000 0.48480310550839417205
355.00000000000000000000 0.48034961467093628684
356.00000000000000000000 0.47622876769923355722
357.00000000000000000000 0.47233672528417203207
358.00000000000000000000 0.46856964811663792680
359.00000000000000000000 0.46482369688751717929
360.00000000000000000000 0.46099503228769600494
361.00000000000000000000 0.45701936709444018758
362.00000000000000000000 0.45299062243053522803
363.00000000000000000000 0.44904227150514630651
364.00000000000000000000 0.44530778752743865878
365.00000000000000000000 0.44192064370657752059
366.00000000000000000000 0.43901431325172801667
367.00000000000000000000 0.43672226937205549380
368.00000000000000000000 0.43517798527672502118
369.00000000000000000000 0.43446179492266834288
370.00000000000000000000 0.43444147525788195940
371.00000000000000000000 0.43493166397812915713
372.00000000000000000000 0.43574699877917294488
373.00000000000000000000 0.43670211735677627596
374.00000000000000000000 0.43761165740670227020
375.00000000000000000000 0.43829025662471421398
376.00000000000000000000 0.43855255270657494959
377.00000000000000000000 0.43827089820355463745
378.00000000000000000000 0.43754850508895204442
379.00000000000000000000 0.43654630019157270038
380.00000000000000000000 0.43542521034022263482
381.00000000000000000000 0.43434616236370732212
382.00000000000000000000 0.43347008309083268074
383.00000000000000000000 0.43295789935040424057
384.00000000000000000000 0.43297053797122792007
385.00000000000000000000 0.43363694063699892434
386.00000000000000000000 0.43495810845097038211
387.00000000000000000000 0.43690305737128493080
388.00000000000000000000 0.43944080335608548538
389.00000000000000000000 0.44254036236351451672
390.00000000000000000000 0.44617075035171482877
391.00000000000000000000 0.45030098327882911446
392.00000000000000000000 0.45490007710300006671
393.00000000000000000000 0.45991566187172333580
394.00000000000000000000 0.46520982398990712303
395.00000000000000000000 0.47062326395181247607
396.00000000000000000000 0.47599668225170055358
397.00000000000000000000 0.48117077938383245872
398.00000000000000000000 0.48598625584246912812
399.00000000000000000000 0.49028381212187199800
400.00000000000000000000 0.49390414871630194948
401.00000000000000000000 0.49675875724493695484
402.00000000000000000000 0.49904229382662168568
403.00000000000000000000 0.50102020570511784925
404.00000000000000000000 0.50295794012418681973
405.00000000000000000000 0.50512094432759024887
406.00000000000000000000 0.50777466555908945534
407.00000000000000000000 0.51118455106244620190
408.00000000000000000000 0.51561604808142202927
409.00000000000000000000 0.52124362756355702153
410.00000000000000000000 0.52787785527150676845
411.00000000000000000000 0.53523832067170529214
412.00000000000000000000 0.54304461323058683675
413.00000000000000000000 0.55101632241458553541
414.00000000000000000000 0.55887303769013563226
415.00000000000000000000 0.56633434852367103840
416.00000000000000000000 0.57311984438162610900
417.00000000000000000000 0.57903735121566546340
418.00000000000000000000 0.58424764091837555480
419.00000000000000000000 0.58899972186757332260
420.00000000000000000000 0.59354260244107603928
421.00000000000000000000 0.59812529101670053322
422.00000000000000000000 0.60299679597226385486
423.00000000000000000000 0.60840612568558294360
424.00000000000000000000 0.61460228853447496089
425.00000000000000000000 0.62175882091465073387
426.00000000000000000000 0.62974737129339752872
427.00000000000000000000 0.63836411615589661039
428.00000000000000000000 0.64740523198732913279
429.00000000000000000000 0.65666689527287624983
430.00000000000000000000 0.66594528249771911543
431.00000000000000000000 0.67503657014703899453
432.00000000000000000000 0.68373693470601704103
433.00000000000000000000 0.69191089664080052124
434.00000000000000000000 0.69969635234139981872
435.00000000000000000000 0.70729954217879198453
436.00000000000000000000 0.71492670652395318154
437.00000000000000000000 0.72278408574786023877
438.00000000000000000000 0.73107792022148987421
439.00000000000000000000 0.74001445031581858380
440.00000000000000000000 0.74979991640182286350
441.00000000000000000000 0.76056598467600655678
442.00000000000000000000 0.77214602463698056578
443.00000000000000000000 0.78429883160888325122
444.00000000000000000000 0.79678320091585286278
445.00000000000000000000 0.80935792788202731707
446.00000000000000000000 0.82178180783154497480
447.00000000000000000000 0.83381363608854386360
448.00000000000000000000 0.84521220797716212214
449.00000000000000000000 0.85580159433002167546
450.00000000000000000000 0.86566696801367815084
451.00000000000000000000 0.87495877740317096194
452.00000000000000000000 0.88382747087353952242
453.00000000000000000000 0.89242349679982324595
454.00000000000000000000 0.90089730355706110210
455.00000000000000000000 0.90939933952029294861
456.00000000000000000000 0.91808005306455786609
457.00000000000000000000 0.92705849674316542774
458.00000000000000000000 0.93632813982250551188
459.00000000000000000000 0.94585105574723871147
460.00000000000000000000 0.95558931796202450926
461.00000000000000000000 0.96550499991152349821
462.00000000000000000000 0.97556017504039560517
463.00000000000000000000 0.98571691679330120106
464.00000000000000000000 0.99593729861489987965
465.00000000000000000000 1.00618132288176331812
466.00000000000000000000 1.01640070769810630935
467.00000000000000000000 1.02654510010005495246
468.00000000000000000000 1.03656414712373523557
469.00000000000000000000 1.04640749580527336882
470.00000000000000000000 1.05602479318079534032
471.00000000000000000000 1.06536568628642713819
472.00000000000000000000 1.07437982215829475052
473.00000000000000000000 1.08304288477595678231
474.00000000000000000000 1.09143470589269986348
475.00000000000000000000 1.09966115420524324087
476.00000000000000000000 1.10782809841030638331
477.00000000000000000000 1.11604140720460853764
478.00000000000000000000 1.12440694928486850657
479.00000000000000000000 1.13303059334780598100
480.00000000000000000000 1.14201820809013998570
481.00000000000000000000 1.15143501235357792467
482.00000000000000000000 1.16118362555977827633
483.00000000000000000000 1.17112601727538878649
484.00000000000000000000 1.18112415706705542462
485.00000000000000000000 1.19104001450142638063
486.00000000000000000000 1.20073555914514784604
487.00000000000000000000 1.21007276056486712257
488.00000000000000000000 1.21891358832723084582
489.00000000000000000000 1.22716314588560115872
490.00000000000000000000 1.23489907224019757059
491.00000000000000000000 1.24224214027795576420
492.00000000000000000000 1.24931312288581009007
493.00000000000000000000 1.25623279295069578687
494.00000000000000000000 1.26312192335954720512
495.00000000000000000000 1.27010128699929958351
496.00000000000000000000 1.27729165675688793868
497.00000000000000000000 1.28478911272728302251
498.00000000000000000000 1.29259096383760097027
499.00000000000000000000 1.30066982622299431860
500.00000000000000000000 1.30899831601861493802
501.00000000000000000000 1.31754904935961492107
502.00000000000000000000 1.32629464238114702646
503.00000000000000000000 1.33520771121836356876
504.00000000000000000000 1.34426087200641619646
505.00000000000000000000 1.35339289898794468137
506.00000000000000000000 1.36240719883553862424
507.00000000000000000000 1.37107333632927463896
508.00000000000000000000 1.37916087624922889532
509.00000000000000000000 1.38643938337547800721
510.00000000000000000000 1.39267842248809925465
511.00000000000000000000 1.39764755836716858539
512.00000000000000000000 1.40111635579276283536
513.00000000000000000000 1.40295052521032959092
514.00000000000000000000 1.40340035972680010623
515.00000000000000000000 1.40281229811447571976
516.00000000000000000000 1.40153277914565888018
517.00000000000000000000 1.39990824159265203619
518.00000000000000000000 1.39828512422775652624
519.00000000000000000000 1.39700986582327457697
520.00000000000000000000 1.39642890515150819297
521.00000000000000000000 1.39679363370320785975
522.00000000000000000000 1.39797525384291909667
523.00000000000000000000 1.39974992065363545990
524.00000000000000000000 1.40189378921835072767
525.00000000000000000000 1.40418301462005890023
526.00000000000000000000 1.40639375194175353379
527.00000000000000000000 1.40830215626642862858
528.00000000000000000000 1.40968438267707796285
529.00000000000000000000 1.41037240039800892966
530.00000000000000000000 1.41042143521878338142
531.00000000000000000000 1.40994252707027767357
532.00000000000000000000 1.40904671588336749544
533.00000000000000000000 1.40784504158892809222
534.00000000000000000000 1.40644854411783559733
535.00000000000000000000 1.40496826340096592212
536.00000000000000000000 1.40351523936919475588
537.00000000000000000000 1.40215277219447820301
538.00000000000000000000 1.40075320301309713678
539.00000000000000000000 1.39914113320241217941
540.00000000000000000000 1.39714116413978395315
541.00000000000000000000 1.39457789720257396837
542.00000000000000000000 1.39127593376814262527
543.00000000000000000000 1.38705987521385143424
544.00000000000000000000 1.38175432291706101751
545.00000000000000000000 1.37525157059070290977
546.00000000000000000000 1.36771468128999074132
547.00000000000000000000 1.35937441040570905493
548.00000000000000000000 1.35046151332864261541
549.00000000000000000000 1.34120674544957463326
550.00000000000000000000 1.33184086215929009533
551.00000000000000000000 1.32259461884857376646
552.00000000000000000000 1.31369877090820930121
553.00000000000000000000 1.30532541977463378835
554.00000000000000000000 1.29741205106689494464
555.00000000000000000000 1.28983749644969347692
556.00000000000000000000 1.28248058758772964794
557.00000000000000000000 1.27522015614570372044
558.00000000000000000000 1.26793503378831595718
559.00000000000000000000 1.26050405218026684295
560.00000000000000000000 1.25280604298625708459
561.00000000000000000000 1.24476198890733735780
562.00000000000000000000 1.23646147678996287667
563.00000000000000000000 1.22803624451693838004
564.00000000000000000000 1.21961802997107016111
565.00000000000000000000 1.21133857103516318077
566.00000000000000000000 1.20332960559202284401
567.00000000000000000000 1.19572287152445522196
568.00000000000000000000 1.18865010671526505348
569.00000000000000000000 1.18218305054364680728
570.00000000000000000000 1.17615344837434765424
571.00000000000000000000 1.17033304706850294075
572.00000000000000000000 1.16449359348724912344
573.00000000000000000000 1.15840683449172154873
574.00000000000000000000 1.15184451694305578506
575.00000000000000000000 1.14457838770238806703
576.00000000000000000000 1.13638019363085374103
577.00000000000000000000 1.12710265043731183709
578.00000000000000000000 1.11692234922151434340
579.00000000000000000000 1.10609684993093537742
580.00000000000000000000 1.09488371251305061094
581.00000000000000000000 1.08354049691533438349
582.00000000000000000000 1.07232476308526214481
583.00000000000000000000 1.06149407097030779035
584.00000000000000000000 1.05130598051794699188
585.00000000000000000000 1.04195399725443160754
586.00000000000000000000 1.03337540902112468011
587.00000000000000000000 1.02544344923816543869
588.00000000000000000000 1.01803135132569422261
589.00000000000000000000 1.01101234870385092712
590.00000000000000000000 1.00425967479277522543
591.00000000000000000000 0.99764656301260723481
592.00000000000000000000 0.99104624678348685052
593.00000000000000000000 0.98434995579219197737
594.00000000000000000000 0.97752090479205111517
595.00000000000000000000 0.97054030480303121742
596.00000000000000000000 0.96338936684509879349
597.00000000000000000000 0.95604930193822068585
598.00000000000000000000 0.94850132110236329286
599.00000000000000000000 0.94072663535749367902
600.00000000000000000000 0.93270645572357802067
601.00000000000000000000 0.92444737587925984723
602.00000000000000000000 0.91605752013788765975
603.00000000000000000000 0.90767039547148697931
604.00000000000000000000 0.89941950885208332700
605.00000000000000000000 0.89143836725170166879
606.00000000000000000000 0.88386047764236741475
607.00000000000000000000 0.87681934699610619699
608.00000000000000000000 0.87044848228494287046
609.00000000000000000000 0.86484017938364721179
610.00000000000000000000 0.85992188977796513161
611.00000000000000000000 0.85557985385638646303
612.00000000000000000000 0.85170031200740148325
613.00000000000000000000 0.84816950461950013640
614.00000000000000000000 0.84487367208117258865
615.00000000000000000000 0.84169905478090878415
616.00000000000000000000 0.83853189310719888905
617.00000000000000000000 0.83527641647611017284
618.00000000000000000000 0.83190881041401898432
619.00000000000000000000 0.82842324947487933073
620.00000000000000000000 0.82481390821264466418
621.00000000000000000000 0.82107496118126865881
622.00000000000000000000 0.81720058293470532185
623.00000000000000000000 0.81318494802690821643
624.00000000000000000000 0.80902223101183090570
625.00000000000000000000 0.80472664118184711324
626.00000000000000000000 0.80039252678300809585
627.00000000000000000000 0.79613427079978515977
628.00000000000000000000 0.79206625621664938919
629.00000000000000000000 0.78830286601807253444
630.00000000000000000000 0.78495848318852523562
631.00000000000000000000 0.78214749071247913204
632.00000000000000000000 0.77998427157440508584
633.00000000000000000000 0.77853899510350887958
634.00000000000000000000 0.77770497600793353499
635.00000000000000000000 0.77733131534055621703
636.00000000000000000000 0.77726711415425397966
637.00000000000000000000 0.77736147350190432093
638.00000000000000000000 0.77746349443638440579
639.00000000000000000000 0.77742227801057151026
640.00000000000000000000 0.77708692527734302136
641.00000000000000000000 0.77634324821665856575
642.00000000000000000000 0.77522390251680861617
643.00000000000000000000 0.77379825479316588499
644.00000000000000000000 0.77213567166110308460
645.00000000000000000000 0.77030551973599337146
646.00000000000000000000 0.76837716563320934693
647.00000000000000000000 0.76641997596812394544
648.00000000000000000000 0.76450331735610999040
649.00000000000000000000 0.76270399036505276413
650.00000000000000000000 0.76112853137288705163
651.00000000000000000000 0.75989091071006076294
652.00000000000000000000 0.75910509870702091995
653.00000000000000000000 0.75888506569421532166
654.00000000000000000000 0.75934478200209110099
655.00000000000000000000 0.76059821796109583492
656.00000000000000000000 0.76275934390167710042
657.00000000000000000000 0.76588362087587880112
658.00000000000000000000 0.76979247282213303372
659.00000000000000000000 0.77424881440046799952
660.00000000000000000000 0.77901556027091212187
661.00000000000000000000 0.78385562509349415716
662.00000000000000000000 0.78853192352824219569
663.00000000000000000000 0.79280737023518499385
664.00000000000000000000 0.79644487987435086396
665.00000000000000000000 0.79925572016183243917
666.00000000000000000000 0.80124457103797819268
667.00000000000000000000 0.80246446549920058544
668.00000000000000000000 0.80296843654191230044
669.00000000000000000000 0.80280951716252613171
670.00000000000000000000 0.80204074035745420712
671.00000000000000000000 0.80071513912310954275
672.00000000000000000000 0.79888574645590426648
673.00000000000000000000 0.79664365486061405885
674.00000000000000000000 0.79423219487546459217
675.00000000000000000000 0.79193275654704553546
676.00000000000000000000 0.79002672992194533652
677.00000000000000000000 0.78879550504675310929
678.00000000000000000000 0.78852047196805796769
679.00000000000000000000 0.78948302073244858157
680.00000000000000000000 0.79196454138651406485
681.00000000000000000000 0.79614738698201170664
682.00000000000000000000 0.80181776259137160778
683.00000000000000000000 0.80866283629219337659
684.00000000000000000000 0.81636977616207551112
685.00000000000000000000 0.82462575027861695354
686.00000000000000000000 0.83311792671941664601
687.00000000000000000000 0.84153347356207330865
688.00000000000000000000 0.84955955888418599464
689.00000000000000000000 0.85693870346168909968
690.00000000000000000000 0.86363483886386038790
691.00000000000000000000 0.86966724935831318799
692.00000000000000000000 0.87505521921266071761
693.00000000000000000000 0.87981803269451641647
694.00000000000000000000 0.88397497407149350224
695.00000000000000000000 0.88754532761120508155
696.00000000000000000000 0.89054837758126492719
697.00000000000000000000 0.89302199823240446808
698.00000000000000000000 0.89507842374782908834
699.00000000000000000000 0.89684847829386282747
700.00000000000000000000 0.89846298603682950290
701.00000000000000000000 0.90005277114305293207
702.00000000000000000000 0.90174865777885671037
703.00000000000000000000 0.90368147011056521034
704.00000000000000000000 0.90598203230450180534
705.00000000000000000000 0.90874048676236718336
706.00000000000000000000 0.91188424882736762722
707.00000000000000000000 0.91530005207808651235
708.00000000000000000000 0.91887463009310665907
709.00000000000000000000 0.92249471645101099870
710.00000000000000000000 0.92604704473038279566
711.00000000000000000000 0.92941834850980520333
712.00000000000000000000 0.93249536136786104201
713.00000000000000000000 0.93519969815536085900
714.00000000000000000000 0.93759249881202488819
715.00000000000000000000 0.93976978454980086841
716.00000000000000000000 0.94182757658063620543
717.00000000000000000000 0.94386189611647863806
718.00000000000000000000 0.94596876436927612719
719.00000000000000000000 0.94824420255097596755
720.00000000000000000000 0.95078423187352578694
721.00000000000000000000 0.95366971676620226894
722.00000000000000000000 0.95692089452759543367
723.00000000000000000000 0.96054284567362502312
724.00000000000000000000 0.96454065072021022420
725.00000000000000000000 0.96891939018327022382
726.00000000000000000000 0.97368414457872431989
727.00000000000000000000 0.97883999442249169931
728.00000000000000000000 0.98439202023049188206
729.00000000000000000000 0.99032350931948631700
730.00000000000000000000 0.99653057620960705520
731.00000000000000000000 1.00288754222182729947
732.00000000000000000000 1.00926872867712180692
733.00000000000000000000 1.01554845689646433549
734.00000000000000000000 1.02160104820082908716
735.00000000000000000000 1.02730082391118981988
736.00000000000000000000 1.03252210534852073565
737.00000000000000000000 1.03716905204590670309
738.00000000000000000000 1.04126517638487436912
739.00000000000000000000 1.04486382895906082524
740.00000000000000000000 1.04801836036210449521
741.00000000000000000000 1.05078212118764202643
742.00000000000000000000 1.05320846202931139857
743.00000000000000000000 1.05535073348074992516
744.00000000000000000000 1.05726228613559491976
745.00000000000000000000 1.05900056259812114234
746.00000000000000000000 1.06063937351514958607
747.00000000000000000000 1.06225662154413824645
748.00000000000000000000 1.06393020934254511900
749.00000000000000000000 1.06573803956782864333
750.00000000000000000000 1.06775801487744637086
751.00000000000000000000 1.07006803792885674120
752.00000000000000000000 1.07274601137951797192
753.00000000000000000000 1.07583706338910189970
754.00000000000000000000 1.07925522412613728029
755.00000000000000000000 1.08288174926136648857
756.00000000000000000000 1.08659789446553256553
757.00000000000000000000 1.09028491540937855220
758.00000000000000000000 1.09382406776364637935
759.00000000000000000000 1.09709660719907931004
760.00000000000000000000 1.09998378938641994118
761.00000000000000000000 1.10240967389678079513
762.00000000000000000000 1.10446953590275565027
763.00000000000000000000 1.10630145447730754427
764.00000000000000000000 1.10804350869339951480
765.00000000000000000000 1.10983377762399548772
766.00000000000000000000 1.11181034034205850070
767.00000000000000000000 1.11411127592055181346
768.00000000000000000000 1.11687466343243890776
769.00000000000000000000 1.12019536768383498604
770.00000000000000000000 1.12399539641346368768
771.00000000000000000000 1.12815354309320015069
772.00000000000000000000 1.13254860119492062331
773.00000000000000000000 1.13705936419050024355
774.00000000000000000000 1.14156462555181459351
775.00000000000000000000 1.14594317875073903323
776.00000000000000000000 1.15007381725914892279
777.00000000000000000000 1.15383736269031444976
778.00000000000000000000 1.15712274922308200331
779.00000000000000000000 1.15982093917769213398
780.00000000000000000000 1.16182289487438605846
781.00000000000000000000 1.16301957863340454935
782.00000000000000000000 1.16330195277498815720
783.00000000000000000000 1.16256097961937765461
784.00000000000000000000 1.16068762148681403623
785.00000000000000000000 1.15765292085133464361
786.00000000000000000000 1.15374824080216287214
787.00000000000000000000 1.14934502458231957434
788.00000000000000000000 1.14481471543482427045
789.00000000000000000000 1.14052875660269803504
790.00000000000000000000 1.13685859132896105450
791.00000000000000000000 1.13417566285663307113
792.00000000000000000000 1.13285141442873493745
793.00000000000000000000 1.13313375810605521110
794.00000000000000000000 1.13477648122045926549
795.00000000000000000000 1.13740983992158017912
796.00000000000000000000 1.14066409035905169667
797.00000000000000000000 1.14416948868250689664
798.00000000000000000000 1.14755629104157974574
799.00000000000000000000 1.15045475358590376658
800.00000000000000000000 1.15249513246511225972
801.00000000000000000000 1.15340279186480110241
802.00000000000000000000 1.15328352811441670056
803.00000000000000000000 1.15233824557936714861
804.00000000000000000000 1.15076784862506120710
805.00000000000000000000 1.14877324161690763660
806.00000000000000000000 1.14655532892031453152
807.00000000000000000000 1.14431501490069043037
808.00000000000000000000 1.14225320392344409370
809.00000000000000000000 1.14051885750649240059
810.00000000000000000000 1.13905316577778736864
811.00000000000000000000 1.13774537601778913398
812.00000000000000000000 1.13648473550695849887
813.00000000000000000000 1.13516049152575537740
814.00000000000000000000 1.13366189135464079385
815.00000000000000000000 1.13187818227407466232
816.00000000000000000000 1.12969861156451778506
817.00000000000000000000 1.12705238503522853222
818.00000000000000000000 1.12402854261066020847
819.00000000000000000000 1.12075608274406368636
820.00000000000000000000 1.11736400388869006051
821.00000000000000000000 1.11398130449779042550
822.00000000000000000000 1.11073698302461565390
823.00000000000000000000 1.10776003792241772850
824.00000000000000000000 1.10517946764444685570
825.00000000000000000000 1.10307675104388658305
826.00000000000000000000 1.10134328857364693910
827.00000000000000000000 1.09982296108657129352
828.00000000000000000000 1.09835964943550146167
829.00000000000000000000 1.09679723447328036912
830.00000000000000000000 1.09497959705275005327
831.00000000000000000000 1.09275061802675343969
832.00000000000000000000 1.08995417824813323193
833.00000000000000000000 1.08649460859000801527
834.00000000000000000000 1.08251804000660700744
835.00000000000000000000 1.07823105347243486385
836.00000000000000000000 1.07384022996199712807
837.00000000000000000000 1.06955215044979845551
838.00000000000000000000 1.06557339591034461179
839.00000000000000000000 1.06211054731814069640
840.00000000000000000000 1.05937018564769180884
841.00000000000000000000 1.05748843137546644222
842.00000000000000000000 1.05631956298578644216
843.00000000000000000000 1.05564739846493638176
844.00000000000000000000 1.05525575579920150027
845.00000000000000000000 1.05492845297486659284
846.00000000000000000000 1.05444930797821645463
847.00000000000000000000 1.05360213879553632488
848.00000000000000000000 1.05217076341311077670
849.00000000000000000000 1.04999276062623025929
850.00000000000000000000 1.04712075246620472946
851.00000000000000000000 1.04366112177335046418
852.00000000000000000000 1.03972025138798307431
853.00000000000000000000 1.03540452415041839274
854.00000000000000000000 1.03082032290097180827
855.00000000000000000000 1.02607403047995959788
856.00000000000000000000 1.02127202972769692835
857.00000000000000000000 1.01651732143707085321
858.00000000000000000000 1.01189937821125397477
859.00000000000000000000 1.00750429060598900577
860.00000000000000000000 1.00341814917701954712
861.00000000000000000000 0.99972704448008842260
862.00000000000000000000 0.99651706707093956616
863.00000000000000000000 0.99387430750531602364
864.00000000000000000000 0.99188485633896106286
865.00000000000000000000 0.99058582225526159437
866.00000000000000000000 0.98981838644817976558
867.00000000000000000000 0.98937474823932147761
868.00000000000000000000 0.98904710695029274259
869.00000000000000000000 0.98862766190269923960
870.00000000000000000000 0.98790861241814675875
871.00000000000000000000 0.98668215781824142319
872.00000000000000000000 0.98474049742458880097
873.00000000000000000000 0.98194870786205801227
874.00000000000000000000 0.97846337496856883309
875.00000000000000000000 0.97451396188530470255
876.00000000000000000000 0.97032993175344839365
877.00000000000000000000 0.96614074771418334553
878.00000000000000000000 0.96217587290869255323
879.00000000000000000000 0.95866477047815901180
880.00000000000000000000 0.95583690356376604935
881.00000000000000000000 0.95385422338556846711
882.00000000000000000000 0.95260863347911006738
883.00000000000000000000 0.95192452545880634762
884.00000000000000000000 0.95162629093907258326
885.00000000000000000000 0.95153832153432416074
886.00000000000000000000 0.95148500885897702162
887.00000000000000000000 0.95129074452744644130
888.00000000000000000000 0.95077992015414780624
889.00000000000000000000 0.94981561620077437080
890.00000000000000000000 0.94841566851812986183
891.00000000000000000000 0.94663660180429531898
892.00000000000000000000 0.94453494075735244806
893.00000000000000000000 0.94216721007538228871
894.00000000000000000000 0.93958993445646599163
895.00000000000000000000 0.93685963859868515158
896.00000000000000000000 0.93403284720012091924
897.00000000000000000000 0.93116975702342597021
898.00000000000000000000 0.92834525308953941281
899.00000000000000000000 0.92563789248397143616
900.00000000000000000000 0.92312623229223211840
901.00000000000000000000 0.92088882959983198173
902.00000000000000000000 0.91900424149228143733
903.00000000000000000000 0.91755102505509067434
904.00000000000000000000 0.91660773737376977088
905.00000000000000000000 0.91621761036002336009
906.00000000000000000000 0.91628257523033007637
907.00000000000000000000 0.91666923802736310911
908.00000000000000000000 0.91724420479379542570
909.00000000000000000000 0.91787408157229966044
910.00000000000000000000 0.91842547440554911375
911.00000000000000000000 0.91876498933621664200
912.00000000000000000000 0.91875923240697487948
913.00000000000000000000 0.91831230272570796291
914.00000000000000000000 0.91747827166114370723
915.00000000000000000000 0.91634870364722043057
916.00000000000000000000 0.91501516311787689517
917.00000000000000000000 0.91356921450705186327
918.00000000000000000000 0.91210242224868409711
919.00000000000000000000 0.91070635077671180380
920.00000000000000000000 0.90947256452507363456
921.00000000000000000000 0.90847386310542688204
922.00000000000000000000 0.90770798684030040704
923.00000000000000000000 0.90715391122994115669
924.00000000000000000000 0.90679061177459696630
925.00000000000000000000 0.90659706397451444992
926.00000000000000000000 0.90655224332994144287
927.00000000000000000000 0.90663512534112478125
928.00000000000000000000 0.90682468550831196730
929.00000000000000000000 0.90710106670657630890
930.00000000000000000000 0.90744908131029611287
931.00000000000000000000 0.90785470906867604679
932.00000000000000000000 0.90830392973092055620
933.00000000000000000000 0.90878272304623408662
934.00000000000000000000 0.90927706876382119461
935.00000000000000000000 0.90977294663288621468
936.00000000000000000000 0.91025633640263403645
937.00000000000000000000 0.91072118026251236422
938.00000000000000000000 0.91119327016294393573
939.00000000000000000000 0.91170636049459508055
940.00000000000000000000 0.91229420564813212824
941.00000000000000000000 0.91299056001422107531
942.00000000000000000000 0.91382917798352825134
943.00000000000000000000 0.91484381394671976384
944.00000000000000000000 0.91606822229446205341
945.00000000000000000000 0.91751856220915561924
946.00000000000000000000 0.91914061204013908224
947.00000000000000000000 0.92086255492848556603
948.00000000000000000000 0.92261257401526763910
949.00000000000000000000 0.92431885244155886916
950.00000000000000000000 0.92590957334843193571
951.00000000000000000000 0.92731291987695985135
952.00000000000000000000 0.92845707516821585070
953.00000000000000000000 0.92929236706619977593
954.00000000000000000000 0.92985770222662100792
955.00000000000000000000 0.93021413200811509103
956.00000000000000000000 0.93042270776931823573
957.00000000000000000000 0.93054448086886698555
958.00000000000000000000 0.93064050266539677381
959.00000000000000000000 0.93077182451754414405
960.00000000000000000000 0.93099949778394486266
961.00000000000000000000 0.93137407812615036207
962.00000000000000000000 0.93190413841737218537
963.00000000000000000000 0.93258775583373720863
964.00000000000000000000 0.93342300755137230794
965.00000000000000000000 0.93440797074640402631
966.00000000000000000000 0.93554072259495968389
967.00000000000000000000 0.93681934027316571267
968.00000000000000000000 0.93824190095714898874
969.00000000000000000000 0.93980140072732532008
970.00000000000000000000 0.94147051128126535424
971.00000000000000000000 0.94321682322082878169
972.00000000000000000000 0.94500792714787529292
973.00000000000000000000 0.94681141366426468942
974.00000000000000000000 0.94859487337185655065
975.00000000000000000000 0.95032589687251034505
976.00000000000000000000 0.95197207476808598514
977.00000000000000000000 0.95350960846823407113
978.00000000000000000000 0.95494914261376984133
979.00000000000000000000 0.95630993265329944375
980.00000000000000000000 0.95761123403542902643
981.00000000000000000000 0.95887230220876507047
982.00000000000000000000 0.96011239262191383492
983.00000000000000000000 0.96135076072348135678
984.00000000000000000000 0.96260666196207389511
985.00000000000000000000 0.96389728632748661319
986.00000000000000000000 0.96523156197426984715
987.00000000000000000000 0.96661635159816305940
988.00000000000000000000 0.96805851789490571235
989.00000000000000000000 0.96956492356023682433
990.00000000000000000000 0.97114243128989585774
991.00000000000000000000 0.97279790377962227499
992.00000000000000000000 0.97453820372515498338
993.00000000000000000000 0.97636243730147187492
994.00000000000000000000 0.97823868460050311668
995.00000000000000000000 0.98012726919341663923
996.00000000000000000000 0.98198851465138103922
997.00000000000000000000 0.98378274454556435824
998.00000000000000000000 0.98547028244713508194
999.00000000000000000000 0.98701145192726158495
1000.00000000000000000000 0.98836657655711190884
1001.00000000000000000000 0.98951450109647121067
1002.00000000000000000000 0.99050815505958977880
1003.00000000000000000000 0.99141898914933535014
1004.00000000000000000000 0.99231845406857499547
1005.00000000000000000000 0.99327800052017634069
1006.00000000000000000000 0.99436907920700623453
1007.00000000000000000000 0.99566314083193230289
1008.00000000000000000000 0.99723163609782194960
1009.00000000000000000000 0.99912066813903332996
1010.00000000000000000000 1.00127494981588949230
1011.00000000000000000000 1.00361384642020423641
1012.00000000000000000000 1.00605672324379136207
1013.00000000000000000000 1.00852294557846522416
1014.00000000000000000000 1.01093187871603928940
1015.00000000000000000000 1.01320288794832791268
1016.00000000000000000000 1.01525533856714500480
1017.00000000000000000000 1.01703258376493943516
1018.00000000000000000000 1.01857392833670101773
1019.00000000000000000000 1.01994266497805519123
1020.00000000000000000000 1.02120208638462606210
1021.00000000000000000000 1.02241548525203951314
1022.00000000000000000000 1.02364615427592031693
1023.00000000000000000000 1.02495738615189302401
1024.00000000000000000000 1.02641247357558329512
1025.00000000000000000000 1.02805499633291974604
1026.00000000000000000000 1.02984968257104902989
1027.00000000000000000000 1.03174154752742164298
1028.00000000000000000000 1.03367560643948808163
1029.00000000000000000000 1.03559687454469928625
1030.00000000000000000000 1.03745036708050553109
1031.00000000000000000000 1.03918109928435709044
1032.00000000000000000000 1.04073408639370468265
1033.00000000000000000000 1.04207140303690692917
1034.00000000000000000000 1.04322336140595162135
1035.00000000000000000000 1.04423733308373445361
1036.00000000000000000000 1.04516068965315200856
1037.00000000000000000000 1.04604080269709975859
1038.00000000000000000000 1.04692504379847339813
1039.00000000000000000000 1.04786078454016928774
1040.00000000000000000000 1.04889539650508289981
1041.00000000000000000000 1.05006328127530967897
1042.00000000000000000000 1.05134696042974140617
1043.00000000000000000000 1.05271598554647050072
1044.00000000000000000000 1.05413990820358760558
1045.00000000000000000000 1.05558827997918447394
1046.00000000000000000000 1.05703065245135241490
1047.00000000000000000000 1.05843657719818318164
1048.00000000000000000000 1.05977560579776852734
1049.00000000000000000000 1.06102287868811573368
1050.00000000000000000000 1.06217589174689908127
1051.00000000000000000000 1.06323772971170882329
1052.00000000000000000000 1.06421147732013587905
1053.00000000000000000000 1.06510021930976961357
1054.00000000000000000000 1.06590704041820094616
1055.00000000000000000000 1.06663502538302013001
1056.00000000000000000000 1.06728725894181786238
1057.00000000000000000000 1.06786680041496562232
1058.00000000000000000000 1.06837660745396112461
1059.00000000000000000000 1.06881961229308397598
1060.00000000000000000000 1.06919874716661356118
1061.00000000000000000000 1.06951694430882882081
1062.00000000000000000000 1.06977713595400958368
1063.00000000000000000000 1.06998225433643501248
1064.00000000000000000000 1.07013523169038426985
1065.00000000000000000000 1.07023798183582719012
1066.00000000000000000000 1.07028834493549540596
1067.00000000000000000000 1.07028314273781055554
1068.00000000000000000000 1.07021919699119472114
1069.00000000000000000000 1.07009332944406954091
1070.00000000000000000000 1.06990236184485731918
1071.00000000000000000000 1.06964311594197969413
1072.00000000000000000000 1.06931241348385830392
1073.00000000000000000000 1.06891252299156525041
1074.00000000000000000000 1.06846750007677071537
1075.00000000000000000000 1.06800684712379645447
1076.00000000000000000000 1.06756006651696222498
1077.00000000000000000000 1.06715666064058911644
1078.00000000000000000000 1.06682613187899821838
1079.00000000000000000000 1.06659798261650973217
1080.00000000000000000000 1.06650171523744430324
1081.00000000000000000000 1.06655168387133070240
1082.00000000000000000000 1.06670164962852886958
1083.00000000000000000000 1.06689022536460798030
1084.00000000000000000000 1.06705602393513565573
1085.00000000000000000000 1.06713765819568040527
1086.00000000000000000000 1.06707374100181029419
1087.00000000000000000000 1.06680288520909360983
1088.00000000000000000000 1.06626370367309908360
1089.00000000000000000000 1.06541447577290160353
1090.00000000000000000000 1.06429214698160712338
1091.00000000000000000000 1.06295332929582797554
1092.00000000000000000000 1.06145463471217671447
1093.00000000000000000000 1.05985267522726589462
1094.00000000000000000000 1.05820406283770895861
1095.00000000000000000000 1.05656540954011757272
1096.00000000000000000000 1.05499332733110495752
1097.00000000000000000000 1.05353550204670609602
1098.00000000000000000000 1.05220391488064657359
1099.00000000000000000000 1.05100162086607396006
1100.00000000000000000000 1.04993167503613671343
1101.00000000000000000000 1.04899713242398218149
1102.00000000000000000000 1.04820104806275904430
1103.00000000000000000000 1.04754647698561509372
1104.00000000000000000000 1.04703647422569767755
1105.00000000000000000000 1.04665988393907749554
1106.00000000000000000000 1.04634870677351110579
1107.00000000000000000000 1.04602073249967797430
1108.00000000000000000000 1.04559375088825756706
1109.00000000000000000000 1.04498555170992912799
1110.00000000000000000000 1.04411392473537145698
1111.00000000000000000000 1.04289665973526401999
1112.00000000000000000000 1.04125154648028606097
1113.00000000000000000000 1.03913072980959575453
1114.00000000000000000000 1.03662377483626721997
1115.00000000000000000000 1.03385460174185395132
1116.00000000000000000000 1.03094713070790922060
1117.00000000000000000000 1.02802528191598607776
1118.00000000000000000000 1.02521297554763779480
1119.00000000000000000000 1.02263413178441808782
1120.00000000000000000000 1.02041267080787978472
1121.00000000000000000000 1.01863873111049607623
1122.00000000000000000000 1.01726732442841916182
1123.00000000000000000000 1.01621968080872115969
1124.00000000000000000000 1.01541703029847352191
1125.00000000000000000000 1.01478060294474881076
1126.00000000000000000000 1.01423162879461825625
1127.00000000000000000000 1.01369133789515442068
1128.00000000000000000000 1.01308096029342897815
1129.00000000000000000000 1.01233351739458243834
1130.00000000000000000000 1.01142919603602976508
1131.00000000000000000000 1.01035997441325475776
1132.00000000000000000000 1.00911783072174054965
1133.00000000000000000000 1.00769474315697094013
1134.00000000000000000000 1.00608268991442950657
1135.00000000000000000000 1.00427364918959960427
1136.00000000000000000000 1.00225959917796503262
1137.00000000000000000000 1.00004947910491259755
1138.00000000000000000000 0.99772007231544490580
1139.00000000000000000000 0.99536512318446701553
1140.00000000000000000000 0.99307837608688465103
1141.00000000000000000000 0.99095357539760364762
1142.00000000000000000000 0.98908446549152917449
1143.00000000000000000000 0.98756479074356773307
1144.00000000000000000000 0.98648829552862404846
1145.00000000000000000000 0.98591046396495174431
1146.00000000000000000000 0.98573373914419404329
1147.00000000000000000000 0.98582230390134173437
1148.00000000000000000000 0.98604034107138538445
1149.00000000000000000000 0.98625203348931633762
1150.00000000000000000000 0.98632156399012493875
1151.00000000000000000000 0.98611311540880219884
1152.00000000000000000000 0.98549087058033890685
1153.00000000000000000000 0.98435980036803882864
1154.00000000000000000000 0.98278802774845697154
1155.00000000000000000000 0.98088446372646187488
1156.00000000000000000000 0.97875801930692130082
1157.00000000000000000000 0.97651760549470356665
1158.00000000000000000000 0.97427213329467665659
1159.00000000000000000000 0.97213051371170877690
1160.00000000000000000000 0.97020165775066802283
1161.00000000000000000000 0.96857281332000189078
1162.00000000000000000000 0.96724457594247414960
1163.00000000000000000000 0.96619587804442863543
1164.00000000000000000000 0.96540565205220785217
1165.00000000000000000000 0.96485283039215596901
1166.00000000000000000000 0.96451634549061571189
1167.00000000000000000000 0.96437512977393069491
1168.00000000000000000000 0.96440811566844397706
1169.00000000000000000000 0.96458834397825743423
1170.00000000000000000000 0.96486528901850676654
1171.00000000000000000000 0.96518253348208560283
1172.00000000000000000000 0.96548366006188812705
1173.00000000000000000000 0.96571225145080852315
1174.00000000000000000000 0.96581189034174064201
1175.00000000000000000000 0.96572615942757833452
1176.00000000000000000000 0.96539864140121589564
1177.00000000000000000000 0.96479521883939456384
1178.00000000000000000000 0.96397097385424446170
1179.00000000000000000000 0.96300328844174321041
1180.00000000000000000000 0.96196954459786832015
1181.00000000000000000000 0.96094712431859752311
1182.00000000000000000000 0.96001340959990866253
1183.00000000000000000000 0.95924578243777891551
1184.00000000000000000000 0.95872162482818601426
1185.00000000000000000000 0.95849510931759651644
1186.00000000000000000000 0.95852757065443261464
1187.00000000000000000000 0.95875713413760543791
1188.00000000000000000000 0.95912192506602633735
1189.00000000000000000000 0.95956006873860633100
1190.00000000000000000000 0.96000969045425665893
1191.00000000000000000000 0.96040891551188833919
1192.00000000000000000000 0.96069586921041283389
1193.00000000000000000000 0.96082115542269397324
1194.00000000000000000000 0.96078529231740794625
1195.00000000000000000000 0.96060127663718275492
1196.00000000000000000000 0.96028210512464762250
1197.00000000000000000000 0.95984077452243121709
1198.00000000000000000000 0.95929028157316220682
1199.00000000000000000000 0.95864362301946925982
1200.00000000000000000000 0.95791379560398115522
1201.00000000000000000000 0.95711759900944892721
1202.00000000000000000000 0.95628704467911418430
1203.00000000000000000000 0.95545794699634090108
1204.00000000000000000000 0.95466612034449283009
1205.00000000000000000000 0.95394737910693416794
1206.00000000000000000000 0.95333753766702855614
1207.00000000000000000000 0.95287241040814030235
1208.00000000000000000000 0.95258781171363304807
1209.00000000000000000000 0.95251445884857044444
1210.00000000000000000000 0.95266268060481429369
1211.00000000000000000000 0.95303770865592596362
1212.00000000000000000000 0.95364477467546671097
1213.00000000000000000000 0.95448911033699823658
1214.00000000000000000000 0.95557594731408168620
1215.00000000000000000000 0.95691051728027853862
1216.00000000000000000000 0.95849805190914993958
1217.00000000000000000000 0.96032229427651971676
1218.00000000000000000000 0.96228103306726031629
1219.00000000000000000000 0.96425056836850642217
1220.00000000000000000000 0.96610720026739327349
1221.00000000000000000000 0.96772722885105499913
1222.00000000000000000000 0.96898695420662694922
1223.00000000000000000000 0.96976267642124380775
1224.00000000000000000000 0.96993069558204014768
1225.00000000000000000000 0.96941557051455284899
1226.00000000000000000000 0.96833489499792757549
1227.00000000000000000000 0.96685452154971185390
1228.00000000000000000000 0.96514030268745332197
1229.00000000000000000000 0.96335809092869983949
1230.00000000000000000000 0.96167373879099860012
1231.00000000000000000000 0.96025309879189757467
1232.00000000000000000000 0.95926202344894395679
1233.00000000000000000000 0.95882563601044834556
1234.00000000000000000000 0.95890614264776963260
1235.00000000000000000000 0.95942502026303033702
1236.00000000000000000000 0.96030374575835220075
1237.00000000000000000000 0.96146379603585707674
1238.00000000000000000000 0.96282664799766704000
1239.00000000000000000000 0.96431377854590394350
1240.00000000000000000000 0.96584666458268986222
1241.00000000000000000000 0.96735824866502495567
1242.00000000000000000000 0.96882733596942260945
1243.00000000000000000000 0.97024419732727440469
1244.00000000000000000000 0.97159910356997203351
1245.00000000000000000000 0.97288232552890674398
1246.00000000000000000000 0.97408413403547067233
1247.00000000000000000000 0.97519479992105517763
1248.00000000000000000000 0.97620459401705206304
1249.00000000000000000000 0.97711045265101303947
1250.00000000000000000000 0.97793597413513277949
1251.00000000000000000000 0.97871142227776608546
1252.00000000000000000000 0.97946706088726753769
1253.00000000000000000000 0.98023315377199216059
1254.00000000000000000000 0.98103996474029475650
1255.00000000000000000000 0.98191775760053012778
1256.00000000000000000000 0.98289679616105285476
1257.00000000000000000000 0.98399607933482191591
1258.00000000000000000000 0.98518954645321255015
1259.00000000000000000000 0.98643987195220317332
1260.00000000000000000000 0.98770973026777308945
1261.00000000000000000000 0.98896179583590115847
1262.00000000000000000000 0.99015874309256635133
1263.00000000000000000000 0.99126324647374752796
1264.00000000000000000000 0.99223798041542399240
1265.00000000000000000000 0.99305518263746439533
1266.00000000000000000000 0.99372534399529977023
1267.00000000000000000000 0.99426851862825105233
1268.00000000000000000000 0.99470476067563884381
1269.00000000000000000000 0.99505412427678430198
1270.00000000000000000000 0.99533666357100825106
1271.00000000000000000000 0.99557243269763151527
1272.00000000000000000000 0.99578148579597514090
1273.00000000000000000000 0.99598712167955971708
1274.00000000000000000000 0.99622561785870555884
1275.00000000000000000000 0.99653649651793285713
1276.00000000000000000000 0.99695927984176169190
1277.00000000000000000000 0.99753349001471203206
1278.00000000000000000000 0.99829864922130384652
1279.00000000000000000000 0.99929427964605754831
1280.00000000000000000000 1.00055990347349310632
1281.00000000000000000000 1.00211749194729660140
1282.00000000000000000000 1.00391881254781778487
1283.00000000000000000000 1.00589808181457240899
1284.00000000000000000000 1.00798951628707622596
1285.00000000000000000000 1.01012733250484543213
1286.00000000000000000000 1.01224574700739511357
1287.00000000000000000000 1.01427897633424146662
1288.00000000000000000000 1.01616123702490024350
1289.00000000000000000000 1.01783824417931967332
1290.00000000000000000000 1.01930170713917900294
1291.00000000000000000000 1.02055483380658973402
1292.00000000000000000000 1.02160083208366336827
1293.00000000000000000000 1.02244290987251207348
1294.00000000000000000000 1.02308427507524690725
1295.00000000000000000000 1.02352813559397959331
1296.00000000000000000000 1.02377769933082207743
1297.00000000000000000000 1.02384737327983166288
1298.00000000000000000000 1.02379636080284952548
1299.00000000000000000000 1.02369506435366219854
1300.00000000000000000000 1.02361388638605643742
1301.00000000000000000000 1.02362322935381944156
1302.00000000000000000000 1.02379349571073774428
1303.00000000000000000000 1.02419508791059832298
1304.00000000000000000000 1.02489840840718793302
1305.00000000000000000000 1.02594123871019538008
1306.00000000000000000000 1.02723087655291833720
1307.00000000000000000000 1.02864199872455630569
1308.00000000000000000000 1.03004928201430812074
1309.00000000000000000000 1.03132740321137372774
1310.00000000000000000000 1.03235103910495240598
1311.00000000000000000000 1.03299486648424387880
1312.00000000000000000000 1.03313356213844720344
1313.00000000000000000000 1.03268568808089966637
1314.00000000000000000000 1.03174534722148925070
1315.00000000000000000000 1.03045052769424128059
1316.00000000000000000000 1.02893921763318196838
1317.00000000000000000000 1.02734940517233619417
1318.00000000000000000000 1.02581907844573017030
1319.00000000000000000000 1.02448622558738899890
1320.00000000000000000000 1.02348883473133867028
1321.00000000000000000000 1.02293623788416532250
1322.00000000000000000000 1.02282314254269612874
1323.00000000000000000000 1.02311560007632040836
1324.00000000000000000000 1.02377966185442592639
1325.00000000000000000000 1.02478137924640133605
1326.00000000000000000000 1.02608680362163529054
1327.00000000000000000000 1.02766198634951577695
1328.00000000000000000000 1.02947297879943100440
1329.00000000000000000000 1.03147150851693303331
1330.00000000000000000000 1.03355200775222511034
1331.00000000000000000000 1.03559458493167366733
1332.00000000000000000000 1.03747934848164602428
1333.00000000000000000000 1.03908640682850861303
1334.00000000000000000000 1.04029586839862764336
1335.00000000000000000000 1.04098784161837021323
1336.00000000000000000000 1.04104243491410297651
1337.00000000000000000000 1.04038367868398951011
1338.00000000000000000000 1.03911129121338130510
1339.00000000000000000000 1.03736891275942655355
1340.00000000000000000000 1.03530018357927366957
1341.00000000000000000000 1.03304874393007151134
1342.00000000000000000000 1.03075823406896827095
1343.00000000000000000000 1.02857229425311236248
1344.00000000000000000000 1.02663456473965197802
1345.00000000000000000000 1.02506145018981564832
1346.00000000000000000000 1.02386041288115259285
1347.00000000000000000000 1.02301167949529192569
1348.00000000000000000000 1.02249547671386231684
1349.00000000000000000000 1.02229203121849354652
1350.00000000000000000000 1.02238156969081428471
1351.00000000000000000000 1.02274431881245364551
1352.00000000000000000000 1.02336050526504096503
1353.00000000000000000000 1.02419988082409951780
1354.00000000000000000000 1.02519029764072988620
1355.00000000000000000000 1.02624913295992814533
1356.00000000000000000000 1.02729376402668859392
1357.00000000000000000000 1.02824156808600686297
1358.00000000000000000000 1.02900992238287813940
1359.00000000000000000000 1.02951620416229716604
1360.00000000000000000000 1.02967779066926001796
1361.00000000000000000000 1.02943722604411536103
1362.00000000000000000000 1.02883772200862977364
1363.00000000000000000000 1.02794765717992353515
1364.00000000000000000000 1.02683541017511714699
1365.00000000000000000000 1.02556935961133088853
1366.00000000000000000000 1.02421788410568548322
1367.00000000000000000000 1.02284936227530098840
1368.00000000000000000000 1.02153217273729790548
1369.00000000000000000000 1.02032087568749263440
1370.00000000000000000000 1.01921475763648317070
1371.00000000000000000000 1.01819928667356296437
1372.00000000000000000000 1.01725993088802657560
1373.00000000000000000000 1.01638215836916745438
1374.00000000000000000000 1.01555143720627949477
1375.00000000000000000000 1.01475323548865681289
1376.00000000000000000000 1.01397302130559285871
1377.00000000000000000000 1.01319656627495358059
1378.00000000000000000000 1.01241085612888981338
1379.00000000000000000000 1.01160318012812489030
1380.00000000000000000000 1.01076082753338147846
1381.00000000000000000000 1.00987108760538291108
1382.00000000000000000000 1.00892124960485207730
1383.00000000000000000000 1.00789860279251186626
1384.00000000000000000000 1.00679043642908516709
1385.00000000000000000000 1.00559188732567039715
1386.00000000000000000000 1.00432948249486786452
1387.00000000000000000000 1.00303759649965407164
1388.00000000000000000000 1.00175060390300396662
1389.00000000000000000000 1.00050287926789382986
1390.00000000000000000000 0.99932879715729971970
1391.00000000000000000000 0.99826273213419713937
1392.00000000000000000000 0.99733905876156203618
1393.00000000000000000000 0.99658420742589981511
1394.00000000000000000000 0.99599283180783415581
1395.00000000000000000000 0.99555164141151819557
1396.00000000000000000000 0.99524734574110518270
1397.00000000000000000000 0.99506665430074836554
1398.00000000000000000000 0.99499627659460077034
1399.00000000000000000000 0.99502292212681553440
1400.00000000000000000000 0.99513330040154612810
1401.00000000000000000000 0.99531005592244226055
1402.00000000000000000000 0.99551957319114114942
1403.00000000000000000000 0.99572417170877636217
1404.00000000000000000000 0.99588617097648168830
1405.00000000000000000000 0.99596789049539091732
1406.00000000000000000000 0.99593164976663794974
1407.00000000000000000000 0.99573976829135624200
1408.00000000000000000000 0.99535456557067991668
1409.00000000000000000000 0.99475607309508273790
1410.00000000000000000000 0.99399517031240003373
1411.00000000000000000000 0.99314044865980732890
1412.00000000000000000000 0.99226049957447992611
1413.00000000000000000000 0.99142391449359335009
1414.00000000000000000000 0.99069928485432323662
1415.00000000000000000000 0.99015520209384499939
1416.00000000000000000000 0.98986025764933405213
1417.00000000000000000000 0.98985965814185683520
1418.00000000000000000000 0.99010507092804245222
1419.00000000000000000000 0.99052477854841158855
1420.00000000000000000000 0.99104706354348370834
1421.00000000000000000000 0.99160020845377938592
1422.00000000000000000000 0.99211249581981875156
1423.00000000000000000000 0.99251220818212193553
1424.00000000000000000000 0.99272762808120906808
1425.00000000000000000000 0.99270753136293055086
1426.00000000000000000000 0.99248266709445853717
1427.00000000000000000000 0.99210427764829434150
1428.00000000000000000000 0.99162360539694083261
1429.00000000000000000000 0.99109189271289988010
1430.00000000000000000000 0.99056038196867335355
1431.00000000000000000000 0.99008031553676345560
1432.00000000000000000000 0.98970293578967205583
1433.00000000000000000000 0.98946662427512621640
1434.00000000000000000000 0.98935831924175077212
1435.00000000000000000000 0.98935209811339530628
1436.00000000000000000000 0.98942203831390962421
1437.00000000000000000000 0.98954221726714319818
1438.00000000000000000000 0.98968671239694605557
1439.00000000000000000000 0.98982960112716722456
1440.00000000000000000000 0.98994496088165684355
1441.00000000000000000000 0.99001223760174383859
1442.00000000000000000000 0.99003235129867439568
1443.00000000000000000000 0.99001159050117393257
1444.00000000000000000000 0.98995624373796842210
1445.00000000000000000000 0.98987259953778328203
1446.00000000000000000000 0.98976694642934448520
1447.00000000000000000000 0.98964557294137711629
1448.00000000000000000000 0.98951476760260703713
1449.00000000000000000000 0.98938035598299867157
1450.00000000000000000000 0.98924631181747102460
1451.00000000000000000000 0.98911614588218188526
1452.00000000000000000000 0.98899336895328948671
1453.00000000000000000000 0.98888149180695161800
1454.00000000000000000000 0.98878402521932595715
1455.00000000000000000000 0.98870447996657051526
1456.00000000000000000000 0.98864636682484285934
1457.00000000000000000000 0.98861175297391379324
1458.00000000000000000000 0.98859693120800207211
1459.00000000000000000000 0.98859675072493924386
1460.00000000000000000000 0.98860606072255730048
1461.00000000000000000000 0.98861971039868745681
1462.00000000000000000000 0.98863254895116137178
1463.00000000000000000000 0.98863942557781059328
1464.00000000000000000000 0.98863518947646689128
1465.00000000000000000000 0.98861345576138504043
1466.00000000000000000000 0.98856290321251427677
1467.00000000000000000000 0.98847097652622717412
1468.00000000000000000000 0.98832512039889641731
1469.00000000000000000000 0.98811277952689446913
1470.00000000000000000000 0.98782139860659401442
1471.00000000000000000000 0.98743842233436762701
1472.00000000000000000000 0.98695129540658799172
1473.00000000000000000000 0.98635569541153522710
1474.00000000000000000000 0.98568023150512118491
1475.00000000000000000000 0.98496174573516503958
1476.00000000000000000000 0.98423708014948596556
1477.00000000000000000000 0.98354307679590358138
1478.00000000000000000000 0.98291657772223683942
1479.00000000000000000000 0.98239442497630524720
1480.00000000000000000000 0.98201346060592797915
1481.00000000000000000000 0.98179902469039770363
1482.00000000000000000000 0.98173044943489984338
1483.00000000000000000000 0.98177556507609287095
1484.00000000000000000000 0.98190220185063548097
1485.00000000000000000000 0.98207818999518659009
1486.00000000000000000000 0.98227135974640422678
1487.00000000000000000000 0.98244954134094752973
1488.00000000000000000000 0.98258056501547497152
1489.00000000000000000000 0.98264055457302945662
1490.00000000000000000000 0.98263880808219150609
1491.00000000000000000000 0.98259291717792596188
1492.00000000000000000000 0.98252047349519744390
1493.00000000000000000000 0.98243906866897068308
1494.00000000000000000000 0.98236629433421085444
1495.00000000000000000000 0.98231974212588224482
1496.00000000000000000000 0.98231700367895002923
1497.00000000000000000000 0.98237287153274388540
1498.00000000000000000000 0.98249094184405461050
1499.00000000000000000000 0.98267201167403794848
1500.00000000000000000000 0.98291687808384975433
1501.00000000000000000000 0.98322633813464566099
1502.00000000000000000000 0.98360118888758152345
1503.00000000000000000000 0.98404222740381341872
1504.00000000000000000000 0.98455025074449697975
1505.00000000000000000000 0.98512385986093553569
1506.00000000000000000000 0.98575287126502375568
1507.00000000000000000000 0.98642490535880400504
1508.00000000000000000000 0.98712758254431831606
1509.00000000000000000000 0.98784852322360916510
1510.00000000000000000000 0.98857534779871836239
1511.00000000000000000000 0.98929567667168860634
1512.00000000000000000000 0.98999713024456204025
1513.00000000000000000000 0.99066886495240180643
1514.00000000000000000000 0.99130618136235648663
1515.00000000000000000000 0.99190591607459532852
1516.00000000000000000000 0.99246490568928802389
1517.00000000000000000000 0.99297998680660393145
1518.00000000000000000000 0.99344799602671207683
1519.00000000000000000000 0.99386576994978281796
1520.00000000000000000000 0.99423014517598495843
1521.00000000000000000000 0.99454122379735687698
1522.00000000000000000000 0.99481216987341247737
1523.00000000000000000000 0.99505941295553501647
1524.00000000000000000000 0.99529938259510652987
1525.00000000000000000000 0.99554850834351027444
1526.00000000000000000000 0.99582321975212906295
1527.00000000000000000000 0.99613994637234515306
1528.00000000000000000000 0.99651511775554191264
1529.00000000000000000000 0.99696112842992512526
1530.00000000000000000000 0.99747423283099423408
1531.00000000000000000000 0.99804665037107176406
1532.00000000000000000000 0.99867060046248057326
1533.00000000000000000000 0.99933830251754329765
1534.00000000000000000000 1.00004197594858257325
1535.00000000000000000000 1.00077384016792092503
1536.00000000000000000000 1.00152611458788109999
1537.00000000000000000000 1.00228856778857644549
1538.00000000000000000000 1.00304116502128159993
1539.00000000000000000000 1.00376142070506291226
1540.00000000000000000000 1.00442684925898517712
1541.00000000000000000000 1.00501496510211474344
1542.00000000000000000000 1.00550328265351662793
1543.00000000000000000000 1.00586931633225695748
1544.00000000000000000000 1.00609058055740097082
1545.00000000000000000000 1.00615411519204944746
1546.00000000000000000000 1.00608506187544199939
1547.00000000000000000000 1.00591808769085377939
1548.00000000000000000000 1.00568785972155949615
1549.00000000000000000000 1.00542904505083408040
1550.00000000000000000000 1.00517631076195246287
1551.00000000000000000000 1.00496432393818890816
1552.00000000000000000000 1.00482775166281901313
1553.00000000000000000000 1.00479284091785481259
1554.00000000000000000000 1.00485215828025831186
1555.00000000000000000000 1.00498985022572995263
1556.00000000000000000000 1.00519006322996951042
1557.00000000000000000000 1.00543694376867653872
1558.00000000000000000000 1.00571463831755147922
1559.00000000000000000000 1.00600729335229410744
1560.00000000000000000000 1.00629905534860397687
1561.00000000000000000000 1.00657433863901735194
1562.00000000000000000000 1.00681862898341667467
1563.00000000000000000000 1.00701767999851954372
1564.00000000000000000000 1.00715724530104400181
1565.00000000000000000000 1.00722307850770853577
1566.00000000000000000000 1.00720093323523118833
1567.00000000000000000000 1.00707656310033000224
1568.00000000000000000000 1.00683572171972324227
1569.00000000000000000000 1.00647342393167105179
1570.00000000000000000000 1.00602172946060197667
1571.00000000000000000000 1.00552195925248666342
1572.00000000000000000000 1.00501543425329575854
1573.00000000000000000000 1.00454347540899968649
1574.00000000000000000000 1.00414740366556953788
1575.00000000000000000000 1.00386853996897529306
1576.00000000000000000000 1.00374820526518804265
1577.00000000000000000000 1.00381485882423615585
1578.00000000000000000000 1.00404551321237889283
1579.00000000000000000000 1.00440431931993412462
1580.00000000000000000000 1.00485542803721905614
1581.00000000000000000000 1.00536299025455111433
1582.00000000000000000000 1.00589115686224750412
1583.00000000000000000000 1.00640407875062609655
1584.00000000000000000000 1.00686590681000387448
1585.00000000000000000000 1.00724825503299064700
1586.00000000000000000000 1.00755258982136419732
1587.00000000000000000000 1.00778784067919491285
1588.00000000000000000000 1.00796293711055251485
1589.00000000000000000000 1.00808680861950694663
1590.00000000000000000000 1.00816838471012837353
1591.00000000000000000000 1.00821659488648718295
1592.00000000000000000000 1.00824036865265309615
1593.00000000000000000000 1.00824735314996161151
1594.00000000000000000000 1.00824006606881044767
1595.00000000000000000000 1.00821974273686287837
1596.00000000000000000000 1.00818761848178173324
1597.00000000000000000000 1.00814492863122984190
1598.00000000000000000000 1.00809290851287092217
1599.00000000000000000000 1.00803279345436758163
1600.00000000000000000000 1.00796581878338309401
1601.00000000000000000000 1.00789215582885050004
1602.00000000000000000000 1.00780771992478257459
1603.00000000000000000000 1.00770736240646296977
1604.00000000000000000000 1.00758593460917422746
1605.00000000000000000000 1.00743828786819977772
1606.00000000000000000000 1.00725927351882260652
1607.00000000000000000000 1.00704374289632569983
1608.00000000000000000000 1.00678654733599204363
1609.00000000000000000000 1.00648859712558813584
1610.00000000000000000000 1.00617503836281518836
1611.00000000000000000000 1.00587707609785703688
1612.00000000000000000000 1.00562591538089818322
1613.00000000000000000000 1.00545276126212268508
1614.00000000000000000000 1.00538881879171504430
1615.00000000000000000000 1.00546529301985954064
1616.00000000000000000000 1.00571338899674023182
1617.00000000000000000000 1.00615256553903842374
1618.00000000000000000000 1.00675529652942330472
1619.00000000000000000000 1.00748230961706108921
1620.00000000000000000000 1.00829433245111799167
1621.00000000000000000000 1.00915209268076000448
1622.00000000000000000000 1.01001631795515334211
1623.00000000000000000000 1.01084773592346444104
1624.00000000000000000000 1.01160707423485907164
1625.00000000000000000000 1.01226036150492504362
1626.00000000000000000000 1.01279483021493588168
1627.00000000000000000000 1.01320301381258759399
1628.00000000000000000000 1.01347744574557441233
1629.00000000000000000000 1.01361065946159256690
1630.00000000000000000000 1.01359518840833717768
1631.00000000000000000000 1.01342356603350314259
1632.00000000000000000000 1.01308832578478602571
1633.00000000000000000000 1.01259073734199089856
1634.00000000000000000000 1.01196701531336308300
1635.00000000000000000000 1.01126211053925785244
1636.00000000000000000000 1.01052097386003003621
1637.00000000000000000000 1.00978855611603490772
1638.00000000000000000000 1.00910980814762751834
1639.00000000000000000000 1.00852968079516314148
1640.00000000000000000000 1.00809312489899682852
1641.00000000000000000000 1.00783009801765288671
1642.00000000000000000000 1.00771058458233131461
1643.00000000000000000000 1.00768957574240158870
1644.00000000000000000000 1.00772206264723318547
1645.00000000000000000000 1.00776303644619535937
1646.00000000000000000000 1.00776748828865736485
1647.00000000000000000000 1.00769040932398845634
1648.00000000000000000000 1.00748679070155811033
1649.00000000000000000000 1.00712414493724389253
1650.00000000000000000000 1.00662007001295639164
1651.00000000000000000000 1.00600468527711406352
1652.00000000000000000000 1.00530811007813536406
1653.00000000000000000000 1.00456046376443985935
1654.00000000000000000000 1.00379186568444556116
1655.00000000000000000000 1.00303243518657136946
1656.00000000000000000000 1.00231229161923596216
1657.00000000000000000000 1.00165864744357135940
1658.00000000000000000000 1.00108708757156250613
1659.00000000000000000000 1.00061029002790768949
1660.00000000000000000000 1.00024093283730519666
1661.00000000000000000000 0.99999169402445298172
1662.00000000000000000000 0.99987525161404933183
1663.00000000000000000000 0.99990428363079264518
1664.00000000000000000000 1.00009146809938087586
1665.00000000000000000000 1.00043827716508348935
1666.00000000000000000000 1.00090135945545322116
1667.00000000000000000000 1.00142615771861387408
1668.00000000000000000000 1.00195811470268902887
1669.00000000000000000000 1.00244267315580271038
1670.00000000000000000000 1.00282527582607849936
1671.00000000000000000000 1.00305136546164042066
1672.00000000000000000000 1.00306638481061205503
1673.00000000000000000000 1.00283259998972384963
1674.00000000000000000000 1.00237957059013127470
1675.00000000000000000000 1.00175367957159622279
1676.00000000000000000000 1.00100130989388125258
1677.00000000000000000000 1.00016884451674803458
1678.00000000000000000000 0.99930266639995868339
1679.00000000000000000000 0.99844915850327542461
1680.00000000000000000000 0.99765470378646003979
1681.00000000000000000000 0.99696035242361735751
1682.00000000000000000000 0.99638582344622184106
1683.00000000000000000000 0.99594550310009066774
1684.00000000000000000000 0.99565377763104079278
1685.00000000000000000000 0.99552503328488950451
1686.00000000000000000000 0.99557365630745364715
1687.00000000000000000000 0.99581403294455050901
1688.00000000000000000000 0.99626054944199715635
1689.00000000000000000000 0.99691482780415963116
1690.00000000000000000000 0.99772743306960054444
1691.00000000000000000000 0.99863616603543159389
1692.00000000000000000000 0.99957882749876436623
1693.00000000000000000000 1.00049321825671033714
1694.00000000000000000000 1.00131713910638153742
1695.00000000000000000000 1.00198839084488877660
1696.00000000000000000000 1.00244477426934430753
1697.00000000000000000000 1.00264168991439217571
1698.00000000000000000000 1.00260493726480737209
1699.00000000000000000000 1.00237791554289801255
1700.00000000000000000000 1.00200402397097110274
1701.00000000000000000000 1.00152666177133498060
1702.00000000000000000000 1.00098922816629687382
1703.00000000000000000000 1.00043512237816445420
1704.00000000000000000000 0.99990774362924583762
1705.00000000000000000000 0.99944168940761635156
1706.00000000000000000000 0.99903635026442372258
1707.00000000000000000000 0.99868231501658399907
1708.00000000000000000000 0.99837017248101211919
1709.00000000000000000000 0.99809051147462446441
1710.00000000000000000000 0.99783392081433675003
1711.00000000000000000000 0.99759098931706446933
1712.00000000000000000000 0.99735230579972311560
1713.00000000000000000000 0.99710922305923244124
1714.00000000000000000000 0.99685614981252501643
1715.00000000000000000000 0.99658825875653833659
1716.00000000000000000000 0.99630072258820912001
1717.00000000000000000000 0.99598871400447386293
1718.00000000000000000000 0.99564740570226994976
1719.00000000000000000000 0.99527197037853354367
1720.00000000000000000000 0.99485758073020191805
1721.00000000000000000000 0.99440249429890426036
1722.00000000000000000000 0.99391730800503952370
1723.00000000000000000000 0.99341570361369901931
1724.00000000000000000000 0.99291136288997416948
1725.00000000000000000000 0.99241796759895628544
1726.00000000000000000000 0.99194919950573701151
1727.00000000000000000000 0.99151874037540743689
1728.00000000000000000000 0.99114027197305909489
1729.00000000000000000000 0.99082580380588658464
1730.00000000000000000000 0.99058065634949854505
1731.00000000000000000000 0.99040847782160656987
1732.00000000000000000000 0.99031291643992247486
1733.00000000000000000000 0.99029762042215807583
1734.00000000000000000000 0.99036623798602474444
1735.00000000000000000000 0.99052241734923496264
1736.00000000000000000000 0.99076980672949988005
1737.00000000000000000000 0.99110710247284217189
1738.00000000000000000000 0.99151319343852539756
1739.00000000000000000000 0.99196201661412464201
1740.00000000000000000000 0.99242750898721399100
1741.00000000000000000000 0.99288360754536819641
1742.00000000000000000000 0.99330424927616178810
1743.00000000000000000000 0.99366337116716929589
1744.00000000000000000000 0.99393491020596491659
1745.00000000000000000000 0.99409900806430806508
1746.00000000000000000000 0.99416062515069369976
1747.00000000000000000000 0.99413092655780177509
1748.00000000000000000000 0.99402107737831224554
1749.00000000000000000000 0.99384224270490462150
1750.00000000000000000000 0.99360558763025896845
1751.00000000000000000000 0.99332227724705479677
1752.00000000000000000000 0.99300347664797194991
1753.00000000000000000000 0.99266070824297036879
1754.00000000000000000000 0.99230692371112916295
1755.00000000000000000000 0.99195543204880920474
1756.00000000000000000000 0.99161954225236936811
1757.00000000000000000000 0.99131256331816963723
1758.00000000000000000000 0.99104780424256988525
1759.00000000000000000000 0.99083857402192976327
1760.00000000000000000000 0.99069818165260903342
1761.00000000000000000000 0.99063613304322062358
1762.00000000000000000000 0.99064672175138945853
1763.00000000000000000000 0.99072043824699351777
1764.00000000000000000000 0.99084777299991089183
1765.00000000000000000000 0.99101921648001978227
1766.00000000000000000000 0.99122525915719805756
1767.00000000000000000000 0.99145639150132369721
1768.00000000000000000000 0.99170310398227501381
1769.00000000000000000000 0.99195815408261400759
1770.00000000000000000000 0.99222336733563931688
1771.00000000000000000000 0.99250283628733348973
1772.00000000000000000000 0.99280065348367962930
1773.00000000000000000000 0.99312091147065995056
1774.00000000000000000000 0.99346770279425766770
1775.00000000000000000000 0.99384512000045499569
1776.00000000000000000000 0.99425725563523492667
1777.00000000000000000000 0.99470641115162539148
1778.00000000000000000000 0.99518772363083407573
1779.00000000000000000000 0.99569453906111426988
1780.00000000000000000000 0.99622020343071915338
1781.00000000000000000000 0.99675806272790190565
1782.00000000000000000000 0.99730146294091559511
1783.00000000000000000000 0.99784375005801306813
1784.00000000000000000000 0.99837827006744794822
1785.00000000000000000000 0.99889729781840319589
1786.00000000000000000000 0.99938882360378455960
1787.00000000000000000000 0.99983976657742734684
1788.00000000000000000000 1.00023704589316753122
1789.00000000000000000000 1.00056758070484064227
1790.00000000000000000000 1.00081829016628209850
1791.00000000000000000000 1.00097609343132765147
1792.00000000000000000000 1.00102790965381305277
1793.00000000000000000000 1.00096669875837207542
1794.00000000000000000000 1.00080958375283257666
1795.00000000000000000000 1.00057972841581932499
1796.00000000000000000000 1.00030029652595842116
1797.00000000000000000000 0.99999445186187563284
1798.00000000000000000000 0.99968535820219639465
1799.00000000000000000000 0.99939617932554614121
1800.00000000000000000000 0.99915007901055075124
1801.00000000000000000000 0.99896657594618210041
1802.00000000000000000000 0.99885060846279782876
1803.00000000000000000000 0.99880346980110190636
1804.00000000000000000000 0.99882645320179874737
1805.00000000000000000000 0.99892085190559187780
1806.00000000000000000000 0.99908795915318571179
1807.00000000000000000000 0.99932906818528399739
1808.00000000000000000000 0.99964547224259103775
1809.00000000000000000000 1.00003245325674039456
1810.00000000000000000000 1.00046124792308521734
1811.00000000000000000000 1.00089708162790769208
1812.00000000000000000000 1.00130517975749122606
1813.00000000000000000000 1.00165076769811811630
1814.00000000000000000000 1.00189907083607065985
1815.00000000000000000000 1.00201531455763226397
1816.00000000000000000000 1.00196472424908500365
1817.00000000000000000000 1.00172781804841659614
1818.00000000000000000000 1.00134628510043288685
1819.00000000000000000000 1.00087710730164558548
1820.00000000000000000000 1.00037726654856506947
1821.00000000000000000000 0.99990374473770238239
1822.00000000000000000000 0.99951352376556856782
1823.00000000000000000000 0.99926358552867489138
1824.00000000000000000000 0.99921091192353184152
1825.00000000000000000000 0.99939350050706476924
1826.00000000000000000000 0.99977341147785447895
1827.00000000000000000000 1.00029372069489608243
1828.00000000000000000000 1.00089750401718458050
1829.00000000000000000000 1.00152783730371508497
1830.00000000000000000000 1.00212779641348226356
1831.00000000000000000000 1.00264045720548167218
1832.00000000000000000000 1.00300889553870797855
1833.00000000000000000000 1.00319130715288706845
1834.00000000000000000000 1.00320636731066659131
1835.00000000000000000000 1.00308787115542608070
1836.00000000000000000000 1.00286961383054396002
1837.00000000000000000000 1.00258539047939909672
1838.00000000000000000000 1.00226899624537058031
1839.00000000000000000000 1.00195422627183683417
1840.00000000000000000000 1.00167487570217672577
1841.00000000000000000000 1.00145829711890632652
1842.00000000000000000000 1.00130607286108830323
1843.00000000000000000000 1.00121334270692297075
1844.00000000000000000000 1.00117524643460997780
1845.00000000000000000000 1.00118692382234963922
1846.00000000000000000000 1.00124351464834160375
1847.00000000000000000000 1.00134015869078618621
1848.00000000000000000000 1.00147199572788325739
1849.00000000000000000000 1.00163430387276797262
1850.00000000000000000000 1.00182291457831618153
1851.00000000000000000000 1.00203379763234012856
1852.00000000000000000000 1.00226292282265050382
1853.00000000000000000000 1.00250625993705910766
1854.00000000000000000000 1.00275977876337751837
1855.00000000000000000000 1.00301944908941687018
1856.00000000000000000000 1.00328124070298896342
1857.00000000000000000000 1.00354020095290330516
1858.00000000000000000000 1.00378768743196467028
1859.00000000000000000000 1.00401413529397576241
1860.00000000000000000000 1.00420997969273972927
1861.00000000000000000000 1.00436565578205949656
1862.00000000000000000000 1.00447159871573776790
1863.00000000000000000000 1.00451824364757769104
1864.00000000000000000000 1.00449602573138196959
1865.00000000000000000000 1.00440149879044948733
1866.00000000000000000000 1.00425569132606140599
1867.00000000000000000000 1.00408575050899484538
1868.00000000000000000000 1.00391882351002648122
1869.00000000000000000000 1.00378205749993343332
1870.00000000000000000000 1.00370259964949259945
1871.00000000000000000000 1.00370759712948109943
1872.00000000000000000000 1.00382419711067583101
1873.00000000000000000000 1.00406830201273677972
1874.00000000000000000000 1.00441083525085539385
1875.00000000000000000000 1.00481147548910643152
1876.00000000000000000000 1.00522990139156398470
1877.00000000000000000000 1.00562579162230325558
1878.00000000000000000000 1.00595882484539833612
1879.00000000000000000000 1.00618867972492376239
1880.00000000000000000000 1.00627503492495429249
1881.00000000000000000000 1.00619065581476885285
1882.00000000000000000000 1.00596065458446615182
1883.00000000000000000000 1.00562323012934906608
1884.00000000000000000000 1.00521658134472047230
1885.00000000000000000000 1.00477890712588369126
1886.00000000000000000000 1.00434840636814137760
1887.00000000000000000000 1.00396327796679685207
1888.00000000000000000000 1.00366172081715276931
1889.00000000000000000000 1.00347185207598621481
1890.00000000000000000000 1.00338146194596511407
1891.00000000000000000000 1.00336825889123315569
1892.00000000000000000000 1.00340995137593225195
1893.00000000000000000000 1.00348424786420475918
1894.00000000000000000000 1.00356885682019325579
1895.00000000000000000000 1.00364148670804009811
1896.00000000000000000000 1.00367984599188808659
1897.00000000000000000000 1.00366798123342304550
1898.00000000000000000000 1.00361529138450822352
1899.00000000000000000000 1.00353751349454989317
1900.00000000000000000000 1.00345038461295432697
1901.00000000000000000000 1.00336964178912846357
1902.00000000000000000000 1.00331102207247857550
1903.00000000000000000000 1.00329026251241182344
1904.00000000000000000000 1.00332310015833403583
1905.00000000000000000000 1.00342045967527959682
1906.00000000000000000000 1.00357401619079422694
1907.00000000000000000000 1.00377063244804998199
1908.00000000000000000000 1.00399717119022002798
1909.00000000000000000000 1.00424049516047686481
1910.00000000000000000000 1.00448746710199321441
1911.00000000000000000000 1.00472494975794246486
1912.00000000000000000000 1.00493980587149667194
1913.00000000000000000000 1.00512046820207712194
1914.00000000000000000000 1.00526164957409425149
1915.00000000000000000000 1.00535963282820817177
1916.00000000000000000000 1.00541070080507743967
1917.00000000000000000000 1.00541113634536127819
1918.00000000000000000000 1.00535722228971868830
1919.00000000000000000000 1.00524524147880933711
1920.00000000000000000000 1.00507147675329200354
1921.00000000000000000000 1.00483345542487256807
1922.00000000000000000000 1.00453368268944354114
1923.00000000000000000000 1.00417590821394409062
1924.00000000000000000000 1.00376388166531338442
1925.00000000000000000000 1.00330135271049081247
1926.00000000000000000000 1.00279207101641554267
1927.00000000000000000000 1.00223978625002696496
1928.00000000000000000000 1.00164824807826380315
1929.00000000000000000000 1.00102577908858947353
1930.00000000000000000000 1.00039899355056216557
1931.00000000000000000000 0.99979907865426342894
1932.00000000000000000000 0.99925722158977559051
1933.00000000000000000000 0.99880460954718042199
1934.00000000000000000000 0.99847242971655991717
1935.00000000000000000000 0.99829186928799606981
1936.00000000000000000000 0.99829411545157076269
1937.00000000000000000000 0.99849563378137662362
1938.00000000000000000000 0.99885400338754792848
1939.00000000000000000000 0.99931208176423036438
1940.00000000000000000000 0.99981272640556873021
1941.00000000000000000000 1.00029879480570826900
1942.00000000000000000000 1.00071314445879400168
1943.00000000000000000000 1.00099863285897150433
1944.00000000000000000000 1.00109811750038568690
1945.00000000000000000000 1.00097401681970188392
1946.00000000000000000000 1.00066699302366557411
1947.00000000000000000000 1.00023726926154221673
1948.00000000000000000000 0.99974506868259704895
1949.00000000000000000000 0.99925061443609597411
1950.00000000000000000000 0.99881412967130445146
1951.00000000000000000000 0.99849583753748794024
1952.00000000000000000000 0.99835596118391189968
1953.00000000000000000000 0.99843477285679016475
1954.00000000000000000000 0.99869274119012896307
1955.00000000000000000000 0.99907038391488267592
1956.00000000000000000000 0.99950821876200590665
1957.00000000000000000000 0.99994676346245314758
1958.00000000000000000000 1.00032653574717889100
1959.00000000000000000000 1.00058805334713718516
1960.00000000000000000000 1.00067183399328318849
1961.00000000000000000000 1.00053676294732274421
1962.00000000000000000000 1.00021519559397042975
1963.00000000000000000000 0.99975785484869195141
1964.00000000000000000000 0.99921546362695368160
1965.00000000000000000000 0.99863874484422165967
1966.00000000000000000000 0.99807842141596192498
1967.00000000000000000000 0.99758521625764073892
1968.00000000000000000000 0.99720985228472391881
1969.00000000000000000000 0.99698986266476397056
1970.00000000000000000000 0.99691002157365760095
1971.00000000000000000000 0.99694191343938765026
1972.00000000000000000000 0.99705712268993740288
1973.00000000000000000000 0.99722723375328969908
1974.00000000000000000000 0.99742383105742760119
1975.00000000000000000000 0.99761849903033394948
1976.00000000000000000000 0.99778282209999191732
1977.00000000000000000000 0.99789384434303551874
1978.00000000000000000000 0.99795044843070468410
1979.00000000000000000000 0.99795697668289051752
1980.00000000000000000000 0.99791777141948379004
1981.00000000000000000000 0.99783717496037560579
1982.00000000000000000000 0.99771952962545717991
1983.00000000000000000000 0.99756917773461939447
1984.00000000000000000000 0.99739046160775302052
1985.00000000000000000000 0.99718852061259355413
1986.00000000000000000000 0.99697168230825228274
1987.00000000000000000000 0.99674907130168499680
1988.00000000000000000000 0.99652981219984726469
1989.00000000000000000000 0.99632302960969487682
1990.00000000000000000000 0.99613784813818329056
1991.00000000000000000000 0.99598339239226807429
1992.00000000000000000000 0.99586878697890512946
1993.00000000000000000000 0.99580105462256918170
1994.00000000000000000000 0.99577881051781291788
1995.00000000000000000000 0.99579856797670773805
1996.00000000000000000000 0.99585684031132548633
1997.00000000000000000000 0.99595014083373789582
1998.00000000000000000000 0.99607498285601669963
1999.00000000000000000000 0.99622787969023340882
2000.00000000000000000000 0.99640534464845997853
2001.00000000000000000000 0.99660063343597615759
2002.00000000000000000000 0.99679397133089242544
2003.00000000000000000000 0.99696232600452794337
2004.00000000000000000000 0.99708266512820176164
2005.00000000000000000000 0.99713195637323248643
2006.00000000000000000000 0.99708716741093927904
2007.00000000000000000000 0.99692526591264085667
2008.00000000000000000000 0.99662321954965604753
2009.00000000000000000000 0.99617094035354847303
2010.00000000000000000000 0.99561011779686026113
2011.00000000000000000000 0.99499538571237766682
2012.00000000000000000000 0.99438137793288783328
2013.00000000000000000000 0.99382272829117668245
2014.00000000000000000000 0.99337407062003180158
2015.00000000000000000000 0.99309003875223911262
2016.00000000000000000000 0.99302526652058520362
2017.00000000000000000000 0.99321544361149460833
2018.00000000000000000000 0.99362048312594120070
2019.00000000000000000000 0.99418135401853668931
2020.00000000000000000000 0.99483902524389211663
2021.00000000000000000000 0.99553446575661974638
2022.00000000000000000000 0.99620864451133039896
2023.00000000000000000000 0.99680253046263622707
2024.00000000000000000000 0.99725709256514816214
2025.00000000000000000000 0.99752782749920199112
2026.00000000000000000000 0.99762834284802759388
2027.00000000000000000000 0.99758677392057804045
2028.00000000000000000000 0.99743125602580773315
2029.00000000000000000000 0.99718992447266996404
2030.00000000000000000000 0.99689091457011858033
2031.00000000000000000000 0.99656236162710698512
2032.00000000000000000000 0.99623240095258902560
2033.00000000000000000000 0.99592916785551865999
2034.00000000000000000000 0.99568079764484873628
2035.00000000000000000000 0.99551542562953376780
2036.00000000000000000000 0.99546118711852682459
2037.00000000000000000000 0.99554621742078186486
2038.00000000000000000000 0.99579865184525240274
2039.00000000000000000000 0.99624662570089228542
2040.00000000000000000000 0.99691827429665502702
2041.00000000000000000000 0.99784173294149436373
2042.00000000000000000000 0.99904513694436380966
2043.00000000000000000000 1.00055662161421721201
2044.00000000000000000000 1.00240432226000786287
2045.00000000000000000000 1.00461637419069016453
2046.00000000000000000000 1.00722091271521696498
2047.00000000000000000000 1.01024607314254222246
