0.00000000000000000000 256.00000000000000000000
1.00000000000000000000 0.00387192587368200003
2.00000000000000000000 0.00305660257193600014
3.00000000000000000000 0.00447367607719400141
4.00000000000000000000 0.00467693991959100119
5.00000000000000000000 0.00723663998274700054
6.00000000000000000000 0.00670148091157900163
7.00000000000000000000 0.00822583757425600186
8.00000000000000000000 0.01450339797884200171
9.00000000000000000000 0.02274256609380199967
10.00000000000000000000 0.02955767452236099727
11.00000000000000000000 0.05837135455187599659
12.00000000000000000000 0.12423614843895600113
13.00000000000000000000 0.32123984193260002318
14.00000000000000000000 0.75167844905739689132
15.00000000000000000000 1.51039077119624409740
16.00000000000000000000 2.68597434997558615066
17.00000000000000000000 2.76496707765679605728
18.00000000000000000000 2.38516999113148653322
19.00000000000000000000 1.42144596856087401804
20.00000000000000000000 0.93358636104454395532
21.00000000000000000000 0.62423897421721297185
22.00000000000000000000 0.49512337601703099166
23.00000000000000000000 0.43517798527672502118
24.00000000000000000000 0.43297053797122792007
25.00000000000000000000 0.49390414871630194948
26.00000000000000000000 0.57311984438162610900
27.00000000000000000000 0.68373693470601704103
28.00000000000000000000 0.84521220797716212214
29.00000000000000000000 0.99593729861489987965
30.00000000000000000000 1.14201820809013998570
31.00000000000000000000 1.27729165675688793868
32.00000000000000000000 1.40111635579276283536
33.00000000000000000000 1.40968438267707796285
34.00000000000000000000 1.38175432291706101751
35.00000000000000000000 1.25280604298625708459
36.00000000000000000000 1.13638019363085374103
37.00000000000000000000 0.99104624678348685052
38.00000000000000000000 0.87044848228494287046
39.00000000000000000000 0.80902223101183090570
40.00000000000000000000 0.77708692527734302136
41.00000000000000000000 0.76275934390167710042
42.00000000000000000000 0.79888574645590426648
43.00000000000000000000 0.84955955888418599464
44.00000000000000000000 0.90598203230450180534
45.00000000000000000000 0.95078423187352578694
46.00000000000000000000 1.03252210534852073565
47.00000000000000000000 1.07274601137951797192
48.00000000000000000000 1.11687466343243890776
49.00000000000000000000 1.16068762148681403623
50.00000000000000000000 1.15249513246511225972
51.00000000000000000000 1.12969861156451778506
52.00000000000000000000 1.08995417824813323193
53.00000000000000000000 1.05217076341311077670
54.00000000000000000000 0.99188485633896106286
55.00000000000000000000 0.95583690356376604935
56.00000000000000000000 0.93403284720012091924
57.00000000000000000000 0.91875923240697487948
58.00000000000000000000 0.90682468550831196730
59.00000000000000000000 0.91606822229446205341
60.00000000000000000000 0.93099949778394486266
61.00000000000000000000 0.95197207476808598514
62.00000000000000000000 0.97453820372515498338
63.00000000000000000000 0.99723163609782194960
64.00000000000000000000 1.02641247357558329512
65.00000000000000000000 1.04889539650508289981
66.00000000000000000000 1.06728725894181786238
67.00000000000000000000 1.06931241348385830392
68.00000000000000000000 1.06626370367309908360
69.00000000000000000000 1.04703647422569767755
70.00000000000000000000 1.02041267080787978472
71.00000000000000000000 1.00225959917796503262
72.00000000000000000000 0.98549087058033890685
73.00000000000000000000 0.96440811566844397706
74.00000000000000000000 0.95872162482818601426
75.00000000000000000000 0.95791379560398115522
76.00000000000000000000 0.95849805190914993958
77.00000000000000000000 0.95926202344894395679
78.00000000000000000000 0.97620459401705206304
79.00000000000000000000 0.99223798041542399240
80.00000000000000000000 1.00055990347349310632
81.00000000000000000000 1.02377769933082207743
82.00000000000000000000 1.03313356213844720344
83.00000000000000000000 1.02947297879943100440
84.00000000000000000000 1.02663456473965197802
85.00000000000000000000 1.02967779066926001796
86.00000000000000000000 1.01397302130559285871
87.00000000000000000000 0.99733905876156203618
88.00000000000000000000 0.99535456557067991668
89.00000000000000000000 0.99272762808120906808
90.00000000000000000000 0.98994496088165684355
91.00000000000000000000 0.98864636682484285934
92.00000000000000000000 0.98695129540658799172
93.00000000000000000000 0.98258056501547497152
94.00000000000000000000 0.98455025074449697975
95.00000000000000000000 0.99423014517598495843
96.00000000000000000000 1.00152611458788109999
97.00000000000000000000 1.00482775166281901313
98.00000000000000000000 1.00683572171972324227
99.00000000000000000000 1.00686590681000387448
100.00000000000000000000 1.00796581878338309401
101.00000000000000000000 1.00571338899674023182
102.00000000000000000000 1.01308832578478602571
103.00000000000000000000 1.00748679070155811033
104.00000000000000000000 1.00009146809938087586
105.00000000000000000000 0.99765470378646003979
106.00000000000000000000 1.00244477426934430753
107.00000000000000000000 0.99735230579972311560
108.00000000000000000000 0.99114027197305909489
109.00000000000000000000 0.99393491020596491659
110.00000000000000000000 0.99069818165260903342
111.00000000000000000000 0.99425725563523492667
112.00000000000000000000 1.00102790965381305277
113.00000000000000000000 0.99964547224259103775
114.00000000000000000000 0.99921091192353184152
115.00000000000000000000 1.00167487570217672577
116.00000000000000000000 1.00328124070298896342
117.00000000000000000000 1.00382419711067583101
118.00000000000000000000 1.00366172081715276931
119.00000000000000000000 1.00332310015833403583
120.00000000000000000000 1.00507147675329200354
121.00000000000000000000 0.99829411545157076269
122.00000000000000000000 0.99835596118391189968
123.00000000000000000000 0.99720985228472391881
124.00000000000000000000 0.99739046160775302052
125.00000000000000000000 0.99640534464845997853
126.00000000000000000000 0.99302526652058520362
127.00000000000000000000 0.99623240095258902560
