0.00000000000000000000 64.00000000000000000000
1.00000000000000000000 0.00305660257193600014
2.00000000000000000000 0.00467693991959100032
3.00000000000000000000 0.00670148091157899990
4.00000000000000000000 0.01450339797884199998
5.00000000000000000000 0.02955767452236100074
6.00000000000000000000 0.12423614843895600113
7.00000000000000000000 0.75167844905739700234
8.00000000000000000000 2.68597434997558615066
9.00000000000000000000 2.38516999113148697731
10.00000000000000000000 0.93358636104454395532
11.00000000000000000000 0.49512337601703099166
12.00000000000000000000 0.43297053797122797558
13.00000000000000000000 0.57311984438162599798
14.00000000000000000000 0.84521220797716201112
15.00000000000000000000 1.14201820809013998570
16.00000000000000000000 1.40111635579276305741
17.00000000000000000000 1.38175432291706101751
18.00000000000000000000 1.13638019363085396307
19.00000000000000000000 0.87044848228494298148
20.00000000000000000000 0.77708692527734302136
21.00000000000000000000 0.79888574645590404444
22.00000000000000000000 0.90598203230450202739
23.00000000000000000000 1.03252210534852095769
24.00000000000000000000 1.11687466343243890776
25.00000000000000000000 1.15249513246511203768
26.00000000000000000000 1.08995417824813300989
27.00000000000000000000 0.99188485633896095184
28.00000000000000000000 0.93403284720012103026
29.00000000000000000000 0.90682468550831196730
30.00000000000000000000 0.93099949778394497368
31.00000000000000000000 0.97453820372515498338
32.00000000000000000000 1.02641247357558307307
33.00000000000000000000 1.06728725894181808442
34.00000000000000000000 1.06626370367309908360
35.00000000000000000000 1.02041267080788000676
36.00000000000000000000 0.98549087058033901787
37.00000000000000000000 0.95872162482818601426
38.00000000000000000000 0.95849805190915005060
39.00000000000000000000 0.97620459401705195202
40.00000000000000000000 1.00055990347349310632
41.00000000000000000000 1.03313356213844698139
42.00000000000000000000 1.02663456473965197802
43.00000000000000000000 1.01397302130559308075
44.00000000000000000000 0.99535456557068002770
45.00000000000000000000 0.98994496088165695458
46.00000000000000000000 0.98695129540658799172
47.00000000000000000000 0.98455025074449697975
48.00000000000000000000 1.00152611458788109999
49.00000000000000000000 1.00683572171972302023
50.00000000000000000000 1.00796581878338309401
51.00000000000000000000 1.01308832578478602571
52.00000000000000000000 1.00009146809938109790
53.00000000000000000000 1.00244477426934408548
54.00000000000000000000 0.99114027197305898387
55.00000000000000000000 0.99069818165260903342
56.00000000000000000000 1.00102790965381305277
57.00000000000000000000 0.99921091192353195254
58.00000000000000000000 1.00328124070298896342
59.00000000000000000000 1.00366172081715299136
60.00000000000000000000 1.00507147675329200354
61.00000000000000000000 0.99835596118391201070
62.00000000000000000000 0.99739046160775302052
63.00000000000000000000 0.99302526652058498158
