0.00000000000000000000 1024.00000000000000000000
1.00000000000000000000 0.00439255702121625451
2.00000000000000000000 0.00623560387070796942
3.00000000000000000000 0.01372997027746922921
4.00000000000000000000 0.06967410368718086888
5.00000000000000000000 0.84796515566877439518
6.00000000000000000000 2.77797558614474038308
7.00000000000000000000 1.01099362795499203571
8.00000000000000000000 0.45299062243053522803
9.00000000000000000000 0.51218628020464151973
10.00000000000000000000 0.88815016425625192831
11.00000000000000000000 1.29061346157076295427
12.00000000000000000000 1.38705987521385143424
13.00000000000000000000 1.01624469980626286336
14.00000000000000000000 0.77805500956800133228
15.00000000000000000000 0.78911097172538879896
16.00000000000000000000 0.96454065072021022420
17.00000000000000000000 1.12110517282641275472
18.00000000000000000000 1.13281259747301055185
19.00000000000000000000 1.00440601275296681472
20.00000000000000000000 0.91621761036002336009
21.00000000000000000000 0.92628078167458571812
22.00000000000000000000 0.98106378909106950470
23.00000000000000000000 1.04975926496775295860
24.00000000000000000000 1.06707374100181029419
25.00000000000000000000 1.01006596328605935398
26.00000000000000000000 0.96512936929796999674
27.00000000000000000000 0.96871256613435230420
28.00000000000000000000 0.99426851862825105233
29.00000000000000000000 1.03307530861281438028
30.00000000000000000000 1.02865334037693623159
31.00000000000000000000 0.99567554386456158522
32.00000000000000000000 0.98951476760260703713
33.00000000000000000000 0.98241937880346486001
34.00000000000000000000 1.00340674090559622833
35.00000000000000000000 1.00675720033981397350
36.00000000000000000000 1.01361065946159256690
37.00000000000000000000 1.00223749177790777409
38.00000000000000000000 0.99506994655138358841
39.00000000000000000000 0.99097274046924710422
40.00000000000000000000 1.00046124792308521734
41.00000000000000000000 1.00308485555226734043
42.00000000000000000000 1.00340823137823242917
43.00000000000000000000 1.00075760456126361397
44.00000000000000000000 0.99598339239226807429
45.00000000000000000000 0.99546828920734131696
