0.00000000000000000000 512.00000000000000000000
1.00000000000000000000 0.00305660257193600014
2.00000000000000000000 0.00467693991959100119
3.00000000000000000000 0.00670148091157900163
4.00000000000000000000 0.01450339797884200171
5.00000000000000000000 0.02955767452236099727
6.00000000000000000000 0.12423614843895600113
7.00000000000000000000 0.75167844905739689132
8.00000000000000000000 2.68597434997558615066
9.00000000000000000000 2.38516999113148653322
10.00000000000000000000 0.93358636104454395532
11.00000000000000000000 0.49512337601703099166
12.00000000000000000000 0.43297053797122792007
13.00000000000000000000 0.57311984438162610900
14.00000000000000000000 0.84521220797716212214
15.00000000000000000000 1.14201820809013998570
16.00000000000000000000 1.40111635579276283536
17.00000000000000000000 1.38175432291706101751
18.00000000000000000000 1.13638019363085374103
19.00000000000000000000 0.87044848228494287046
20.00000000000000000000 0.77708692527734302136
21.00000000000000000000 0.79888574645590426648
22.00000000000000000000 0.90598203230450180534
23.00000000000000000000 1.03252210534852073565
24.00000000000000000000 1.11687466343243890776
25.00000000000000000000 1.15249513246511225972
26.00000000000000000000 1.08995417824813323193
27.00000000000000000000 0.99188485633896106286
28.00000000000000000000 0.93403284720012091924
29.00000000000000000000 0.90682468550831196730
30.00000000000000000000 0.93099949778394486266
31.00000000000000000000 0.97453820372515498338
32.00000000000000000000 1.02641247357558329512
33.00000000000000000000 1.06728725894181786238
34.00000000000000000000 1.06626370367309908360
35.00000000000000000000 1.02041267080787978472
36.00000000000000000000 0.98549087058033890685
37.00000000000000000000 0.95872162482818601426
38.00000000000000000000 0.95849805190914993958
39.00000000000000000000 0.97620459401705206304
40.00000000000000000000 1.00055990347349310632
41.00000000000000000000 1.03313356213844720344
42.00000000000000000000 1.02663456473965197802
43.00000000000000000000 1.01397302130559285871
44.00000000000000000000 0.99535456557067991668
45.00000000000000000000 0.98994496088165684355
46.00000000000000000000 0.98695129540658799172
47.00000000000000000000 0.98455025074449697975
48.00000000000000000000 1.00152611458788109999
49.00000000000000000000 1.00683572171972324227
50.00000000000000000000 1.00796581878338309401
51.00000000000000000000 1.01308832578478602571
52.00000000000000000000 1.00009146809938087586
53.00000000000000000000 1.00244477426934430753
54.00000000000000000000 0.99114027197305909489
55.00000000000000000000 0.99069818165260903342
56.00000000000000000000 1.00102790965381305277
57.00000000000000000000 0.99921091192353184152
58.00000000000000000000 1.00328124070298896342
59.00000000000000000000 1.00366172081715276931
60.00000000000000000000 1.00507147675329200354
61.00000000000000000000 0.99835596118391189968
62.00000000000000000000 0.99739046160775302052
63.00000000000000000000 0.99302526652058520362
