0.00000000000000000000 4096.00000000000000000000
1 0.000000008173476
2 0.000000099949027
3 0.000000350266859
4 0.000000889834081
5 0.000002241325217
6 0.000004894127351
7 0.000007624920064
8 0.000012960744357
9 0.000022199246554
10 0.000035049185659
11 0.000044205785230
12 0.000066060114386
13 0.000095687149318
14 0.000129151840817
15 0.000151912850015
16 0.000181404595423
17 0.000250731823928
18 0.000302952119819
19 0.000362975702592
20 0.000464358841606
21 0.000545427398821
22 0.000625676836053
23 0.000785559805393
24 0.000939513373994
25 0.001212900265056
26 0.001410905611754
27 0.001641110955062
28 0.001724418894723
29 0.002177501051240
30 0.002436261541740
31 0.002921683610811
32.00000000000000000000 0.00335671243839899991
33.00000000000000000000 0.00599161568574192735
34.00000000000000000000 0.00981473356575300088
35.00000000000000000000 0.01258667817495880573
36.00000000000000000000 0.01570901521481600158
37.00000000000000000000 0.01857544384373760807
38.00000000000000000000 0.02190724344303199983
39.00000000000000000000 0.02542420841842276541
40.00000000000000000000 0.02951261305039900446
41.00000000000000000000 0.03467386206705434099
42.00000000000000000000 0.04120340211213499582
43.00000000000000000000 0.04916325565813674942
44.00000000000000000000 0.05788770657690101712
45.00000000000000000000 0.06736106425069532389
46.00000000000000000000 0.08089547870414598441
47.00000000000000000000 0.10115576029185367746
48.00000000000000000000 0.12488952004595801903
49.00000000000000000000 0.15039557266725456230
50.00000000000000000000 0.18809474685362398416
51.00000000000000000000 0.24743506431556061553
52.00000000000000000000 0.32185130481692897364
53.00000000000000000000 0.40417806080716200956
54.00000000000000000000 0.50086241742459691739
55.00000000000000000000 0.62042107009091229664
56.00000000000000000000 0.76603666267224712616
57.00000000000000000000 0.93909479451689292784
58.00000000000000000000 1.13912693845728996145
59.00000000000000000000 1.36411675896554451803
60.00000000000000000000 1.60771081358828427099
61.00000000000000000000 1.86165755902878982120
62.00000000000000000000 2.11445015554244708511
63.00000000000000000000 2.35296267249059942728
64.00000000000000000000 2.56084811210632290468
65.00000000000000000000 2.72244621079200666003
66.00000000000000000000 2.82806470875556703604
67.00000000000000000000 2.87062776070932779149
68.00000000000000000000 2.84755717557773202486
69.00000000000000000000 2.76177362599512399299
70.00000000000000000000 2.63369558522334479278
71.00000000000000000000 2.48252818504036421032
72.00000000000000000000 2.30512539066117394526
73.00000000000000000000 2.09816088954353663354
74.00000000000000000000 1.87993842467927119166
75.00000000000000000000 1.67050941722471213424
76.00000000000000000000 1.47528594546020008771
77.00000000000000000000 1.29797730736832361842
78.00000000000000000000 1.15012102261666271374
79.00000000000000000000 1.03889746572972940797
80.00000000000000000000 0.94623020897477405633
81.00000000000000000000 0.85359729078441382022
82.00000000000000000000 0.76595141650999298832
83.00000000000000000000 0.69218480638052870546
84.00000000000000000000 0.63347307321700185856
85.00000000000000000000 0.58841961986999624656
86.00000000000000000000 0.55305561671654390743
87.00000000000000000000 0.52341718873185738570
88.00000000000000000000 0.49813251175742195853
89.00000000000000000000 0.47668046740853653453
90.00000000000000000000 0.45935070952948398038
91.00000000000000000000 0.44640511154583112363
92.00000000000000000000 0.43718365297929706603
93.00000000000000000000 0.43099298220043030794
94.00000000000000000000 0.42792831687894600234
95.00000000000000000000 0.42826817483167717304
96.00000000000000000000 0.43223570516476300662
97.00000000000000000000 0.44038134910449133752
98.00000000000000000000 0.45462008506843892830
99.00000000000000000000 0.47503246838275381414
100.00000000000000000000 0.49299682481657897126
101.00000000000000000000 0.50268812970638732107
102.00000000000000000000 0.51817018621497701325
103.00000000000000000000 0.55108866839219805556
104.00000000000000000000 0.58352790600978399205
105.00000000000000000000 0.59860218052733571437
106.00000000000000000000 0.61310692443404102292
107.00000000000000000000 0.64544305757382458566
108.00000000000000000000 0.68675229817996807924
109.00000000000000000000 0.72456570789648300224
110.00000000000000000000 0.75923092362094402041
111.00000000000000000000 0.79397434014923273793
112.00000000000000000000 0.83072080861690400511
113.00000000000000000000 0.87026571523871099068
114.00000000000000000000 0.91018813020653199786
115.00000000000000000000 0.94880099621065372428
116.00000000000000000000 0.99056906195787308711
117.00000000000000000000 1.03804960735324325327
118.00000000000000000000 1.08001823107833394566
119.00000000000000000000 1.10818428884036013216
120.00000000000000000000 1.13977384567260697779
121.00000000000000000000 1.18891669841735936330
122.00000000000000000000 1.23184086182682817068
123.00000000000000000000 1.24714174647179643074
124.00000000000000000000 1.26078612828741309926
125.00000000000000000000 1.30003103404368336449
126.00000000000000000000 1.34992312848568007944
127.00000000000000000000 1.38751295628968263074
128.00000000000000000000 1.40007694388173309363
129.00000000000000000000 1.38497465019313104051
130.00000000000000000000 1.36967228242644600833
131.00000000000000000000 1.37834038707679407132
132.00000000000000000000 1.39186021953821215114
133.00000000000000000000 1.38853944309160892701
134.00000000000000000000 1.37968064366646503416
135.00000000000000000000 1.37835436362254459830
136.00000000000000000000 1.37170804839218596349
137.00000000000000000000 1.34685031400299126680
138.00000000000000000000 1.31665755579104826190
139.00000000000000000000 1.29430513973685101803
140.00000000000000000000 1.26839653509003791321
141.00000000000000000000 1.22808993693964718652
142.00000000000000000000 1.18933434046317509925
143.00000000000000000000 1.16685710378941287502
144.00000000000000000000 1.14370823676387489698
145.00000000000000000000 1.10273630959538859742
146.00000000000000000000 1.05766148222931510858
147.00000000000000000000 1.02470468121082158852
148.00000000000000000000 0.99921830974776204570
149.00000000000000000000 0.97322984911990240153
150.00000000000000000000 0.94633561623196604806
151.00000000000000000000 0.91941486520814985628
152.00000000000000000000 0.89090976342558891865
153.00000000000000000000 0.86076167597101982398
154.00000000000000000000 0.83734584551665114383
155.00000000000000000000 0.82690636316367172043
156.00000000000000000000 0.81872883614371805283
157.00000000000000000000 0.80255334014900359119
158.00000000000000000000 0.78689630858359804755
159.00000000000000000000 0.78115869174915331108
160.00000000000000000000 0.77950314982579294032
161.00000000000000000000 0.77454018767257037936
162.00000000000000000000 0.76790997898578605696
163.00000000000000000000 0.76381802388599695508
164.00000000000000000000 0.76770145935353983901
165.00000000000000000000 0.78213127167080020996
166.00000000000000000000 0.79698220746857795227
167.00000000000000000000 0.80190293324666328534
168.00000000000000000000 0.79833403463239105413
169.00000000000000000000 0.79233931447805860948
170.00000000000000000000 0.79668352540827092056
171.00000000000000000000 0.82039832448170368906
172.00000000000000000000 0.85088203672100504171
173.00000000000000000000 0.87339538412424266856
174.00000000000000000000 0.88628200862718675701
175.00000000000000000000 0.89231080269465379295
176.00000000000000000000 0.89886874096994195948
177.00000000000000000000 0.91207981314012365193
178.00000000000000000000 0.92839798688888586220
179.00000000000000000000 0.94285623563784548562
180.00000000000000000000 0.95447357776372310223
181.00000000000000000000 0.96451732942720835862
182.00000000000000000000 0.97926195296976281668
183.00000000000000000000 1.00299521184760531689
184.00000000000000000000 1.02705092779521289792
185.00000000000000000000 1.04244776835644903379
186.00000000000000000000 1.05189772603446529686
187.00000000000000000000 1.06036394942769551797
188.00000000000000000000 1.07012088655641202095
189.00000000000000000000 1.08153383401126812480
190.00000000000000000000 1.09002018324260108173
191.00000000000000000000 1.09302037997837220296
192.00000000000000000000 1.10101499219735510238
193.00000000000000000000 1.12261663444661419220
194.00000000000000000000 1.14592598529556100040
195.00000000000000000000 1.15693104192869777869
196.00000000000000000000 1.15368101196853700685
197.00000000000000000000 1.13993354575338989854
198.00000000000000000000 1.13021885404675592746
199.00000000000000000000 1.13606073572169075092
200.00000000000000000000 1.14618478166429582643
201.00000000000000000000 1.14758367780114012291
202.00000000000000000000 1.14311669820762595862
203.00000000000000000000 1.13804346900647512797
204.00000000000000000000 1.13135843636086330655
205.00000000000000000000 1.12153574662647304017
206.00000000000000000000 1.11123352688856580350
207.00000000000000000000 1.10238105504141237212
208.00000000000000000000 1.08980823148574201831
209.00000000000000000000 1.07055474845004150453
210.00000000000000000000 1.05759884296737127762
211.00000000000000000000 1.06136154587254361026
212.00000000000000000000 1.06609651840281194346
213.00000000000000000000 1.05478189627898699676
214.00000000000000000000 1.03146108275368098006
215.00000000000000000000 1.00605294017409940821
216.00000000000000000000 0.99091289973402596480
217.00000000000000000000 0.99248333966803881090
218.00000000000000000000 0.99111785752731496046
219.00000000000000000000 0.96985055248506835124
220.00000000000000000000 0.94852631088606109699
221.00000000000000000000 0.94776062836057983763
222.00000000000000000000 0.95444065050946302886
223.00000000000000000000 0.95136775830587005931
224.00000000000000000000 0.93872862424169289941
225.00000000000000000000 0.92244843940384280145
226.00000000000000000000 0.91402117774057889399
227.00000000000000000000 0.92064960739589052352
228.00000000000000000000 0.92680289043534191951
229.00000000000000000000 0.91775878853953207770
230.00000000000000000000 0.90476306792762473119
231.00000000000000000000 0.90137546474891705461
232.00000000000000000000 0.90444359033467391917
233.00000000000000000000 0.90790889394187457295
234.00000000000000000000 0.91080030134838596556
235.00000000000000000000 0.91392834023989344416
236.00000000000000000000 0.92014246941246902178
237.00000000000000000000 0.93016934081166724457
238.00000000000000000000 0.93420544787058790170
239.00000000000000000000 0.92560860596313976334
240.00000000000000000000 0.92091207673892094832
241.00000000000000000000 0.93508311316272596514
242.00000000000000000000 0.95364948718444186859
243.00000000000000000000 0.95999866826844504342
244.00000000000000000000 0.95839639695197198499
245.00000000000000000000 0.95796443424482957685
246.00000000000000000000 0.96637035197424714372
247.00000000000000000000 0.98662120781220896681
248.00000000000000000000 1.00453619199230326231
249.00000000000000000000 1.00672994946735872013
250.00000000000000000000 1.00018681150556809634
251.00000000000000000000 0.99568217491297184019
252.00000000000000000000 0.99878601233164476803
253.00000000000000000000 1.01035238239516989012
254.00000000000000000000 1.01757711186712906937
255.00000000000000000000 1.01067833645654880925
256.00000000000000000000 1.00562165952423199222
257.00000000000000000000 1.01787405458292368188
258.00000000000000000000 1.03516050810136195359
259.00000000000000000000 1.04269396934109725983
260.00000000000000000000 1.04338122577894298892
261.00000000000000000000 1.04374012438508168010
262.00000000000000000000 1.04703891188791509137
263.00000000000000000000 1.05416880571062998584
264.00000000000000000000 1.05976250629734103370
265.00000000000000000000 1.05890319151709011436
266.00000000000000000000 1.05473446591770514402
267.00000000000000000000 1.05161078047941258795
268.00000000000000000000 1.05066954523324995741
269.00000000000000000000 1.05215156554000488498
270.00000000000000000000 1.05592826902866399053
271.00000000000000000000 1.06039540924802477839
272.00000000000000000000 1.05841542115793618706
273.00000000000000000000 1.04569306444808440837
274.00000000000000000000 1.03483571631645898670
275.00000000000000000000 1.03686483411712093705
276.00000000000000000000 1.03955557832011491470
277.00000000000000000000 1.03070462818427910356
278.00000000000000000000 1.02144103500764726888
279.00000000000000000000 1.02298763468200393234
280.00000000000000000000 1.02361002943494905360
281.00000000000000000000 1.01201425248380405542
282.00000000000000000000 1.00162529466895899866
283.00000000000000000000 1.00572260485477560366
284.00000000000000000000 1.01228450637842892768
285.00000000000000000000 1.00803873291649792598
286.00000000000000000000 1.00001178503036491918
287.00000000000000000000 0.99730398821901045103
288.00000000000000000000 0.99701220084700714619
289.00000000000000000000 0.99422889245471146591
290.00000000000000000000 0.98803244442002402526
291.00000000000000000000 0.97949087976740911721
292.00000000000000000000 0.97364487627004203674
293.00000000000000000000 0.97415758009912933879
294.00000000000000000000 0.97520935626929294848
295.00000000000000000000 0.97131417145072973529
296.00000000000000000000 0.96780318009252286338
297.00000000000000000000 0.97006096210935433000
298.00000000000000000000 0.97286861149941505911
299.00000000000000000000 0.97076783742515271314
300.00000000000000000000 0.96794629562253198252
301.00000000000000000000 0.96934009865297476871
302.00000000000000000000 0.97323323980621689877
303.00000000000000000000 0.97635275556715195311
304.00000000000000000000 0.97584997447299204332
305.00000000000000000000 0.97031835399528321151
306.00000000000000000000 0.96369557529059091117
307.00000000000000000000 0.96067132649700659464
308.00000000000000000000 0.96359909999370596534
309.00000000000000000000 0.97249210828548160457
310.00000000000000000000 0.98033864013850702257
311.00000000000000000000 0.98136778648715483619
312.00000000000000000000 0.98179677067721482508
313.00000000000000000000 0.98745128427112072167
314.00000000000000000000 0.99060275928646890353
315.00000000000000000000 0.98459634381467087128
316.00000000000000000000 0.98062630978723386299
317.00000000000000000000 0.98892299022606178216
318.00000000000000000000 0.99801183867454490439
319.00000000000000000000 0.99588043720159513672
320.00000000000000000000 0.99006976145672109801
321.00000000000000000000 0.99060480418899010679
322.00000000000000000000 0.99789323296510801242
323.00000000000000000000 1.00866884588616523288
324.00000000000000000000 1.01458728837314993143
325.00000000000000000000 1.01010529946798088829
326.00000000000000000000 1.00596214537639694342
327.00000000000000000000 1.01253589720013770226
328.00000000000000000000 1.02247731846112532850
329.00000000000000000000 1.02642537198724426162
330.00000000000000000000 1.02469912541005014894
331.00000000000000000000 1.01997197780052228921
332.00000000000000000000 1.01465454918366893011
333.00000000000000000000 1.01151572797735322951
334.00000000000000000000 1.01502025521682925913
335.00000000000000000000 1.02679070154657825498
336.00000000000000000000 1.03538510343059897423
337.00000000000000000000 1.03017467473907053943
338.00000000000000000000 1.01684787314738667163
339.00000000000000000000 1.00476804251171691895
340.00000000000000000000 1.00168082760612309201
341.00000000000000000000 1.01144493892564324433
342.00000000000000000000 1.02398904893133391170
343.00000000000000000000 1.02822885598892210801
344.00000000000000000000 1.02295820011680316242
345.00000000000000000000 1.01085240780507445990
346.00000000000000000000 1.00023460977797906679
347.00000000000000000000 0.99813203987428600339
348.00000000000000000000 1.00074054015672575524
349.00000000000000000000 1.00297105916844353501
350.00000000000000000000 1.00542636315027866800
351.00000000000000000000 1.00919473572480011825
352.00000000000000000000 1.01161471234379907180
353.00000000000000000000 1.00992463712446323143
354.00000000000000000000 1.00471183701634791952
355.00000000000000000000 0.99744787672016188562
356.00000000000000000000 0.98979228910886596360
357.00000000000000000000 0.98426287129690537281
358.00000000000000000000 0.98662250919241301084
359.00000000000000000000 0.99982923868383166699
360.00000000000000000000 1.01237660678715490903
361.00000000000000000000 1.01271343257047496955
362.00000000000000000000 1.00357411218273084863
363.00000000000000000000 0.99135254619121881969
364.00000000000000000000 0.98279507575582092382
365.00000000000000000000 0.98249733277976902812
366.00000000000000000000 0.98609967154710498338
367.00000000000000000000 0.98835052134621537157
368.00000000000000000000 0.98938588910205405025
369.00000000000000000000 0.99042777414977134498
370.00000000000000000000 0.99165456782873384611
371.00000000000000000000 0.99240902257548779808
372.00000000000000000000 0.98973494321107902127
373.00000000000000000000 0.98236552569288593251
374.00000000000000000000 0.97809047813911909053
375.00000000000000000000 0.98364890402673810232
376.00000000000000000000 0.99252097610686296214
377.00000000000000000000 0.99723002031546581492
378.00000000000000000000 0.99973090605376513373
379.00000000000000000000 1.00269462747768178801
380.00000000000000000000 1.00222513429670501139
381.00000000000000000000 0.99561681960794667923
382.00000000000000000000 0.99149289450544508817
383.00000000000000000000 0.99708710052771865051
384.00000000000000000000 1.00274648299428115195
385.00000000000000000000 0.99896693996058683052
386.00000000000000000000 0.99372647664485802554
387.00000000000000000000 0.99573060237108568238
388.00000000000000000000 0.99911273572357184314
389.00000000000000000000 0.99769715158994931592
390.00000000000000000000 0.99864364081086309799
391.00000000000000000000 1.00767952817096695384
392.00000000000000000000 1.01146675827793597335
393.00000000000000000000 0.99872597121540118703
394.00000000000000000000 0.98547796914780105837
395.00000000000000000000 0.98845136424414203891
396.00000000000000000000 0.99990584661090176066
397.00000000000000000000 1.00844568137234191774
398.00000000000000000000 1.01252235578639204761
399.00000000000000000000 1.01291022519130713420
400.00000000000000000000 1.00982789511297998963
401.00000000000000000000 1.00424611873882030366
402.00000000000000000000 1.00069998971466889159
403.00000000000000000000 1.00256562467252807735
404.00000000000000000000 1.00501889173061620397
405.00000000000000000000 1.00309760104131684422
406.00000000000000000000 0.99948757940746202344
407.00000000000000000000 0.99784602798576493843
408.00000000000000000000 0.99806762869801812776
409.00000000000000000000 0.99969888994114908254
410.00000000000000000000 1.00465614524754598413
411.00000000000000000000 1.01328600522644651782
412.00000000000000000000 1.01728636365902569416
413.00000000000000000000 1.00961187889485359825
414.00000000000000000000 0.99689298438513884726
415.00000000000000000000 0.98826519422326297715
416.00000000000000000000 0.98920856996965600416
417.00000000000000000000 1.00084235210598460064
418.00000000000000000000 1.01049794933181602552
419.00000000000000000000 1.00717049364861788163
420.00000000000000000000 1.00029784204756300170
421.00000000000000000000 1.00070234752546505241
422.00000000000000000000 1.00430162211200202371
423.00000000000000000000 1.00491060712222912699
424.00000000000000000000 1.00283830197985301957
425.00000000000000000000 1.00007727121444367491
426.00000000000000000000 0.99886028167037710368
427.00000000000000000000 1.00018693045240225636
428.00000000000000000000 0.99988393339195402731
429.00000000000000000000 0.99488805750607078870
430.00000000000000000000 0.99174915582751888010
431.00000000000000000000 0.99665392064985636189
432.00000000000000000000 1.00472331529407798989
433.00000000000000000000 1.00947831957768996425
434.00000000000000000000 1.00910570827680978745
435.00000000000000000000 1.00386512984312759045
436.00000000000000000000 0.99764193247201493620
437.00000000000000000000 0.99415504193426662560
438.00000000000000000000 0.99283199455868997862
439.00000000000000000000 0.99252152470683763230
440.00000000000000000000 0.99404854831323485875
441.00000000000000000000 0.99811536366508413209
442.00000000000000000000 1.00295761688732487649
443.00000000000000000000 1.00613067462833050136
444.00000000000000000000 1.00493543779247307413
445.00000000000000000000 0.99854829893056595846
446.00000000000000000000 0.99390208292319304206
447.00000000000000000000 0.99661469511857003756
448.00000000000000000000 0.99928793040567309713
449.00000000000000000000 0.99539616758362259308
450.00000000000000000000 0.99492023155135878021
451.00000000000000000000 1.00602089686564943882
452.00000000000000000000 1.01307229061474979304
453.00000000000000000000 1.00209894127349752324
454.00000000000000000000 0.98951363033157302418
455.00000000000000000000 0.99265656782833400218
456.00000000000000000000 1.00218942498701002464
457.00000000000000000000 1.00538258754256726313
458.00000000000000000000 1.00261983809305399440
459.00000000000000000000 0.99778059819357689531
460.00000000000000000000 0.99561344836439380490
461.00000000000000000000 0.99913845904855747015
462.00000000000000000000 1.00359250141514722010
463.00000000000000000000 1.00356960968247954646
464.00000000000000000000 0.99887566953979600726
465.00000000000000000000 0.99187926516719693293
466.00000000000000000000 0.98998792323729301046
467.00000000000000000000 0.99789559979200481710
468.00000000000000000000 1.00440302585798590940
469.00000000000000000000 0.99933956952940550256
470.00000000000000000000 0.99254237218576801816
471.00000000000000000000 0.99459386345428024701
472.00000000000000000000 0.99904985266762769136
473.00000000000000000000 0.99813462581910872284
474.00000000000000000000 0.99577299583899281377
475.00000000000000000000 0.99738557510905490044
476.00000000000000000000 1.00267564688011301399
477.00000000000000000000 1.00863041383261720085
478.00000000000000000000 1.00709008549650502751
479.00000000000000000000 0.99361486061350356991
480.00000000000000000000 0.98379188792301719424
481.00000000000000000000 0.99117519517696917042
482.00000000000000000000 1.00115937617968508988
483.00000000000000000000 0.99869044852959343306
484.00000000000000000000 0.99507955894913802108
485.00000000000000000000 1.00220178892726519138
486.00000000000000000000 1.00782282989491900338
487.00000000000000000000 0.99969571594656492231
488.00000000000000000000 0.98963224188875908993
489.00000000000000000000 0.99111817537100010966
490.00000000000000000000 1.00027641470246875244
491.00000000000000000000 1.00959777477021384051
492.00000000000000000000 1.01440760611307490002
493.00000000000000000000 1.01253057706273708050
494.00000000000000000000 1.00895409147047621090
495.00000000000000000000 1.00904512016643654881
496.00000000000000000000 1.01252616637664294430
497.00000000000000000000 1.01619820167661734089
498.00000000000000000000 1.01082053864398613285
499.00000000000000000000 0.99193421026970263199
500.00000000000000000000 0.98024879019592203733
501.00000000000000000000 0.99295532559563504105
502.00000000000000000000 1.00800221711397175461
503.00000000000000000000 1.00321957515726367660
504.00000000000000000000 0.99520699570450643634
505.00000000000000000000 1.00218164866081305142
506.00000000000000000000 1.01006151406309729879
507.00000000000000000000 1.00385364426974721397
508.00000000000000000000 0.99722057079324610829
509.00000000000000000000 1.01098869493460052915
