0.00000000000000000000 64.00000000000000000000
1.00000000000000000000 0.00623560387070796942
2.00000000000000000000 0.06967410368718086888
3.00000000000000000000 2.77797558614474038308
4.00000000000000000000 0.45299062243053522803
5.00000000000000000000 0.88815016425625192831
6.00000000000000000000 1.38705987521385143424
7.00000000000000000000 0.77805500956800133228
8.00000000000000000000 0.96454065072021022420
9.00000000000000000000 1.13281259747301055185
10.00000000000000000000 0.91621761036002336009
11.00000000000000000000 0.98106378909106950470
12.00000000000000000000 1.06707374100181029419
13.00000000000000000000 0.96512936929796999674
14.00000000000000000000 0.99426851862825105233
15.00000000000000000000 1.02865334037693623159
16.00000000000000000000 0.98951476760260703713
17.00000000000000000000 1.00340674090559622833
18.00000000000000000000 1.01361065946159256690
19.00000000000000000000 0.99506994655138358841
20.00000000000000000000 1.00046124792308521734
21.00000000000000000000 1.00340823137823242917
22.00000000000000000000 0.99598339239226807429
