0 256.000000000000000
1 0.000003903896669
2 0.000051323035450
3 0.000187914702110
4 0.000494623212338
5 0.001358054656885
6 0.002850000022186
7 0.005663347488735
8 0.010928672804896
9 0.021234393951350
10 0.042860866140793
11 0.092343895463273
12 0.211966634914279
13 0.519388204683428
14 1.093421262773600
15 1.801420480012894
16 2.292338917652766
17 2.365498166659783
18 1.925893793503443
19 1.450242825349172
20 1.038831955963565
21 0.758456786473592
22 0.608443613438045
23 0.543685583983149
24 0.528401682251378
25 0.546710314850012
26 0.627879763191396
27 0.727429163165209
28 0.837462194618725
29 0.976290511588256
30 1.099494701370280
31 1.181920096851312
32 1.246566286087036
33 1.282211696872344
34 1.267128064967038
35 1.228884350795012
36 1.145856149751564
37 1.082481146381612
38 0.992128564510494
39 0.910334287151214
40 0.862156157776461
41 0.838136550696457
42 0.839615823644580
43 0.855787981301546
44 0.878306613020275
45 0.915193694041056
46 0.973829640327273
47 1.001261778482019
48 1.049657331827359
49 1.089838508712618
50 1.090396947803951
51 1.103681508037779
52 1.091021736080830
53 1.071679275742797
54 1.047251442700257
55 1.022683010773456
56 0.988689299239669
57 0.964715546369553
58 0.946897062299016
59 0.941864455523698
60 0.938495956817452
61 0.944844699704770
62 0.958853948785334
63 0.984685191512108
64 0.984121478095497
65 1.001222620407740
66 1.010977482199669
67 1.025989108771648
68 1.041407965453325
69 1.030677864184746
70 1.034857731578606
71 1.034768404804657
72 1.010022189219793
73 1.009088412184140
74 1.012501471772276
75 0.989036424570725
76 0.981426632404327
77 0.978593573935570
78 0.978861747920012
79 0.978122166808574
80 0.978273494656269
81 0.986116798877716
82 1.000236809031287
83 0.991636746696063
84 1.004980000986982
85 1.010354190847299
86 1.015720330617007
87 1.015002508958181
88 1.009075339741379
89 1.002512414256732
90 1.009356103513552
91 1.005161867580480
92 1.007128379879327
93 1.002430406743533
94 1.000330039937245
95 0.991670951966582
96 0.996134165326754
97 0.989937645536435
98 0.987763605423664
99 0.989889022356235
100 0.995993352642185
101 0.999406159462699
102 0.999743150257916
103 1.003441233665515
104 0.999331999924921
105 1.000249271252140
106 1.004969915096787
107 1.013468272984028
108 1.006835371614939
109 1.004362485562152
110 0.996683570534684
111 0.999918798605601
112 1.004570422683443
113 0.995765996950396
114 0.999147192124398
115 0.995225820938746
116 0.997087928835906
117 0.993504931745322
118 0.996214786901119
119 0.999486429350717
120 1.003010048511180
121 1.000759333210147
122 0.993979354750925
123 1.004898210607686
124 1.007997862519102
125 0.995237715173476
126 1.004393377789745
127 0.999851058657263
128 1.003728007083958
129 1.001067722811917
130 0.999747039164816
131 0.998401169582169
132 0.996497859281522
133 0.998012937358205
134 1.002658775448799
135 0.999889453432777
136 1.000309296477009
137 0.997745240910338
138 0.998346629656023
139 1.000932572033484
140 1.003936034414852
141 0.998143802405497
142 0.995999521575868
143 1.005201019710965
144 0.996536618915566
145 0.998426789911384
146 1.000348687697087
147 0.998653522055400
148 1.000832804736971
149 1.001443634472661
150 1.006105397321001
151 1.001400436007458
152 0.996618475948201
153 1.004582205276449
154 0.994321834564209
155 0.999556451911728
156 1.003875408993393
157 0.995196988418991
158 1.002619971707463
159 0.994421283006668
160 1.002165363960532
161 1.003628254839868
162 0.997791474917904
163 0.997844788563778
164 0.998010834822288
165 1.002330125648846
166 1.002615715066592
167 1.003110286442686
168 0.997864062199369
169 1.003144643820115
170 0.999118373296518
171 1.001469321493749
172 0.996640970384268
173 1.000096644321792
174 0.995563237460512
175 1.000906079566037
176 1.001631698698449
177 0.998008494667461
178 0.999074224382639
179 1.001291547757639
180 1.003206465971599
181 0.997198369327959
182 0.999697979794790
183 1.004878628618863
184 0.998922027246926
185 1.002005616585686
186 0.997743723988533
187 0.997196646375461
188 1.000755100938920
189 0.998574358653532
190 0.998991838637614
191 1.001820524954252
192 0.999289561899341
193 1.000072010816672
194 0.997308564425312
195 1.001909607113936
196 1.002095242914481
197 1.002222919970556
198 0.997299523769863
199 1.000598222017288
200 1.001849391302209
201 0.998111799311098
202 1.003881301802974
203 0.997350787093122
204 0.998652268659429
205 1.000150723800515
206 0.995936867839928
207 1.001442802098631
208 0.997237170480889
209 1.000188222234966
210 1.002420967399347
211 1.004076037456445
212 1.000449943239104
213 0.998207615865838
214 1.003428016833606
215 1.001280435712676
216 0.998155621348778
217 0.999833642570085
218 0.998739824973728
219 0.997539101480749
220 1.000476256529720
221 0.996990858056825
222 0.999720462001442
223 1.001121098218962
224 1.002034195225332
225 1.000078229986153
226 1.000796955622984
227 1.000217529929290
228 0.998381953758313
229 1.005123544424613
230 0.997678178633962
231 0.997051279909081
232 0.998572426065597
233 1.004318141823877
234 0.998568436929158
235 0.996458200784271
236 0.999135529833871
237 1.004168759129549
238 0.999308820352081
239 1.000535475943858
240 0.999922014406470
241 0.998883699580115
242 1.000908322035496
243 1.003592970904219
244 0.995457344294823
245 1.000970341405025
246 1.001999862713389
247 1.000097356698056
248 0.998802858887543
249 0.996920997300721
250 1.001541214659042
251 0.998271679282188
252 1.002113310445713
253 0.999381349988319
254 1.001752302935808
255 1.004263844754961
