0.00000000000000000000 192.00000000000000000000
1.00000000000000000000 0.00000280649024400000
2.00000000000000000000 0.00002630996975000000
3.00000000000000000000 0.00014572244981500001
4.00000000000000000000 0.00044935006319800000
5.00000000000000000000 0.00111622131867900000
6.00000000000000000000 0.00230886898643799980
7.00000000000000000000 0.00475854139817399966
8.00000000000000000000 0.00835671243839899991
9.00000000000000000000 0.01570901521481600158
10.00000000000000000000 0.02951261305039900099
11.00000000000000000000 0.05788770657690100324
12.00000000000000000000 0.12488952004595800516
13.00000000000000000000 0.32185130481692897364
14.00000000000000000000 0.76603666267224701514
15.00000000000000000000 1.60771081358828404895
16.00000000000000000000 2.56084811210632290468
17.00000000000000000000 2.84755717557773202486
18.00000000000000000000 2.30512539066117394526
19.00000000000000000000 1.47528594546020008771
20.00000000000000000000 0.94623020897477394531
21.00000000000000000000 0.63347307321700196958
22.00000000000000000000 0.49813251175742201404
23.00000000000000000000 0.43718365297929701052
24.00000000000000000000 0.43223570516476300662
25.00000000000000000000 0.49299682481657902677
26.00000000000000000000 0.58352790600978399205
27.00000000000000000000 0.68675229817996796822
28.00000000000000000000 0.83072080861690400511
29.00000000000000000000 0.99056906195787297609
30.00000000000000000000 1.13977384567260697779
31.00000000000000000000 1.26078612828741309926
32.00000000000000000000 1.40007694388173309363
33.00000000000000000000 1.39186021953821192909
34.00000000000000000000 1.37170804839218596349
35.00000000000000000000 1.26839653509003791321
36.00000000000000000000 1.14370823676387489698
37.00000000000000000000 0.99921830974776204570
38.00000000000000000000 0.89090976342558902967
39.00000000000000000000 0.81872883614371805283
40.00000000000000000000 0.77950314982579305134
41.00000000000000000000 0.76770145935353995004
42.00000000000000000000 0.79833403463239105413
43.00000000000000000000 0.85088203672100504171
44.00000000000000000000 0.89886874096994195948
45.00000000000000000000 0.95447357776372299121
46.00000000000000000000 1.02705092779521289792
47.00000000000000000000 1.07012088655641202095
48.00000000000000000000 1.10101499219735510238
49.00000000000000000000 1.15368101196853700685
50.00000000000000000000 1.14618478166429604848
51.00000000000000000000 1.13135843636086308450
52.00000000000000000000 1.08980823148574201831
53.00000000000000000000 1.06609651840281194346
54.00000000000000000000 0.99091289973402596480
55.00000000000000000000 0.94852631088606098597
56.00000000000000000000 0.93872862424169301043
57.00000000000000000000 0.92680289043534203053
58.00000000000000000000 0.90444359033467403020
59.00000000000000000000 0.92014246941246902178
60.00000000000000000000 0.92091207673892094832
61.00000000000000000000 0.95839639695197198499
62.00000000000000000000 1.00453619199230304027
63.00000000000000000000 0.99878601233164499007
64.00000000000000000000 1.00562165952423199222
65.00000000000000000000 1.04338122577894298892
66.00000000000000000000 1.05976250629734103370
67.00000000000000000000 1.05066954523324995741
68.00000000000000000000 1.05841542115793596501
69.00000000000000000000 1.03955557832011491470
70.00000000000000000000 1.02361002943494905360
71.00000000000000000000 1.01228450637842892768
72.00000000000000000000 0.99701220084700703516
73.00000000000000000000 0.97364487627004203674
74.00000000000000000000 0.96780318009252297440
75.00000000000000000000 0.96794629562253198252
76.00000000000000000000 0.97584997447299204332
77.00000000000000000000 0.96359909999370596534
78.00000000000000000000 0.98179677067721504713
79.00000000000000000000 0.98062630978723397401
80.00000000000000000000 0.99006976145672098699
81.00000000000000000000 1.01458728837314993143
82.00000000000000000000 1.02247731846112510645
83.00000000000000000000 1.01465454918366893011
84.00000000000000000000 1.03538510343059897423
85.00000000000000000000 1.00168082760612309201
86.00000000000000000000 1.02295820011680294037
87.00000000000000000000 1.00074054015672597728
88.00000000000000000000 1.01161471234379907180
89.00000000000000000000 0.98979228910886596360
90.00000000000000000000 1.01237660678715490903
91.00000000000000000000 0.98279507575582103485
92.00000000000000000000 0.98938588910205405025
93.00000000000000000000 0.98973494321107902127
94.00000000000000000000 0.99252097610686296214
95.00000000000000000000 1.00222513429670501139
96.00000000000000000000 1.00274648299428092990
97.00000000000000000000 0.99911273572357195416
98.00000000000000000000 1.01146675827793597335
99.00000000000000000000 0.99990584661090198271
100.00000000000000000000 1.00982789511297998963
101.00000000000000000000 1.00501889173061598193
102.00000000000000000000 0.99806762869801801674
103.00000000000000000000 1.01728636365902591621
104.00000000000000000000 0.98920856996965600416
105.00000000000000000000 1.00029784204756300170
106.00000000000000000000 1.00283830197985301957
107.00000000000000000000 0.99988393339195402731
108.00000000000000000000 1.00472331529407798989
109.00000000000000000000 0.99764193247201504722
110.00000000000000000000 0.99404854831323496978
