0.00000000000000000000 256.00000000000000000000
1.00000000000000000000 0.00376307499823531422
2.00000000000000000000 0.00732959988515804843
3.00000000000000000000 0.01090284615204901129
4.00000000000000000000 0.03097651439783853655
5.00000000000000000000 0.20651474028497743274
6.00000000000000000000 1.60386660929842617129
7.00000000000000000000 2.59489330634017756338
8.00000000000000000000 0.89197970376143476123
9.00000000000000000000 0.45199078398896908038
10.00000000000000000000 0.50005286240103341555
11.00000000000000000000 0.78122012383934424928
12.00000000000000000000 1.17112601727538878649
13.00000000000000000000 1.40026001907244723732
14.00000000000000000000 1.22381802641043457847
15.00000000000000000000 0.90146215702749554755
16.00000000000000000000 0.77213567166110308460
17.00000000000000000000 0.81839451772755544834
18.00000000000000000000 0.96668208611743589032
19.00000000000000000000 1.10937413906255910589
20.00000000000000000000 1.14877324161690763660
21.00000000000000000000 1.05483134653926935442
22.00000000000000000000 0.95151830862957476054
23.00000000000000000000 0.90655065509758581133
24.00000000000000000000 0.93554072259495968389
25.00000000000000000000 0.99467077391971070455
26.00000000000000000000 1.05774007381680434925
27.00000000000000000000 1.06689335676037577727
28.00000000000000000000 1.01369133789515442068
29.00000000000000000000 0.96436786779860517171
30.00000000000000000000 0.95270530659137875329
31.00000000000000000000 0.97596213428723488370
32.00000000000000000000 1.01616123702490024350
33.00000000000000000000 1.02995837001608081529
34.00000000000000000000 1.02091246859312678730
35.00000000000000000000 0.99492360153328596173
36.00000000000000000000 0.98938035598299867157
37.00000000000000000000 0.98264521853161601594
38.00000000000000000000 0.99720978020135386810
39.00000000000000000000 1.00614077427816939192
40.00000000000000000000 1.00617503836281518836
41.00000000000000000000 1.00647548258678143362
42.00000000000000000000 0.99817367104014809165
43.00000000000000000000 0.99044448210462698867
44.00000000000000000000 0.99250283628733348973
45.00000000000000000000 1.00100306475383082905
46.00000000000000000000 1.00214633184872115024
47.00000000000000000000 1.00339560086630297242
48.00000000000000000000 0.99925722158977559051
49.00000000000000000000 0.99709561339410723857
50.00000000000000000000 0.99409171873026080934
