0.00000000000000000000 16384.00000000000000000000
1.00000000000000000000 0.000015966152555136695
2.00000000000000000000 0.000506059708942788365
3.00000000000000000000 0.00173564527370395887
4.00000000000000000000 0.00241764466045400056
5.00000000000000000000 0.00303943383175241718
6.00000000000000000000 0.00353385136967361698
7.00000000000000000000 0.00383373585629200866
8.00000000000000000000 0.00387192587368200003
9.00000000000000000000 0.00361847445614699777
10.00000000000000000000 0.00319229244690639969
11.00000000000000000000 0.00274950514140860202
12.00000000000000000000 0.00244623783510200012
13.00000000000000000000 0.00239651782439093564
14.00000000000000000000 0.00254598040950353372
15.00000000000000000000 0.00279816289162386489
16.00000000000000000000 0.00305660257193600014
17.00000000000000000000 0.00324843113851757239
18.00000000000000000000 0.00339515782702046577
19.00000000000000000000 0.00354188625999012551
20.00000000000000000000 0.00373372005997199856
21.00000000000000000000 0.00399419245414064667
22.00000000000000000000 0.00426055508818710092
23.00000000000000000000 0.00444848921243150199
24.00000000000000000000 0.00447367607719400141
25.00000000000000000000 0.00428921699752811587
26.00000000000000000000 0.00399789354742088095
27.00000000000000000000 0.00373990736559270563
28.00000000000000000000 0.00365546009076399888
29.00000000000000000000 0.00383506347233859195
30.00000000000000000000 0.00417046970245399991
31.00000000000000000000 0.00450374108393115750
32.00000000000000000000 0.00467693991959100119
33.00000000000000000000 0.00459167449605570217
34.00000000000000000000 0.00438773703515237066
35.00000000000000000000 0.00426446574250935462
36.00000000000000000000 0.00442119882375500116
37.00000000000000000000 0.00498542606237009026
38.00000000000000000000 0.00579724355324514815
39.00000000000000000000 0.00662489896912313130
40.00000000000000000000 0.00723663998274700054
41.00000000000000000000 0.00745957828015384513
42.00000000000000000000 0.00735628160055728977
43.00000000000000000000 0.00704818169646509018
44.00000000000000000000 0.00665671032038500123
45.00000000000000000000 0.00630354509615662587
46.00000000000000000000 0.00611134713294694733
47.00000000000000000000 0.00620302341125479606
48.00000000000000000000 0.00670148091157900163
49.00000000000000000000 0.00765342343244492483
50.00000000000000000000 0.00880074204448405388
51.00000000000000000000 0.00980912463635440560
52.00000000000000000000 0.01034425909671399767
53.00000000000000000000 0.01018370462950289775
54.00000000000000000000 0.00955250569978934039
55.00000000000000000000 0.00878757808792361532
56.00000000000000000000 0.00822583757425600186
57.00000000000000000000 0.00813648489041475000
58.00000000000000000000 0.00851786057313995947
59.00000000000000000000 0.00930059011044968853
60.00000000000000000000 0.01041529899036200239
61.00000000000000000000 0.01175662770530814041
62.00000000000000000000 0.01307527676537208368
63.00000000000000000000 0.01408596168505098396
64.00000000000000000000 0.01450339797884200171
65.00000000000000000000 0.01418820255712575570
66.00000000000000000000 0.01358459791381671534
67.00000000000000000000 0.01328270793871281878
68.00000000000000000000 0.01387265652161199896
69.00000000000000000000 0.01572252461269662074
70.00000000000000000000 0.01831222140368680279
71.00000000000000000000 0.02089961314668708006
72.00000000000000000000 0.02274256609380199967
73.00000000000000000000 0.02332680819121465271
74.00000000000000000000 0.02304951416142231660
75.00000000000000000000 0.02253572042100082315
76.00000000000000000000 0.02241046338652600070
77.00000000000000000000 0.02316225047274165713
78.00000000000000000000 0.02473347308706355316
79.00000000000000000000 0.02692999363507542210
80.00000000000000000000 0.02955767452236099727
81.00000000000000000000 0.03245423657740153373
82.00000000000000000000 0.03558483432026834231
83.00000000000000000000 0.03894648069393021744
84.00000000000000000000 0.04253618864135599864
85.00000000000000000000 0.04633933766057388853
86.00000000000000000000 0.05029477346984970870
87.00000000000000000000 0.05432970834250867853
88.00000000000000000000 0.05837135455187599659
89.00000000000000000000 0.06245232859336270759
90.00000000000000000000 0.06702686385072305353
91.00000000000000000000 0.07265459792979711562
92.00000000000000000000 0.07989516843642499588
93.00000000000000000000 0.08912161268869171760
94.00000000000000000000 0.09996056685366240535
95.00000000000000000000 0.11185206681064713274
96.00000000000000000000 0.12423614843895600113
97.00000000000000000000 0.13690465583891134327
98.00000000000000000000 0.15105666599488451474
99.00000000000000000000 0.16824306411225919966
100.00000000000000000000 0.19001473539641894339
101.00000000000000000000 0.21741112732812276076
102.00000000000000000000 0.24942593648963062858
103.00000000000000000000 0.28454142173857793763
104.00000000000000000000 0.32123984193260002318
105.00000000000000000000 0.35854458101751296439
106.00000000000000000000 0.39764352329185637114
107.00000000000000000000 0.44026567814235018083
108.00000000000000000000 0.48814005495571488602
109.00000000000000000000 0.54276032686062536392
110.00000000000000000000 0.60467882195357636199
111.00000000000000000000 0.67421253207301712340
112.00000000000000000000 0.75167844905739689132
113.00000000000000000000 0.83687481673922325953
114.00000000000000000000 0.92752488692723433772
115.00000000000000000000 1.02083316342422691925
116.00000000000000000000 1.11400415003299668726
117.00000000000000000000 1.20550774895562917699
118.00000000000000000000 1.29887545599136289276
119.00000000000000000000 1.39890416533872530280
120.00000000000000000000 1.51039077119624409740
121.00000000000000000000 1.63684270395907160989
122.00000000000000000000 1.77660953880886318679
123.00000000000000000000 1.92675138712389859563
124.00000000000000000000 2.08432836028245782600
125.00000000000000000000 2.24570970436685346527
126.00000000000000000000 2.40450120427552560542
127.00000000000000000000 2.55361777961094515987
128.00000000000000000000 2.68597434997558615066
129.00000000000000000000 2.79505737211830718181
130.00000000000000000000 2.87663945137352250470
131.00000000000000000000 2.92706473022203406131
132.00000000000000000000 2.94267735114464379365
133.00000000000000000000 2.92265087806691337136
134.00000000000000000000 2.87747656069345003615
135.00000000000000000000 2.82047507017362253379
136.00000000000000000000 2.76496707765679605728
137.00000000000000000000 2.72118372450529433237
138.00000000000000000000 2.68699803293326322517
139.00000000000000000000 2.65719349536780402588
140.00000000000000000000 2.62655360423601580422
141.00000000000000000000 2.58976590881724888504
142.00000000000000000000 2.54113418579984529089
143.00000000000000000000 2.47486626872439430258
144.00000000000000000000 2.38516999113148653322
145.00000000000000000000 2.26902310985044808334
146.00000000000000000000 2.13448307486554389456
147.00000000000000000000 1.99237725944977528414
148.00000000000000000000 1.85353303687614290318
149.00000000000000000000 1.72681100585667790526
150.00000000000000000000 1.61320466685952679242
151.00000000000000000000 1.51174074579186656919
152.00000000000000000000 1.42144596856087401804
153.00000000000000000000 1.34119644609643962063
154.00000000000000000000 1.26926582941931354043
155.00000000000000000000 1.20377715457295897394
156.00000000000000000000 1.14285345760084022793
157.00000000000000000000 1.08502898066705411040
158.00000000000000000000 1.03048279041823254154
159.00000000000000000000 0.97980515962164083099
160.00000000000000000000 0.93358636104454395532
161.00000000000000000000 0.89197970376143476123
162.00000000000000000000 0.85339064207571679876
163.00000000000000000000 0.81578766659802115502
164.00000000000000000000 0.77713926793897913914
165.00000000000000000000 0.73623858859227242490
166.00000000000000000000 0.69517737858378569893
167.00000000000000000000 0.65687203982245412348
168.00000000000000000000 0.62423897421721297185
169.00000000000000000000 0.59929882199050765745
170.00000000000000000000 0.58048917661882448726
171.00000000000000000000 0.56535186989215979736
172.00000000000000000000 0.55142873360051014586
173.00000000000000000000 0.53683048777501307658
174.00000000000000000000 0.52194340541137163036
175.00000000000000000000 0.50772264774642950069
176.00000000000000000000 0.49512337601703099166
177.00000000000000000000 0.48480310550839417205
178.00000000000000000000 0.47622876769923355722
179.00000000000000000000 0.46856964811663792680
180.00000000000000000000 0.46099503228769600494
181.00000000000000000000 0.45299062243053522803
182.00000000000000000000 0.44530778752743865878
183.00000000000000000000 0.43901431325172801667
184.00000000000000000000 0.43517798527672502118
185.00000000000000000000 0.43444147525788195940
186.00000000000000000000 0.43574699877917294488
187.00000000000000000000 0.43761165740670227020
188.00000000000000000000 0.43855255270657494959
189.00000000000000000000 0.43754850508895204442
190.00000000000000000000 0.43542521034022263482
191.00000000000000000000 0.43347008309083268074
192.00000000000000000000 0.43297053797122792007
193.00000000000000000000 0.43495810845097038211
194.00000000000000000000 0.43944080335608548538
195.00000000000000000000 0.44617075035171482877
196.00000000000000000000 0.45490007710300006671
197.00000000000000000000 0.46520982398990712303
198.00000000000000000000 0.47599668225170055358
199.00000000000000000000 0.48598625584246912812
200.00000000000000000000 0.49390414871630194948
201.00000000000000000000 0.49904229382662168568
202.00000000000000000000 0.50295794012418681973
203.00000000000000000000 0.50777466555908945534
204.00000000000000000000 0.51561604808142202927
205.00000000000000000000 0.52787785527150676845
206.00000000000000000000 0.54304461323058683675
207.00000000000000000000 0.55887303769013563226
208.00000000000000000000 0.57311984438162610900
209.00000000000000000000 0.58424764091837555480
210.00000000000000000000 0.59354260244107603928
211.00000000000000000000 0.60299679597226385486
212.00000000000000000000 0.61460228853447496089
213.00000000000000000000 0.62974737129339752872
214.00000000000000000000 0.64740523198732913279
215.00000000000000000000 0.66594528249771911543
216.00000000000000000000 0.68373693470601704103
217.00000000000000000000 0.69969635234139981872
218.00000000000000000000 0.71492670652395318154
219.00000000000000000000 0.73107792022148987421
220.00000000000000000000 0.74979991640182286350
221.00000000000000000000 0.77214602463698056578
222.00000000000000000000 0.79678320091585286278
223.00000000000000000000 0.82178180783154497480
224.00000000000000000000 0.84521220797716212214
225.00000000000000000000 0.86566696801367815084
226.00000000000000000000 0.88382747087353952242
227.00000000000000000000 0.90089730355706110210
228.00000000000000000000 0.91808005306455786609
229.00000000000000000000 0.93632813982250551188
230.00000000000000000000 0.95558931796202450926
231.00000000000000000000 0.97556017504039560517
232.00000000000000000000 0.99593729861489987965
233.00000000000000000000 1.01640070769810630935
234.00000000000000000000 1.03656414712373523557
235.00000000000000000000 1.05602479318079534032
236.00000000000000000000 1.07437982215829475052
237.00000000000000000000 1.09143470589269986348
238.00000000000000000000 1.10782809841030638331
239.00000000000000000000 1.12440694928486850657
240.00000000000000000000 1.14201820809013998570
241.00000000000000000000 1.16118362555977827633
242.00000000000000000000 1.18112415706705542462
243.00000000000000000000 1.20073555914514784604
244.00000000000000000000 1.21891358832723084582
245.00000000000000000000 1.23489907224019757059
246.00000000000000000000 1.24931312288581009007
247.00000000000000000000 1.26312192335954720512
248.00000000000000000000 1.27729165675688793868
249.00000000000000000000 1.29259096383760097027
250.00000000000000000000 1.30899831601861493802
251.00000000000000000000 1.32629464238114702646
252.00000000000000000000 1.34426087200641619646
253.00000000000000000000 1.36240719883553862424
254.00000000000000000000 1.37916087624922889532
255.00000000000000000000 1.39267842248809925465
256.00000000000000000000 1.40111635579276283536
257.00000000000000000000 1.40340035972680010623
258.00000000000000000000 1.40153277914565888018
259.00000000000000000000 1.39828512422775652624
260.00000000000000000000 1.39642890515150819297
261.00000000000000000000 1.39797525384291909667
262.00000000000000000000 1.40189378921835072767
263.00000000000000000000 1.40639375194175353379
264.00000000000000000000 1.40968438267707796285
265.00000000000000000000 1.41042143521878338142
266.00000000000000000000 1.40904671588336749544
267.00000000000000000000 1.40644854411783559733
268.00000000000000000000 1.40351523936919475588
269.00000000000000000000 1.40075320301309713678
270.00000000000000000000 1.39714116413978395315
271.00000000000000000000 1.39127593376814262527
272.00000000000000000000 1.38175432291706101751
273.00000000000000000000 1.36771468128999074132
274.00000000000000000000 1.35046151332864261541
275.00000000000000000000 1.33184086215929009533
276.00000000000000000000 1.31369877090820930121
277.00000000000000000000 1.29741205106689494464
278.00000000000000000000 1.28248058758772964794
279.00000000000000000000 1.26793503378831595718
280.00000000000000000000 1.25280604298625708459
281.00000000000000000000 1.23646147678996287667
282.00000000000000000000 1.21961802997107016111
283.00000000000000000000 1.20332960559202284401
284.00000000000000000000 1.18865010671526505348
285.00000000000000000000 1.17615344837434765424
286.00000000000000000000 1.16449359348724912344
287.00000000000000000000 1.15184451694305578506
288.00000000000000000000 1.13638019363085374103
289.00000000000000000000 1.11692234922151434340
290.00000000000000000000 1.09488371251305061094
291.00000000000000000000 1.07232476308526214481
292.00000000000000000000 1.05130598051794699188
293.00000000000000000000 1.03337540902112468011
294.00000000000000000000 1.01803135132569422261
295.00000000000000000000 1.00425967479277522543
296.00000000000000000000 0.99104624678348685052
297.00000000000000000000 0.97752090479205111517
298.00000000000000000000 0.96338936684509879349
299.00000000000000000000 0.94850132110236329286
300.00000000000000000000 0.93270645572357802067
301.00000000000000000000 0.91605752013788765975
302.00000000000000000000 0.89941950885208332700
303.00000000000000000000 0.88386047764236741475
304.00000000000000000000 0.87044848228494287046
305.00000000000000000000 0.85992188977796513161
306.00000000000000000000 0.85170031200740148325
307.00000000000000000000 0.84487367208117258865
308.00000000000000000000 0.83853189310719888905
309.00000000000000000000 0.83190881041401898432
310.00000000000000000000 0.82481390821264466418
311.00000000000000000000 0.81720058293470532185
312.00000000000000000000 0.80902223101183090570
313.00000000000000000000 0.80039252678300809585
314.00000000000000000000 0.79206625621664938919
315.00000000000000000000 0.78495848318852523562
316.00000000000000000000 0.77998427157440508584
317.00000000000000000000 0.77770497600793353499
318.00000000000000000000 0.77726711415425397966
319.00000000000000000000 0.77746349443638440579
320.00000000000000000000 0.77708692527734302136
321.00000000000000000000 0.77522390251680861617
322.00000000000000000000 0.77213567166110308460
323.00000000000000000000 0.76837716563320934693
324.00000000000000000000 0.76450331735610999040
325.00000000000000000000 0.76112853137288705163
326.00000000000000000000 0.75910509870702091995
327.00000000000000000000 0.75934478200209110099
328.00000000000000000000 0.76275934390167710042
329.00000000000000000000 0.76979247282213303372
330.00000000000000000000 0.77901556027091212187
331.00000000000000000000 0.78853192352824219569
332.00000000000000000000 0.79644487987435086396
333.00000000000000000000 0.80124457103797819268
334.00000000000000000000 0.80296843654191230044
335.00000000000000000000 0.80204074035745420712
336.00000000000000000000 0.79888574645590426648
337.00000000000000000000 0.79423219487546459217
338.00000000000000000000 0.79002672992194533652
339.00000000000000000000 0.78852047196805796769
340.00000000000000000000 0.79196454138651406485
341.00000000000000000000 0.80181776259137160778
342.00000000000000000000 0.81636977616207551112
343.00000000000000000000 0.83311792671941664601
344.00000000000000000000 0.84955955888418599464
345.00000000000000000000 0.86363483886386038790
346.00000000000000000000 0.87505521921266071761
347.00000000000000000000 0.88397497407149350224
348.00000000000000000000 0.89054837758126492719
349.00000000000000000000 0.89507842374782908834
350.00000000000000000000 0.89846298603682950290
351.00000000000000000000 0.90174865777885671037
352.00000000000000000000 0.90598203230450180534
353.00000000000000000000 0.91188424882736762722
354.00000000000000000000 0.91887463009310665907
355.00000000000000000000 0.92604704473038279566
356.00000000000000000000 0.93249536136786104201
357.00000000000000000000 0.93759249881202488819
358.00000000000000000000 0.94182757658063620543
359.00000000000000000000 0.94596876436927612719
360.00000000000000000000 0.95078423187352578694
361.00000000000000000000 0.95692089452759543367
362.00000000000000000000 0.96454065072021022420
363.00000000000000000000 0.97368414457872431989
364.00000000000000000000 0.98439202023049188206
365.00000000000000000000 0.99653057620960705520
366.00000000000000000000 1.00926872867712180692
367.00000000000000000000 1.02160104820082908716
368.00000000000000000000 1.03252210534852073565
369.00000000000000000000 1.04126517638487436912
370.00000000000000000000 1.04801836036210449521
371.00000000000000000000 1.05320846202931139857
372.00000000000000000000 1.05726228613559491976
373.00000000000000000000 1.06063937351514958607
374.00000000000000000000 1.06393020934254511900
375.00000000000000000000 1.06775801487744637086
376.00000000000000000000 1.07274601137951797192
377.00000000000000000000 1.07925522412613728029
378.00000000000000000000 1.08659789446553256553
379.00000000000000000000 1.09382406776364637935
380.00000000000000000000 1.09998378938641994118
381.00000000000000000000 1.10446953590275565027
382.00000000000000000000 1.10804350869339951480
383.00000000000000000000 1.11181034034205850070
384.00000000000000000000 1.11687466343243890776
385.00000000000000000000 1.12399539641346368768
386.00000000000000000000 1.13254860119492062331
387.00000000000000000000 1.14156462555181459351
388.00000000000000000000 1.15007381725914892279
389.00000000000000000000 1.15712274922308200331
390.00000000000000000000 1.16182289487438605846
391.00000000000000000000 1.16330195277498815720
392.00000000000000000000 1.16068762148681403623
393.00000000000000000000 1.15374824080216287214
394.00000000000000000000 1.14481471543482427045
395.00000000000000000000 1.13685859132896105450
396.00000000000000000000 1.13285141442873493745
397.00000000000000000000 1.13477648122045926549
398.00000000000000000000 1.14066409035905169667
399.00000000000000000000 1.14755629104157974574
400.00000000000000000000 1.15249513246511225972
401.00000000000000000000 1.15328352811441670056
402.00000000000000000000 1.15076784862506120710
403.00000000000000000000 1.14655532892031453152
404.00000000000000000000 1.14225320392344409370
405.00000000000000000000 1.13905316577778736864
406.00000000000000000000 1.13648473550695849887
407.00000000000000000000 1.13366189135464079385
408.00000000000000000000 1.12969861156451778506
409.00000000000000000000 1.12402854261066020847
410.00000000000000000000 1.11736400388869006051
411.00000000000000000000 1.11073698302461565390
412.00000000000000000000 1.10517946764444685570
413.00000000000000000000 1.10134328857364693910
414.00000000000000000000 1.09835964943550146167
415.00000000000000000000 1.09497959705275005327
416.00000000000000000000 1.08995417824813323193
417.00000000000000000000 1.08251804000660700744
418.00000000000000000000 1.07384022996199712807
419.00000000000000000000 1.06557339591034461179
420.00000000000000000000 1.05937018564769180884
421.00000000000000000000 1.05631956298578644216
422.00000000000000000000 1.05525575579920150027
423.00000000000000000000 1.05444930797821645463
424.00000000000000000000 1.05217076341311077670
425.00000000000000000000 1.04712075246620472946
426.00000000000000000000 1.03972025138798307431
427.00000000000000000000 1.03082032290097180827
428.00000000000000000000 1.02127202972769692835
429.00000000000000000000 1.01189937821125397477
430.00000000000000000000 1.00341814917701954712
431.00000000000000000000 0.99651706707093956616
432.00000000000000000000 0.99188485633896106286
433.00000000000000000000 0.98981838644817976558
434.00000000000000000000 0.98904710695029274259
435.00000000000000000000 0.98790861241814675875
436.00000000000000000000 0.98474049742458880097
437.00000000000000000000 0.97846337496856883309
438.00000000000000000000 0.97032993175344839365
439.00000000000000000000 0.96217587290869255323
440.00000000000000000000 0.95583690356376604935
441.00000000000000000000 0.95260863347911006738
442.00000000000000000000 0.95162629093907258326
443.00000000000000000000 0.95148500885897702162
444.00000000000000000000 0.95077992015414780624
445.00000000000000000000 0.94841566851812986183
446.00000000000000000000 0.94453494075735244806
447.00000000000000000000 0.93958993445646599163
448.00000000000000000000 0.93403284720012091924
449.00000000000000000000 0.92834525308953941281
450.00000000000000000000 0.92312623229223211840
451.00000000000000000000 0.91900424149228143733
452.00000000000000000000 0.91660773737376977088
453.00000000000000000000 0.91628257523033007637
454.00000000000000000000 0.91724420479379542570
455.00000000000000000000 0.91842547440554911375
456.00000000000000000000 0.91875923240697487948
457.00000000000000000000 0.91747827166114370723
458.00000000000000000000 0.91501516311787689517
459.00000000000000000000 0.91210242224868409711
460.00000000000000000000 0.90947256452507363456
461.00000000000000000000 0.90770798684030040704
462.00000000000000000000 0.90679061177459696630
463.00000000000000000000 0.90655224332994144287
464.00000000000000000000 0.90682468550831196730
465.00000000000000000000 0.90744908131029611287
466.00000000000000000000 0.90830392973092055620
467.00000000000000000000 0.90927706876382119461
468.00000000000000000000 0.91025633640263403645
469.00000000000000000000 0.91119327016294393573
470.00000000000000000000 0.91229420564813212824
471.00000000000000000000 0.91382917798352825134
472.00000000000000000000 0.91606822229446205341
473.00000000000000000000 0.91914061204013908224
474.00000000000000000000 0.92261257401526763910
475.00000000000000000000 0.92590957334843193571
476.00000000000000000000 0.92845707516821585070
477.00000000000000000000 0.92985770222662100792
478.00000000000000000000 0.93042270776931823573
479.00000000000000000000 0.93064050266539677381
480.00000000000000000000 0.93099949778394486266
481.00000000000000000000 0.93190413841737218537
482.00000000000000000000 0.93342300755137230794
483.00000000000000000000 0.93554072259495968389
484.00000000000000000000 0.93824190095714898874
485.00000000000000000000 0.94147051128126535424
486.00000000000000000000 0.94500792714787529292
487.00000000000000000000 0.94859487337185655065
488.00000000000000000000 0.95197207476808598514
489.00000000000000000000 0.95494914261376984133
490.00000000000000000000 0.95761123403542902643
491.00000000000000000000 0.96011239262191383492
492.00000000000000000000 0.96260666196207389511
493.00000000000000000000 0.96523156197426984715
494.00000000000000000000 0.96805851789490571235
495.00000000000000000000 0.97114243128989585774
496.00000000000000000000 0.97453820372515498338
497.00000000000000000000 0.97823868460050311668
498.00000000000000000000 0.98198851465138103922
499.00000000000000000000 0.98547028244713508194
500.00000000000000000000 0.98836657655711190884
501.00000000000000000000 0.99050815505958977880
502.00000000000000000000 0.99231845406857499547
503.00000000000000000000 0.99436907920700623453
504.00000000000000000000 0.99723163609782194960
505.00000000000000000000 1.00127494981588949230
506.00000000000000000000 1.00605672324379136207
507.00000000000000000000 1.01093187871603928940
508.00000000000000000000 1.01525533856714500480
509.00000000000000000000 1.01857392833670101773
510.00000000000000000000 1.02120208638462606210
511.00000000000000000000 1.02364615427592031693
512.00000000000000000000 1.02641247357558329512
513.00000000000000000000 1.02984968257104902989
514.00000000000000000000 1.03367560643948808163
515.00000000000000000000 1.03745036708050553109
516.00000000000000000000 1.04073408639370468265
517.00000000000000000000 1.04322336140595162135
518.00000000000000000000 1.04516068965315200856
519.00000000000000000000 1.04692504379847339813
520.00000000000000000000 1.04889539650508289981
521.00000000000000000000 1.05134696042974140617
522.00000000000000000000 1.05413990820358760558
523.00000000000000000000 1.05703065245135241490
524.00000000000000000000 1.05977560579776852734
525.00000000000000000000 1.06217589174689908127
526.00000000000000000000 1.06421147732013587905
527.00000000000000000000 1.06590704041820094616
528.00000000000000000000 1.06728725894181786238
529.00000000000000000000 1.06837660745396112461
530.00000000000000000000 1.06919874716661356118
531.00000000000000000000 1.06977713595400958368
532.00000000000000000000 1.07013523169038426985
533.00000000000000000000 1.07028834493549540596
534.00000000000000000000 1.07021919699119472114
535.00000000000000000000 1.06990236184485731918
536.00000000000000000000 1.06931241348385830392
537.00000000000000000000 1.06846750007677071537
538.00000000000000000000 1.06756006651696222498
539.00000000000000000000 1.06682613187899821838
540.00000000000000000000 1.06650171523744430324
541.00000000000000000000 1.06670164962852886958
542.00000000000000000000 1.06705602393513565573
543.00000000000000000000 1.06707374100181029419
544.00000000000000000000 1.06626370367309908360
545.00000000000000000000 1.06429214698160712338
546.00000000000000000000 1.06145463471217671447
547.00000000000000000000 1.05820406283770895861
548.00000000000000000000 1.05499332733110495752
549.00000000000000000000 1.05220391488064657359
550.00000000000000000000 1.04993167503613671343
551.00000000000000000000 1.04820104806275904430
552.00000000000000000000 1.04703647422569767755
553.00000000000000000000 1.04634870677351110579
554.00000000000000000000 1.04559375088825756706
555.00000000000000000000 1.04411392473537145698
556.00000000000000000000 1.04125154648028606097
557.00000000000000000000 1.03662377483626721997
558.00000000000000000000 1.03094713070790922060
559.00000000000000000000 1.02521297554763779480
560.00000000000000000000 1.02041267080787978472
561.00000000000000000000 1.01726732442841916182
562.00000000000000000000 1.01541703029847352191
563.00000000000000000000 1.01423162879461825625
564.00000000000000000000 1.01308096029342897815
565.00000000000000000000 1.01142919603602976508
566.00000000000000000000 1.00911783072174054965
567.00000000000000000000 1.00608268991442950657
568.00000000000000000000 1.00225959917796503262
569.00000000000000000000 0.99772007231544490580
570.00000000000000000000 0.99307837608688465103
571.00000000000000000000 0.98908446549152917449
572.00000000000000000000 0.98648829552862404846
573.00000000000000000000 0.98573373914419404329
574.00000000000000000000 0.98604034107138538445
575.00000000000000000000 0.98632156399012493875
576.00000000000000000000 0.98549087058033890685
577.00000000000000000000 0.98278802774845697154
578.00000000000000000000 0.97875801930692130082
579.00000000000000000000 0.97427213329467665659
580.00000000000000000000 0.97020165775066802283
581.00000000000000000000 0.96724457594247414960
582.00000000000000000000 0.96540565205220785217
583.00000000000000000000 0.96451634549061571189
584.00000000000000000000 0.96440811566844397706
585.00000000000000000000 0.96486528901850676654
586.00000000000000000000 0.96548366006188812705
587.00000000000000000000 0.96581189034174064201
588.00000000000000000000 0.96539864140121589564
589.00000000000000000000 0.96397097385424446170
590.00000000000000000000 0.96196954459786832015
591.00000000000000000000 0.96001340959990866253
592.00000000000000000000 0.95872162482818601426
593.00000000000000000000 0.95852757065443261464
594.00000000000000000000 0.95912192506602633735
595.00000000000000000000 0.96000969045425665893
596.00000000000000000000 0.96069586921041283389
597.00000000000000000000 0.96078529231740794625
598.00000000000000000000 0.96028210512464762250
599.00000000000000000000 0.95929028157316220682
600.00000000000000000000 0.95791379560398115522
601.00000000000000000000 0.95628704467911418430
602.00000000000000000000 0.95466612034449283009
603.00000000000000000000 0.95333753766702855614
604.00000000000000000000 0.95258781171363304807
605.00000000000000000000 0.95266268060481429369
606.00000000000000000000 0.95364477467546671097
607.00000000000000000000 0.95557594731408168620
608.00000000000000000000 0.95849805190914993958
609.00000000000000000000 0.96228103306726031629
610.00000000000000000000 0.96610720026739327349
611.00000000000000000000 0.96898695420662694922
612.00000000000000000000 0.96993069558204014768
613.00000000000000000000 0.96833489499792757549
614.00000000000000000000 0.96514030268745332197
615.00000000000000000000 0.96167373879099860012
616.00000000000000000000 0.95926202344894395679
617.00000000000000000000 0.95890614264776963260
618.00000000000000000000 0.96030374575835220075
619.00000000000000000000 0.96282664799766704000
620.00000000000000000000 0.96584666458268986222
621.00000000000000000000 0.96882733596942260945
622.00000000000000000000 0.97159910356997203351
623.00000000000000000000 0.97408413403547067233
624.00000000000000000000 0.97620459401705206304
625.00000000000000000000 0.97793597413513277949
626.00000000000000000000 0.97946706088726753769
627.00000000000000000000 0.98103996474029475650
628.00000000000000000000 0.98289679616105285476
629.00000000000000000000 0.98518954645321255015
630.00000000000000000000 0.98770973026777308945
631.00000000000000000000 0.99015874309256635133
632.00000000000000000000 0.99223798041542399240
633.00000000000000000000 0.99372534399529977023
634.00000000000000000000 0.99470476067563884381
635.00000000000000000000 0.99533666357100825106
636.00000000000000000000 0.99578148579597514090
637.00000000000000000000 0.99622561785870555884
638.00000000000000000000 0.99695927984176169190
639.00000000000000000000 0.99829864922130384652
640.00000000000000000000 1.00055990347349310632
641.00000000000000000000 1.00391881254781778487
642.00000000000000000000 1.00798951628707622596
643.00000000000000000000 1.01224574700739511357
644.00000000000000000000 1.01616123702490024350
645.00000000000000000000 1.01930170713917900294
646.00000000000000000000 1.02160083208366336827
647.00000000000000000000 1.02308427507524690725
648.00000000000000000000 1.02377769933082207743
649.00000000000000000000 1.02379636080284952548
650.00000000000000000000 1.02361388638605643742
651.00000000000000000000 1.02379349571073774428
652.00000000000000000000 1.02489840840718793302
653.00000000000000000000 1.02723087655291833720
654.00000000000000000000 1.03004928201430812074
655.00000000000000000000 1.03235103910495240598
656.00000000000000000000 1.03313356213844720344
657.00000000000000000000 1.03174534722148925070
658.00000000000000000000 1.02893921763318196838
659.00000000000000000000 1.02581907844573017030
660.00000000000000000000 1.02348883473133867028
661.00000000000000000000 1.02282314254269612874
662.00000000000000000000 1.02377966185442592639
663.00000000000000000000 1.02608680362163529054
664.00000000000000000000 1.02947297879943100440
665.00000000000000000000 1.03355200775222511034
666.00000000000000000000 1.03747934848164602428
667.00000000000000000000 1.04029586839862764336
668.00000000000000000000 1.04104243491410297651
669.00000000000000000000 1.03911129121338130510
670.00000000000000000000 1.03530018357927366957
671.00000000000000000000 1.03075823406896827095
672.00000000000000000000 1.02663456473965197802
673.00000000000000000000 1.02386041288115259285
674.00000000000000000000 1.02249547671386231684
675.00000000000000000000 1.02238156969081428471
676.00000000000000000000 1.02336050526504096503
677.00000000000000000000 1.02519029764072988620
678.00000000000000000000 1.02729376402668859392
679.00000000000000000000 1.02900992238287813940
680.00000000000000000000 1.02967779066926001796
681.00000000000000000000 1.02883772200862977364
682.00000000000000000000 1.02683541017511714699
683.00000000000000000000 1.02421788410568548322
684.00000000000000000000 1.02153217273729790548
685.00000000000000000000 1.01921475763648317070
686.00000000000000000000 1.01725993088802657560
687.00000000000000000000 1.01555143720627949477
688.00000000000000000000 1.01397302130559285871
689.00000000000000000000 1.01241085612888981338
690.00000000000000000000 1.01076082753338147846
691.00000000000000000000 1.00892124960485207730
692.00000000000000000000 1.00679043642908516709
693.00000000000000000000 1.00432948249486786452
694.00000000000000000000 1.00175060390300396662
695.00000000000000000000 0.99932879715729971970
696.00000000000000000000 0.99733905876156203618
697.00000000000000000000 0.99599283180783415581
698.00000000000000000000 0.99524734574110518270
699.00000000000000000000 0.99499627659460077034
700.00000000000000000000 0.99513330040154612810
701.00000000000000000000 0.99551957319114114942
702.00000000000000000000 0.99588617097648168830
703.00000000000000000000 0.99593164976663794974
704.00000000000000000000 0.99535456557067991668
705.00000000000000000000 0.99399517031240003373
706.00000000000000000000 0.99226049957447992611
707.00000000000000000000 0.99069928485432323662
708.00000000000000000000 0.98986025764933405213
709.00000000000000000000 0.99010507092804245222
710.00000000000000000000 0.99104706354348370834
711.00000000000000000000 0.99211249581981875156
712.00000000000000000000 0.99272762808120906808
713.00000000000000000000 0.99248266709445853717
714.00000000000000000000 0.99162360539694083261
715.00000000000000000000 0.99056038196867335355
716.00000000000000000000 0.98970293578967205583
717.00000000000000000000 0.98935831924175077212
718.00000000000000000000 0.98942203831390962421
719.00000000000000000000 0.98968671239694605557
720.00000000000000000000 0.98994496088165684355
721.00000000000000000000 0.99003235129867439568
722.00000000000000000000 0.98995624373796842210
723.00000000000000000000 0.98976694642934448520
724.00000000000000000000 0.98951476760260703713
725.00000000000000000000 0.98924631181747102460
726.00000000000000000000 0.98899336895328948671
727.00000000000000000000 0.98878402521932595715
728.00000000000000000000 0.98864636682484285934
729.00000000000000000000 0.98859693120800207211
730.00000000000000000000 0.98860606072255730048
731.00000000000000000000 0.98863254895116137178
732.00000000000000000000 0.98863518947646689128
733.00000000000000000000 0.98856290321251427677
734.00000000000000000000 0.98832512039889641731
735.00000000000000000000 0.98782139860659401442
736.00000000000000000000 0.98695129540658799172
737.00000000000000000000 0.98568023150512118491
738.00000000000000000000 0.98423708014948596556
739.00000000000000000000 0.98291657772223683942
740.00000000000000000000 0.98201346060592797915
741.00000000000000000000 0.98173044943489984338
742.00000000000000000000 0.98190220185063548097
743.00000000000000000000 0.98227135974640422678
744.00000000000000000000 0.98258056501547497152
745.00000000000000000000 0.98263880808219150609
746.00000000000000000000 0.98252047349519744390
747.00000000000000000000 0.98236629433421085444
748.00000000000000000000 0.98231700367895002923
749.00000000000000000000 0.98249094184405461050
750.00000000000000000000 0.98291687808384975433
751.00000000000000000000 0.98360118888758152345
752.00000000000000000000 0.98455025074449697975
753.00000000000000000000 0.98575287126502375568
754.00000000000000000000 0.98712758254431831606
755.00000000000000000000 0.98857534779871836239
756.00000000000000000000 0.98999713024456204025
757.00000000000000000000 0.99130618136235648663
758.00000000000000000000 0.99246490568928802389
759.00000000000000000000 0.99344799602671207683
760.00000000000000000000 0.99423014517598495843
761.00000000000000000000 0.99481216987341247737
762.00000000000000000000 0.99529938259510652987
763.00000000000000000000 0.99582321975212906295
764.00000000000000000000 0.99651511775554191264
765.00000000000000000000 0.99747423283099423408
766.00000000000000000000 0.99867060046248057326
767.00000000000000000000 1.00004197594858257325
768.00000000000000000000 1.00152611458788109999
769.00000000000000000000 1.00304116502128159993
770.00000000000000000000 1.00442684925898517712
771.00000000000000000000 1.00550328265351662793
772.00000000000000000000 1.00609058055740097082
773.00000000000000000000 1.00608506187544199939
774.00000000000000000000 1.00568785972155949615
775.00000000000000000000 1.00517631076195246287
776.00000000000000000000 1.00482775166281901313
777.00000000000000000000 1.00485215828025831186
778.00000000000000000000 1.00519006322996951042
779.00000000000000000000 1.00571463831755147922
780.00000000000000000000 1.00629905534860397687
781.00000000000000000000 1.00681862898341667467
782.00000000000000000000 1.00715724530104400181
783.00000000000000000000 1.00720093323523118833
784.00000000000000000000 1.00683572171972324227
785.00000000000000000000 1.00602172946060197667
786.00000000000000000000 1.00501543425329575854
787.00000000000000000000 1.00414740366556953788
788.00000000000000000000 1.00374820526518804265
789.00000000000000000000 1.00404551321237889283
790.00000000000000000000 1.00485542803721905614
791.00000000000000000000 1.00589115686224750412
792.00000000000000000000 1.00686590681000387448
793.00000000000000000000 1.00755258982136419732
794.00000000000000000000 1.00796293711055251485
795.00000000000000000000 1.00816838471012837353
796.00000000000000000000 1.00824036865265309615
797.00000000000000000000 1.00824006606881044767
798.00000000000000000000 1.00818761848178173324
799.00000000000000000000 1.00809290851287092217
800.00000000000000000000 1.00796581878338309401
801.00000000000000000000 1.00780771992478257459
802.00000000000000000000 1.00758593460917422746
803.00000000000000000000 1.00725927351882260652
804.00000000000000000000 1.00678654733599204363
805.00000000000000000000 1.00617503836281518836
806.00000000000000000000 1.00562591538089818322
807.00000000000000000000 1.00538881879171504430
808.00000000000000000000 1.00571338899674023182
809.00000000000000000000 1.00675529652942330472
810.00000000000000000000 1.00829433245111799167
811.00000000000000000000 1.01001631795515334211
812.00000000000000000000 1.01160707423485907164
813.00000000000000000000 1.01279483021493588168
814.00000000000000000000 1.01347744574557441233
815.00000000000000000000 1.01359518840833717768
816.00000000000000000000 1.01308832578478602571
817.00000000000000000000 1.01196701531336308300
818.00000000000000000000 1.01052097386003003621
819.00000000000000000000 1.00910980814762751834
820.00000000000000000000 1.00809312489899682852
821.00000000000000000000 1.00771058458233131461
822.00000000000000000000 1.00772206264723318547
823.00000000000000000000 1.00776748828865736485
824.00000000000000000000 1.00748679070155811033
825.00000000000000000000 1.00662007001295639164
826.00000000000000000000 1.00530811007813536406
827.00000000000000000000 1.00379186568444556116
828.00000000000000000000 1.00231229161923596216
829.00000000000000000000 1.00108708757156250613
830.00000000000000000000 1.00024093283730519666
831.00000000000000000000 0.99987525161404933183
832.00000000000000000000 1.00009146809938087586
833.00000000000000000000 1.00090135945545322116
834.00000000000000000000 1.00195811470268902887
835.00000000000000000000 1.00282527582607849936
836.00000000000000000000 1.00306638481061205503
837.00000000000000000000 1.00237957059013127470
838.00000000000000000000 1.00100130989388125258
839.00000000000000000000 0.99930266639995868339
840.00000000000000000000 0.99765470378646003979
841.00000000000000000000 0.99638582344622184106
842.00000000000000000000 0.99565377763104079278
843.00000000000000000000 0.99557365630745364715
844.00000000000000000000 0.99626054944199715635
845.00000000000000000000 0.99772743306960054444
846.00000000000000000000 0.99957882749876436623
847.00000000000000000000 1.00131713910638153742
848.00000000000000000000 1.00244477426934430753
849.00000000000000000000 1.00260493726480737209
850.00000000000000000000 1.00200402397097110274
851.00000000000000000000 1.00098922816629687382
852.00000000000000000000 0.99990774362924583762
853.00000000000000000000 0.99903635026442372258
854.00000000000000000000 0.99837017248101211919
855.00000000000000000000 0.99783392081433675003
856.00000000000000000000 0.99735230579972311560
857.00000000000000000000 0.99685614981252501643
858.00000000000000000000 0.99630072258820912001
859.00000000000000000000 0.99564740570226994976
860.00000000000000000000 0.99485758073020191805
861.00000000000000000000 0.99391730800503952370
862.00000000000000000000 0.99291136288997416948
863.00000000000000000000 0.99194919950573701151
864.00000000000000000000 0.99114027197305909489
865.00000000000000000000 0.99058065634949854505
866.00000000000000000000 0.99031291643992247486
867.00000000000000000000 0.99036623798602474444
868.00000000000000000000 0.99076980672949988005
869.00000000000000000000 0.99151319343852539756
870.00000000000000000000 0.99242750898721399100
871.00000000000000000000 0.99330424927616178810
872.00000000000000000000 0.99393491020596491659
873.00000000000000000000 0.99416062515069369976
874.00000000000000000000 0.99402107737831224554
875.00000000000000000000 0.99360558763025896845
876.00000000000000000000 0.99300347664797194991
877.00000000000000000000 0.99230692371112916295
878.00000000000000000000 0.99161954225236936811
879.00000000000000000000 0.99104780424256988525
880.00000000000000000000 0.99069818165260903342
881.00000000000000000000 0.99064672175138945853
882.00000000000000000000 0.99084777299991089183
883.00000000000000000000 0.99122525915719805756
884.00000000000000000000 0.99170310398227501381
885.00000000000000000000 0.99222336733563931688
886.00000000000000000000 0.99280065348367962930
887.00000000000000000000 0.99346770279425766770
888.00000000000000000000 0.99425725563523492667
889.00000000000000000000 0.99518772363083407573
890.00000000000000000000 0.99622020343071915338
891.00000000000000000000 0.99730146294091559511
892.00000000000000000000 0.99837827006744794822
893.00000000000000000000 0.99938882360378455960
894.00000000000000000000 1.00023704589316753122
895.00000000000000000000 1.00081829016628209850
896.00000000000000000000 1.00102790965381305277
897.00000000000000000000 1.00080958375283257666
898.00000000000000000000 1.00030029652595842116
899.00000000000000000000 0.99968535820219639465
900.00000000000000000000 0.99915007901055075124
901.00000000000000000000 0.99885060846279782876
902.00000000000000000000 0.99882645320179874737
903.00000000000000000000 0.99908795915318571179
904.00000000000000000000 0.99964547224259103775
905.00000000000000000000 1.00046124792308521734
906.00000000000000000000 1.00130517975749122606
907.00000000000000000000 1.00189907083607065985
908.00000000000000000000 1.00196472424908500365
909.00000000000000000000 1.00134628510043288685
910.00000000000000000000 1.00037726654856506947
911.00000000000000000000 0.99951352376556856782
912.00000000000000000000 0.99921091192353184152
913.00000000000000000000 0.99977341147785447895
914.00000000000000000000 1.00089750401718458050
915.00000000000000000000 1.00212779641348226356
916.00000000000000000000 1.00300889553870797855
917.00000000000000000000 1.00320636731066659131
918.00000000000000000000 1.00286961383054396002
919.00000000000000000000 1.00226899624537058031
920.00000000000000000000 1.00167487570217672577
921.00000000000000000000 1.00130607286108830323
922.00000000000000000000 1.00117524643460997780
923.00000000000000000000 1.00124351464834160375
924.00000000000000000000 1.00147199572788325739
925.00000000000000000000 1.00182291457831618153
926.00000000000000000000 1.00226292282265050382
927.00000000000000000000 1.00275977876337751837
928.00000000000000000000 1.00328124070298896342
929.00000000000000000000 1.00378768743196467028
930.00000000000000000000 1.00420997969273972927
931.00000000000000000000 1.00447159871573776790
932.00000000000000000000 1.00449602573138196959
933.00000000000000000000 1.00425569132606140599
934.00000000000000000000 1.00391882351002648122
935.00000000000000000000 1.00370259964949259945
936.00000000000000000000 1.00382419711067583101
937.00000000000000000000 1.00441083525085539385
938.00000000000000000000 1.00522990139156398470
939.00000000000000000000 1.00595882484539833612
940.00000000000000000000 1.00627503492495429249
941.00000000000000000000 1.00596065458446615182
942.00000000000000000000 1.00521658134472047230
943.00000000000000000000 1.00434840636814137760
944.00000000000000000000 1.00366172081715276931
945.00000000000000000000 1.00338146194596511407
946.00000000000000000000 1.00340995137593225195
947.00000000000000000000 1.00356885682019325579
948.00000000000000000000 1.00367984599188808659
949.00000000000000000000 1.00361529138450822352
950.00000000000000000000 1.00345038461295432697
951.00000000000000000000 1.00331102207247857550
952.00000000000000000000 1.00332310015833403583
953.00000000000000000000 1.00357401619079422694
954.00000000000000000000 1.00399717119022002798
955.00000000000000000000 1.00448746710199321441
956.00000000000000000000 1.00493980587149667194
957.00000000000000000000 1.00526164957409425149
958.00000000000000000000 1.00541070080507743967
959.00000000000000000000 1.00535722228971868830
960.00000000000000000000 1.00507147675329200354
961.00000000000000000000 1.00453368268944354114
962.00000000000000000000 1.00376388166531338442
963.00000000000000000000 1.00279207101641554267
964.00000000000000000000 1.00164824807826380315
965.00000000000000000000 1.00039899355056216557
966.00000000000000000000 0.99925722158977559051
967.00000000000000000000 0.99847242971655991717
968.00000000000000000000 0.99829411545157076269
969.00000000000000000000 0.99885400338754792848
970.00000000000000000000 0.99981272640556873021
971.00000000000000000000 1.00071314445879400168
972.00000000000000000000 1.00109811750038568690
973.00000000000000000000 1.00066699302366557411
974.00000000000000000000 0.99974506868259704895
975.00000000000000000000 0.99881412967130445146
976.00000000000000000000 0.99835596118391189968
977.00000000000000000000 0.99869274119012896307
978.00000000000000000000 0.99950821876200590665
979.00000000000000000000 1.00032653574717889100
980.00000000000000000000 1.00067183399328318849
981.00000000000000000000 1.00021519559397042975
982.00000000000000000000 0.99921546362695368160
983.00000000000000000000 0.99807842141596192498
984.00000000000000000000 0.99720985228472391881
985.00000000000000000000 0.99691002157365760095
986.00000000000000000000 0.99705712268993740288
987.00000000000000000000 0.99742383105742760119
988.00000000000000000000 0.99778282209999191732
989.00000000000000000000 0.99795044843070468410
990.00000000000000000000 0.99791777141948379004
991.00000000000000000000 0.99771952962545717991
992.00000000000000000000 0.99739046160775302052
993.00000000000000000000 0.99697168230825228274
994.00000000000000000000 0.99652981219984726469
995.00000000000000000000 0.99613784813818329056
996.00000000000000000000 0.99586878697890512946
997.00000000000000000000 0.99577881051781291788
998.00000000000000000000 0.99585684031132548633
999.00000000000000000000 0.99607498285601669963
1000.00000000000000000000 0.99640534464845997853
1001.00000000000000000000 0.99679397133089242544
1002.00000000000000000000 0.99708266512820176164
1003.00000000000000000000 0.99708716741093927904
1004.00000000000000000000 0.99662321954965604753
1005.00000000000000000000 0.99561011779686026113
1006.00000000000000000000 0.99438137793288783328
1007.00000000000000000000 0.99337407062003180158
1008.00000000000000000000 0.99302526652058520362
1009.00000000000000000000 0.99362048312594120070
1010.00000000000000000000 0.99483902524389211663
1011.00000000000000000000 0.99620864451133039896
1012.00000000000000000000 0.99725709256514816214
1013.00000000000000000000 0.99762834284802759388
1014.00000000000000000000 0.99743125602580773315
1015.00000000000000000000 0.99689091457011858033
1016.00000000000000000000 0.99623240095258902560
1017.00000000000000000000 0.99568079764484873628
1018.00000000000000000000 0.99546118711852682459
1019.00000000000000000000 0.99579865184525240274
1020.00000000000000000000 0.99691827429665502702
1021.00000000000000000000 0.99904513694436380966
1022.00000000000000000000 1.00240432226000786287
1023.00000000000000000000 1.00722091271521696498
