0.00000000000000000000 64.00000000000000000000
1.00000000000000000000 0.00839129302322262280
2.00000000000000000000 0.69282298443183454317
3.00000000000000000000 0.66140981375291996169
4.00000000000000000000 0.80935792788202731707
5.00000000000000000000 1.28066116810720131980
6.00000000000000000000 0.80280262688559456130
7.00000000000000000000 1.15920740436635383297
8.00000000000000000000 0.94841566851812986183
9.00000000000000000000 0.98977458641069249179
10.00000000000000000000 1.04024715044411775189
11.00000000000000000000 0.96995242779212142992
12.00000000000000000000 1.04098784161837021323
13.00000000000000000000 0.98973783119728020452
14.00000000000000000000 1.00557293013711213092
15.00000000000000000000 1.00232896075451383133
16.00000000000000000000 0.99622020343071915338
17.00000000000000000000 1.00337440631870555841
18.00000000000000000000 0.99688271109091286526
