0 1024.000000000000000
1 0.000000210824728
2 0.000002806490244
3 0.000011549338888
4 0.000026309969750
5 0.000070184399192
6 0.000145722449815
7 0.000268735691255
8 0.000449350063198
9 0.000714723207888
10 0.001116221318679
11 0.001706324361294
12 0.002308868986438
13 0.003491522025560
14 0.004758541398174
15 0.006323181024830
16 0.008356712438399
17 0.011814733565753
18 0.015709015214816
19 0.021907243443032
20 0.029512613050399
21 0.041203402112135
22 0.057887706576901
23 0.080895478704146
24 0.124889520045958
25 0.188094746853624
26 0.321851304816929
27 0.500862417424597
28 0.766036662672247
29 1.139126938457290
30 1.607710813588284
31 2.114450155542447
32 2.560848112106323
33 2.828064708755567
34 2.847557175577732
35 2.633695585223345
36 2.305125390661174
37 1.879938424679271
38 1.475285945460200
39 1.150121022616663
40 0.946230208974774
41 0.765951416509993
42 0.633473073217002
43 0.553055616716544
44 0.498132511757422
45 0.459350709529484
46 0.437183652979297
47 0.427928316878946
48 0.432235705164763
49 0.454620085068439
50 0.492996824816579
51 0.518170186214977
52 0.583527906009784
53 0.613106924434041
54 0.686752298179968
55 0.759230923620944
56 0.830720808616904
57 0.910188130206532
58 0.990569061957873
59 1.080018231078334
60 1.139773845672607
61 1.231840861826828
62 1.260786128287413
63 1.349923128485680
64 1.400076943881733
65 1.369672282426446
66 1.391860219538212
67 1.379680643666465
68 1.371708048392186
69 1.316657555791048
70 1.268396535090038
71 1.189334340463175
72 1.143708236763875
73 1.057661482229315
74 0.999218309747762
75 0.946335616231966
76 0.890909763425589
77 0.837345845516651
78 0.818728836143718
79 0.786896308583598
80 0.779503149825793
81 0.767909978985786
82 0.767701459353540
83 0.796982207468578
84 0.798334034632391
85 0.796683525408271
86 0.850882036721005
87 0.886282008627187
88 0.898868740969942
89 0.928397986888886
90 0.954473577763723
91 0.979261952969763
92 1.027050927795213
93 1.051897726034465
94 1.070120886556412
95 1.090020183242601
96 1.101014992197355
97 1.145925985295561
98 1.153681011968537
99 1.130218854046756
100 1.146184781664296
101 1.143116698207626
102 1.131358436360863
103 1.111233526888566
104 1.089808231485742
105 1.057598842967371
106 1.066096518402812
107 1.031461082753681
108 0.990912899734026
109 0.991117857527315
110 0.948526310886061
111 0.954440650509463
112 0.938728624241693
113 0.914021177740579
114 0.926802890435342
115 0.904763067927625
116 0.904443590334674
117 0.910800301348386
118 0.920142469412469
119 0.934205447870588
120 0.920912076738921
121 0.953649487184442
122 0.958396396951972
123 0.966370351974247
124 1.004536191992303
125 1.000186811505568
126 0.998786012331645
127 1.017577111867129
128 1.005621659524232
129 1.035160508101362
130 1.043381225778943
131 1.047038911887915
132 1.059762506297341
133 1.054734465917705
134 1.050669545233250
135 1.055928269028664
136 1.058415421157936
137 1.034835716316459
138 1.039555578320115
139 1.021441035007647
140 1.023610029434949
141 1.001625294668959
142 1.012284506378429
143 1.000011785030365
144 0.997012200847007
145 0.988032444420024
146 0.973644876270042
147 0.975209356269293
148 0.967803180092523
149 0.972868611499415
150 0.967946295622532
151 0.973233239806217
152 0.975849974472992
153 0.963695575290591
154 0.963599099993706
155 0.980338640138507
156 0.981796770677215
157 0.990602759286469
158 0.980626309787234
159 0.998011838674545
160 0.990069761456721
161 0.997893232965108
162 1.014587288373150
163 1.005962145376397
164 1.022477318461125
165 1.024699125410050
166 1.014654549183669
167 1.015020255216829
168 1.035385103430599
169 1.016847873147387
170 1.001680827606123
171 1.023989048931334
172 1.022958200116803
173 1.000234609777979
174 1.000740540156726
175 1.005426363150279
176 1.011614712343799
177 1.004711837016348
178 0.989792289108866
179 0.986622509192413
180 1.012376606787155
181 1.003574112182731
182 0.982795075755821
183 0.986099671547105
184 0.989385889102054
185 0.991654567828734
186 0.989734943211079
187 0.978090478139119
188 0.992520976106863
189 0.999730906053765
190 1.002225134296705
191 0.991492894505445
192 1.002746482994281
193 0.993726476644858
194 0.999112735723572
195 0.998643640810863
196 1.011466758277936
197 0.985477969147801
198 0.999905846610902
199 1.012522355786392
200 1.009827895112980
201 1.000699989714669
202 1.005018891730616
203 0.999487579407462
204 0.998067628698018
205 1.004656145247546
206 1.017286363659026
207 0.996892984385139
208 0.989208569969656
209 1.010497949331816
210 1.000297842047563
211 1.004301622112002
212 1.002838301979853
213 0.998860281670377
214 0.999883933391954
215 0.991749155827519
216 1.004723315294078
217 1.009105708276810
218 0.997641932472015
219 0.992831994558690
220 0.994048548313235
221 1.002957616887325
222 1.004935437792473
223 0.993902082923193
224 0.999287930405673
225 0.994920231551359
226 1.013072290614750
227 0.989513630331573
228 1.002189424987010
229 1.002619838093054
230 0.995613448364394
231 1.003592501415147
232 0.998875669539796
233 0.989987923237293
234 1.004403025857986
235 0.992542372185768
236 0.999049852667628
237 0.995772995838993
238 1.002675646880113
239 1.007090085496505
240 0.983791887923017
241 1.001159376179685
242 0.995079558949138
243 1.007822829894919
244 0.989632241888759
245 1.000276414702469
246 1.014407606113075
247 1.008954091470476
248 1.012526166376643
249 1.010820538643986
250 0.980248790195922
251 1.008002217113972
252 0.995206995704506
253 1.010061514063097
254 0.997220570793246
255 1.065984417994817
