0.00000000000000000000 100.00000000000000000000
1.00000000000000000000 0.00001154933888800000
2.00000000000000000000 0.00014572244981500001
3.00000000000000000000 0.00071472320788800001
4.00000000000000000000 0.00230886898643799980
5.00000000000000000000 0.00632318102482999980
6.00000000000000000000 0.01570901521481600158
7.00000000000000000000 0.04120340211213500276
8.00000000000000000000 0.12488952004595800516
9.00000000000000000000 0.50086241742459702841
10.00000000000000000000 1.60771081358828404895
11.00000000000000000000 2.82806470875556703604
12.00000000000000000000 2.30512539066117394526
13.00000000000000000000 1.15012102261666293579
14.00000000000000000000 0.63347307321700196958
15.00000000000000000000 0.45935070952948398038
16.00000000000000000000 0.43223570516476300662
17.00000000000000000000 0.51817018621497701325
18.00000000000000000000 0.68675229817996796822
19.00000000000000000000 0.91018813020653199786
20.00000000000000000000 1.13977384567260697779
21.00000000000000000000 1.34992312848568007944
22.00000000000000000000 1.39186021953821192909
23.00000000000000000000 1.31665755579104803985
24.00000000000000000000 1.14370823676387489698
25.00000000000000000000 0.94633561623196604806
26.00000000000000000000 0.81872883614371805283
27.00000000000000000000 0.76790997898578594594
28.00000000000000000000 0.79833403463239105413
29.00000000000000000000 0.88628200862718697906
30.00000000000000000000 0.95447357776372299121
31.00000000000000000000 1.05189772603446507482
32.00000000000000000000 1.10101499219735510238
33.00000000000000000000 1.13021885404675592746
34.00000000000000000000 1.13135843636086308450
35.00000000000000000000 1.05759884296737105558
36.00000000000000000000 0.99091289973402596480
37.00000000000000000000 0.95444065050946302886
38.00000000000000000000 0.92680289043534203053
39.00000000000000000000 0.91080030134838596556
40.00000000000000000000 0.92091207673892094832
41.00000000000000000000 0.96637035197424703270
42.00000000000000000000 0.99878601233164499007
43.00000000000000000000 1.03516050810136195359
44.00000000000000000000 1.05976250629734103370
45.00000000000000000000 1.05592826902866399053
46.00000000000000000000 1.03955557832011491470
47.00000000000000000000 1.00162529466895899866
48.00000000000000000000 0.99701220084700703516
49.00000000000000000000 0.97520935626929294848
50.00000000000000000000 0.96794629562253198252
51.00000000000000000000 0.96369557529059102219
52.00000000000000000000 0.98179677067721504713
53.00000000000000000000 0.99801183867454501542
54.00000000000000000000 1.01458728837314993143
55.00000000000000000000 1.02469912541004992690
56.00000000000000000000 1.03538510343059897423
57.00000000000000000000 1.02398904893133391170
58.00000000000000000000 1.00074054015672597728
59.00000000000000000000 1.00471183701634791952
60.00000000000000000000 1.01237660678715490903
61.00000000000000000000 0.98609967154710498338
62.00000000000000000000 0.98973494321107902127
63.00000000000000000000 0.99973090605376502271
64.00000000000000000000 1.00274648299428092990
65.00000000000000000000 0.99864364081086298697
66.00000000000000000000 0.99990584661090198271
67.00000000000000000000 1.00069998971466889159
68.00000000000000000000 0.99806762869801801674
69.00000000000000000000 0.99689298438513895828
70.00000000000000000000 1.00029784204756300170
71.00000000000000000000 0.99886028167037699266
72.00000000000000000000 1.00472331529407798989
73.00000000000000000000 0.99283199455868997862
74.00000000000000000000 1.00493543779247307413
75.00000000000000000000 0.99492023155135900225
76.00000000000000000000 1.00218942498701002464
77.00000000000000000000 1.00359250141514699806
78.00000000000000000000 1.00440302585798590940
79.00000000000000000000 0.99577299583899303581
