0 16.000000000000000
1 0.000923799234442
2 0.027777923911344
3 0.508733588457108
4 2.376883526643117
5 0.846116986870766
6 0.519106179475784
7 0.959427257378896
8 1.323842542512076
9 1.015485586864608
10 0.817022258744520
11 0.954105257987976
12 1.110787849128246
13 1.027973237244979
14 0.957323986020955
15 0.955598400284847
16 1.027311953405539
17 1.025393332900672
18 1.003663761417071
19 0.964313973983129
20 1.006599414733148
21 1.015511829819944
22 1.000272210029995
23 0.988191215481077
24 0.998085612529202
25 1.006567120552063
26 0.999597682871602
27 0.997703752866605
28 1.000196442717598
29 1.006326503430804
30 0.989543237584703
31 1.005934061912390
32 1.001463673710823
33 0.997430093586445
34 0.995328934569108
35 1.005763754821741
36 1.000351779419800
37 1.001360097475219
38 0.996220633853227
39 0.995586255385030
40 1.003972702612311
41 1.005029450882884
42 0.997330072251233
43 0.994688421901729
44 1.005407815826112
45 1.005716564900735
46 0.992256574131347
47 1.001137920438427
48 0.998566440282724
49 1.008230920684965
50 0.995056604345640
51 0.995304966414416
52 1.004564912273334
53 1.006516357493955
54 0.992377533956810
55 0.997732440207867
56 1.001866078307462
57 1.003339072399669
58 0.995188894180151
59 1.003055983263513
60 0.999954172239012
61 1.000101862494478
62 1.001594276452551
63 0.996699997782707
64 1.003620663561772
65 0.997470703665857
66 1.000914635658264
67 0.996598895990624
68 1.005228825111305
69 0.996063043291752
70 1.000278371253184
71 1.000499691918632
72 1.001645578692357
73 0.997624178641829
74 0.996547057967761
75 1.005284785222607
76 1.000223164260387
77 0.999494277181164
78 0.996838965335814
79 1.004320586881330
80 1.001646968951592
81 0.994729614973068
82 1.000368969431564
83 1.002601544535349
84 1.005176276190957
85 0.993059710429533
86 0.996603204485248
87 1.007012560315754
88 1.000251137118303
89 0.996332022945086
90 0.996796583567841
91 1.005661296554738
92 0.999786312004616
93 0.997438681452242
94 1.001330244305887
95 1.000282236625408
96 0.997087793946266
97 1.003810176932359
98 0.997384978360251
99 0.997401660828857
100 1.001115361130551
101 1.005118713680520
102 0.998552043245446
103 0.996811937827330
104 1.000473512425309
105 1.003491598997057
106 0.999146647836970
107 0.997842298731917
108 0.997646152434579
109 1.005724797123357
110 0.997318918621817
111 0.998932119872835
112 0.999666559185301
113 1.004169476333629
114 0.999278376660039
115 0.997162419392003
116 0.999914302339767
117 1.003574296670116
118 0.998224398874222
119 0.999934927180961
120 0.996612929758873
121 1.004603977274636
122 0.998814719791857
123 0.997561240514505
124 1.002805478553823
125 1.001068931404907
126 0.997684917752705
127 0.999677814981517
128 1.000789321452669
129 0.997565219547543
130 1.003882378481683
131 1.000505309736375
132 1.000271129387396
133 0.997334200059068
134 0.999457880109549
135 1.001349600743164
136 1.001145190196418
137 0.997478168491924
138 0.999309755585812
139 1.002151948885179
140 0.999337018581859
141 1.002340695179931
142 0.994122049239065
143 1.006936628156238
144 0.996734806189412
145 1.002125697512912
146 0.996027117389939
147 1.002616954477210
148 1.000353360125998
149 0.998804457864519
150 0.999030690907426
151 1.000530078618423
152 1.000561395629508
153 1.000093202550703
154 0.998410013675690
155 1.001737723251184
156 1.000940207330907
157 1.000257611274719
158 0.997872201725841
159 1.001408903360367
160 0.999152500553435
161 0.999854437668215
162 0.999243593658321
163 1.000942877736915
164 1.000012581738142
165 1.001140574960746
166 0.998818215396669
167 0.998814085346252
168 1.003078059991822
169 0.997815468885603
170 1.000618369495115
171 1.000862999757131
172 1.001396245078037
173 0.996638343488570
174 1.000713283296957
175 0.999930082206373
176 1.003654555129490
177 0.994513250035113
178 1.000256941239867
179 1.001692564344742
180 0.999405681333817
181 1.000790776593702
182 0.998588586506778
183 1.001069546759534
184 1.001319294868832
185 0.999897835393475
186 0.997625029285749
187 0.999491797372343
188 1.004450122045504
189 0.997481930643728
190 1.000489617754149
191 0.998189725200206
192 1.002381774539850
193 0.999643775515067
194 1.001321846027438
195 0.995040126431447
196 1.005470056659900
197 0.998456192172431
198 0.999213647085523
199 0.996599983665850
200 1.005235237655816
201 0.998443897102257
202 0.999601222911189
203 0.999521161328597
204 1.001267616587106
205 0.999459996367946
206 0.998974354489695
207 1.000248193740845
208 0.999927053458741
209 1.001167462373072
210 0.999229594065649
211 1.000716617093242
212 0.999130863094044
213 0.998908926156305
214 1.001610468097386
215 1.001272725734826
216 0.997660003473304
217 0.998553849670083
218 1.002222655005863
219 1.002096024293431
220 0.997129314724421
221 0.999384936852578
222 1.002834883131338
223 0.999127954937691
224 0.998644190876844
225 0.998761678920434
226 1.002540657861849
227 0.999757843755059
228 0.996557913043282
229 1.003806935991833
230 0.999206920351301
231 0.999481198108858
232 0.998886225062625
233 1.005458133781086
234 0.994300792851145
235 1.001458694482444
236 1.002817239551931
237 0.997766389423295
238 1.000166314117836
239 0.998875620076433
240 1.003677853713921
241 0.994624959266916
242 1.003708120541363
243 0.999849263953153
244 0.999804041665239
245 0.997696525130131
246 1.001627696622716
247 1.001149581581200
248 0.999253378098548
249 0.998279750423358
250 1.001127632162006
251 1.000542478039861
252 1.002659439814242
253 0.995664620219763
254 1.000503064455962
255 1.007980257272720
