0 64.000000000000000
1 0.000065569625804
2 0.000799554822152
3 0.003519520908594
4 0.012059838588660
5 0.060824220068753
6 0.302601739764214
7 1.295570808152358
8 2.307657969849450
9 1.738131335803441
10 0.958446241476957
11 0.587107717990875
12 0.526176945120096
13 0.672290905662205
14 0.898958687077869
15 1.125654677549998
16 1.245145229001840
17 1.257498874746520
18 1.123064908385277
19 0.963595504562060
20 0.859384316590524
21 0.836466216378742
22 0.900175357566160
23 0.980624809435436
24 1.061974564665242
25 1.089393789569537
26 1.090013789859685
27 1.032293036216643
28 0.978570513072468
29 0.944748329619567
30 0.952241193106834
31 0.966063894904577
32 0.997382568120956
33 1.007243870542600
34 1.034457170126731
35 1.026393615855620
36 1.028407980141969
37 1.001128300763013
38 0.976809657644480
39 0.978595746140326
40 0.984809467853126
41 0.990400702199515
42 1.002758483543541
43 1.016452947010597
44 1.014425941999408
45 1.010946718647199
46 0.999412068241351
47 0.990135241452962
48 0.994948839529967
49 0.988585446618105
50 0.994570013667856
51 1.009003842318499
52 1.003846130309961
53 1.001117526791816
54 1.012820494763645
55 0.994783126293345
56 0.989928666242333
57 1.004628346694840
58 0.998102703592279
59 0.997922965041969
60 1.004015999789141
61 1.000792936258709
62 0.991980137265458
63 1.000013836324215
64 1.003915484111334
65 1.005929050070268
66 1.001737622320652
67 1.000799623300444
68 0.993106052675078
69 0.995371556052795
70 1.004125201276370
71 0.996400349051039
72 1.003194711605708
73 0.998782656573016
74 1.004229094447761
75 1.004484764417680
76 0.993690261493127
77 0.998526203295877
78 0.999625376292637
79 0.999323482715314
80 1.004055738219848
81 0.999352260351181
82 1.001663586541788
83 0.998624645528339
84 0.996893913443409
85 0.998988677332871
86 1.004865905160413
87 0.997292930233306
88 0.995014886137183
89 1.009688403010368
90 0.996330493170282
91 1.000261546836959
92 0.995109646690303
93 1.003788384060337
94 0.997366007417440
95 1.000808100042672
96 0.997556290825208
97 1.007898826199242
98 1.001188816208588
99 0.996383310474964
100 0.998195633096130
101 0.996959324522191
102 0.998686727714835
103 0.998956052538676
104 1.003791991976045
105 1.002336022646531
106 1.007321640677836
107 0.993141269045217
108 0.994376934077366
109 1.002922470632352
110 0.996736019676508
111 1.003399181862672
112 0.998857307604381
113 1.004959945263488
114 0.999042773439038
115 0.998563776910305
116 0.996837302459685
117 1.008487267338711
118 0.992827524530127
119 1.000823007847266
120 0.999402005146159
121 1.000503317493459
122 1.002034957390375
123 0.996564146239781
124 1.003930607057632
125 1.001677032892067
126 0.999557907461489
127 0.995276357321178
128 1.001401530596816
129 1.001333413692900
130 1.001819543895267
131 0.992939332039049
132 1.002667357248289
133 0.999595792513888
134 0.999407713413239
135 1.000552058761770
136 1.005042482149993
137 0.999583964364244
138 0.998753939651781
139 0.996658872130891
140 0.997196586900636
141 1.001441621862420
142 1.000956705239202
143 1.004290667374929
144 1.003549806381527
145 0.992913048491519
146 0.999582096737387
147 1.001705869509463
148 0.998940123479907
149 0.999176756684053
150 1.002092890095610
151 0.997454269813455
152 1.003986990109819
153 0.998092212883229
154 1.001517692923546
155 1.001093767831723
156 0.997214871596117
157 0.998322638927722
158 1.001883252710104
159 0.997904126286507
160 1.005330578264487
161 0.999162941832434
162 0.997889431775548
163 1.000847740226003
164 0.998395082010673
165 0.999311274105264
166 1.002333848343955
167 0.998317132084286
168 1.004352443036623
169 0.996236487135400
170 1.001037917837334
171 0.998376146510795
172 0.999902446355138
173 1.000009080703310
174 0.998914738747187
175 1.004632078055982
176 0.999186249945661
177 1.000473213701671
178 0.996280963739587
179 1.001136096220621
180 0.998275817839247
181 1.000917779815780
182 0.999769747971672
183 1.000932637221959
184 1.005911746759996
185 0.997889481586953
186 0.997966818809509
187 0.999721214226082
188 0.993857829252610
189 1.004024363952140
190 0.999881696681048
191 1.004365004720439
192 1.002232095720817
193 0.995405101145689
194 1.000324262524130
195 0.997284501695480
196 1.000108945637177
197 1.002859601495313
198 0.999774947525963
199 0.997971688481894
200 1.002228034867181
201 1.000611482989827
202 1.001158581914440
203 0.998480031109718
204 0.999017210694894
205 0.998257696357640
206 1.000073559299300
207 1.000901156042251
208 0.999342486037228
209 1.005115336801377
210 1.000615148646075
211 0.997608744426014
212 1.000372140350456
213 0.994478017712633
214 1.000503111453283
215 1.002671484590657
216 1.001433506866411
217 0.999770398923131
218 1.000197086714010
219 1.002648268476387
220 1.001215643534771
221 0.994604530426698
222 0.995866735497217
223 1.001357365659503
224 1.002732481120685
225 1.002477441954408
226 1.000358537425486
227 1.002533774928185
228 0.994618717468146
229 0.999265044449485
230 1.000045300381524
231 0.999451148675548
232 1.002358715149982
233 1.000880795004575
234 0.995828397296093
235 1.004243984942291
236 1.000301680129928
237 0.998574885882829
238 1.001477772785612
239 0.996415986524274
240 0.999785698909577
241 1.001183362335575
242 0.999887491843497
243 1.001548639286763
244 1.001426056795514
245 0.999702106931574
246 1.000186201885785
247 1.000432220765346
248 0.997077668758587
249 0.996571966830422
250 1.004139204000689
251 1.002007518038154
252 0.997891361577601
253 0.999380042804546
254 1.002484425385990
255 0.985483239094416
