0.00000000000000000000 256.00000000000000000000
1.00000000000000000000 0.00732647898927339496
2.00000000000000000000 0.04346871843079001124
3.00000000000000000000 2.46193424656014991925
4.00000000000000000000 0.61084894923385735233
5.00000000000000000000 0.59930636383021362867
6.00000000000000000000 1.35792916700472865443
7.00000000000000000000 1.00592980750124572076
8.00000000000000000000 0.79423219487546459217
9.00000000000000000000 1.09467183603400730618
10.00000000000000000000 1.05593490411761514736
11.00000000000000000000 0.90660358249168204736
12.00000000000000000000 1.00361384642020423641
13.00000000000000000000 1.05616393654219242748
14.00000000000000000000 0.96248983744897875781
15.00000000000000000000 0.99200850405674068089
16.00000000000000000000 1.02249547671386231684
17.00000000000000000000 0.98963043966254260475
18.00000000000000000000 0.99272813252260738714
19.00000000000000000000 1.00791138041178696128
20.00000000000000000000 0.99552503328488950451
21.00000000000000000000 0.99202334473522846281
22.00000000000000000000 1.00263199852449158556
23.00000000000000000000 0.99875283115963497949
24.00000000000000000000 0.99620864451133039896
