0.00000000000000000000 400.00000000000000000000
1.00000000000000000000 0.00000021082472800000
2.00000000000000000000 0.00000280649024400000
3.00000000000000000000 0.00001154933888800000
4.00000000000000000000 0.00002630996975000000
5.00000000000000000000 0.00007018439919200000
6.00000000000000000000 0.00014572244981500001
7.00000000000000000000 0.00026873569125500000
8.00000000000000000000 0.00044935006319800000
9.00000000000000000000 0.00071472320788800001
10.00000000000000000000 0.00111622131867900000
11.00000000000000000000 0.00170632436129400009
12.00000000000000000000 0.00230886898643799980
13.00000000000000000000 0.00349152202555999980
14.00000000000000000000 0.00475854139817399966
15.00000000000000000000 0.00632318102482999980
16.00000000000000000000 0.00835671243839899991
17.00000000000000000000 0.01181473356575299914
18.00000000000000000000 0.01570901521481600158
19.00000000000000000000 0.02190724344303199983
20.00000000000000000000 0.02951261305039900099
21.00000000000000000000 0.04120340211213500276
22.00000000000000000000 0.05788770657690100324
23.00000000000000000000 0.08089547870414599828
24.00000000000000000000 0.12488952004595800516
25.00000000000000000000 0.18809474685362401192
26.00000000000000000000 0.32185130481692897364
27.00000000000000000000 0.50086241742459702841
28.00000000000000000000 0.76603666267224701514
29.00000000000000000000 1.13912693845728996145
30.00000000000000000000 1.60771081358828404895
31.00000000000000000000 2.11445015554244708511
32.00000000000000000000 2.56084811210632290468
33.00000000000000000000 2.82806470875556703604
34.00000000000000000000 2.84755717557773202486
35.00000000000000000000 2.63369558522334479278
36.00000000000000000000 2.30512539066117394526
37.00000000000000000000 1.87993842467927096962
38.00000000000000000000 1.47528594546020008771
39.00000000000000000000 1.15012102261666293579
40.00000000000000000000 0.94623020897477394531
41.00000000000000000000 0.76595141650999298832
42.00000000000000000000 0.63347307321700196958
43.00000000000000000000 0.55305561671654401845
44.00000000000000000000 0.49813251175742201404
45.00000000000000000000 0.45935070952948398038
46.00000000000000000000 0.43718365297929701052
47.00000000000000000000 0.42792831687894600234
48.00000000000000000000 0.43223570516476300662
49.00000000000000000000 0.45462008506843898381
50.00000000000000000000 0.49299682481657902677
51.00000000000000000000 0.51817018621497701325
52.00000000000000000000 0.58352790600978399205
53.00000000000000000000 0.61310692443404102292
54.00000000000000000000 0.68675229817996796822
55.00000000000000000000 0.75923092362094402041
56.00000000000000000000 0.83072080861690400511
57.00000000000000000000 0.91018813020653199786
58.00000000000000000000 0.99056906195787297609
59.00000000000000000000 1.08001823107833394566
60.00000000000000000000 1.13977384567260697779
61.00000000000000000000 1.23184086182682794863
62.00000000000000000000 1.26078612828741309926
63.00000000000000000000 1.34992312848568007944
64.00000000000000000000 1.40007694388173309363
65.00000000000000000000 1.36967228242644600833
66.00000000000000000000 1.39186021953821192909
67.00000000000000000000 1.37968064366646503416
68.00000000000000000000 1.37170804839218596349
69.00000000000000000000 1.31665755579104803985
70.00000000000000000000 1.26839653509003791321
71.00000000000000000000 1.18933434046317509925
72.00000000000000000000 1.14370823676387489698
73.00000000000000000000 1.05766148222931510858
74.00000000000000000000 0.99921830974776204570
75.00000000000000000000 0.94633561623196604806
76.00000000000000000000 0.89090976342558902967
77.00000000000000000000 0.83734584551665103280
78.00000000000000000000 0.81872883614371805283
79.00000000000000000000 0.78689630858359804755
80.00000000000000000000 0.77950314982579305134
81.00000000000000000000 0.76790997898578594594
82.00000000000000000000 0.76770145935353995004
83.00000000000000000000 0.79698220746857795227
84.00000000000000000000 0.79833403463239105413
85.00000000000000000000 0.79668352540827103159
86.00000000000000000000 0.85088203672100504171
87.00000000000000000000 0.88628200862718697906
88.00000000000000000000 0.89886874096994195948
89.00000000000000000000 0.92839798688888597322
90.00000000000000000000 0.95447357776372299121
91.00000000000000000000 0.97926195296976303872
92.00000000000000000000 1.02705092779521289792
93.00000000000000000000 1.05189772603446507482
94.00000000000000000000 1.07012088655641202095
95.00000000000000000000 1.09002018324260108173
96.00000000000000000000 1.10101499219735510238
97.00000000000000000000 1.14592598529556100040
98.00000000000000000000 1.15368101196853700685
99.00000000000000000000 1.13021885404675592746
100.00000000000000000000 1.14618478166429604848
101.00000000000000000000 1.14311669820762595862
102.00000000000000000000 1.13135843636086308450
103.00000000000000000000 1.11123352688856602555
104.00000000000000000000 1.08980823148574201831
105.00000000000000000000 1.05759884296737105558
106.00000000000000000000 1.06609651840281194346
107.00000000000000000000 1.03146108275368098006
108.00000000000000000000 0.99091289973402596480
109.00000000000000000000 0.99111785752731496046
110.00000000000000000000 0.94852631088606098597
111.00000000000000000000 0.95444065050946302886
112.00000000000000000000 0.93872862424169301043
113.00000000000000000000 0.91402117774057900501
114.00000000000000000000 0.92680289043534203053
115.00000000000000000000 0.90476306792762495324
116.00000000000000000000 0.90444359033467403020
117.00000000000000000000 0.91080030134838596556
118.00000000000000000000 0.92014246941246902178
119.00000000000000000000 0.93420544787058801273
120.00000000000000000000 0.92091207673892094832
121.00000000000000000000 0.95364948718444197961
122.00000000000000000000 0.95839639695197198499
123.00000000000000000000 0.96637035197424703270
124.00000000000000000000 1.00453619199230304027
125.00000000000000000000 1.00018681150556809634
126.00000000000000000000 0.99878601233164499007
127.00000000000000000000 1.01757711186712906937
128.00000000000000000000 1.00562165952423199222
129.00000000000000000000 1.03516050810136195359
130.00000000000000000000 1.04338122577894298892
131.00000000000000000000 1.04703891188791509137
132.00000000000000000000 1.05976250629734103370
133.00000000000000000000 1.05473446591770492198
134.00000000000000000000 1.05066954523324995741
135.00000000000000000000 1.05592826902866399053
136.00000000000000000000 1.05841542115793596501
137.00000000000000000000 1.03483571631645898670
138.00000000000000000000 1.03955557832011491470
139.00000000000000000000 1.02144103500764704684
140.00000000000000000000 1.02361002943494905360
141.00000000000000000000 1.00162529466895899866
142.00000000000000000000 1.01228450637842892768
143.00000000000000000000 1.00001178503036491918
144.00000000000000000000 0.99701220084700703516
145.00000000000000000000 0.98803244442002402526
146.00000000000000000000 0.97364487627004203674
147.00000000000000000000 0.97520935626929294848
148.00000000000000000000 0.96780318009252297440
149.00000000000000000000 0.97286861149941494809
150.00000000000000000000 0.96794629562253198252
151.00000000000000000000 0.97323323980621700979
152.00000000000000000000 0.97584997447299204332
153.00000000000000000000 0.96369557529059102219
154.00000000000000000000 0.96359909999370596534
155.00000000000000000000 0.98033864013850702257
156.00000000000000000000 0.98179677067721504713
157.00000000000000000000 0.99060275928646901455
158.00000000000000000000 0.98062630978723397401
159.00000000000000000000 0.99801183867454501542
