0.00000000000000000000 1024.00000000000000000000
1.00000000000000000000 0.00241764466045400013
2.00000000000000000000 0.00387192587368200003
3.00000000000000000000 0.00244623783510200012
4.00000000000000000000 0.00305660257193600014
5.00000000000000000000 0.00373372005997199986
6.00000000000000000000 0.00447367607719399967
7.00000000000000000000 0.00365546009076400018
8.00000000000000000000 0.00467693991959100032
9.00000000000000000000 0.00442119882375500029
10.00000000000000000000 0.00723663998274699967
11.00000000000000000000 0.00665671032038500036
12.00000000000000000000 0.00670148091157899990
13.00000000000000000000 0.01034425909671399940
14.00000000000000000000 0.00822583757425600012
15.00000000000000000000 0.01041529899036200066
16.00000000000000000000 0.01450339797884199998
17.00000000000000000000 0.01387265652161200069
18.00000000000000000000 0.02274256609380199967
19.00000000000000000000 0.02241046338652600070
20.00000000000000000000 0.02955767452236100074
21.00000000000000000000 0.04253618864135599864
22.00000000000000000000 0.05837135455187599659
23.00000000000000000000 0.07989516843642499588
24.00000000000000000000 0.12423614843895600113
25.00000000000000000000 0.19001473539641899890
26.00000000000000000000 0.32123984193260002318
27.00000000000000000000 0.48814005495571499704
28.00000000000000000000 0.75167844905739700234
29.00000000000000000000 1.11400415003299690930
30.00000000000000000000 1.51039077119624409740
31.00000000000000000000 2.08432836028245782600
32.00000000000000000000 2.68597434997558615066
33.00000000000000000000 2.94267735114464379365
34.00000000000000000000 2.76496707765679605728
35.00000000000000000000 2.62655360423601580422
36.00000000000000000000 2.38516999113148697731
37.00000000000000000000 1.85353303687614290318
38.00000000000000000000 1.42144596856087401804
39.00000000000000000000 1.14285345760084000588
40.00000000000000000000 0.93358636104454395532
41.00000000000000000000 0.77713926793897902812
42.00000000000000000000 0.62423897421721297185
43.00000000000000000000 0.55142873360051003484
44.00000000000000000000 0.49512337601703099166
45.00000000000000000000 0.46099503228769600494
46.00000000000000000000 0.43517798527672502118
47.00000000000000000000 0.43855255270657500510
48.00000000000000000000 0.43297053797122797558
49.00000000000000000000 0.45490007710300001120
50.00000000000000000000 0.49390414871630200500
51.00000000000000000000 0.51561604808142202927
52.00000000000000000000 0.57311984438162599798
53.00000000000000000000 0.61460228853447496089
54.00000000000000000000 0.68373693470601704103
55.00000000000000000000 0.74979991640182297452
56.00000000000000000000 0.84521220797716201112
57.00000000000000000000 0.91808005306455797712
58.00000000000000000000 0.99593729861489999067
59.00000000000000000000 1.07437982215829497257
60.00000000000000000000 1.14201820809013998570
61.00000000000000000000 1.21891358832723106786
62.00000000000000000000 1.27729165675688793868
63.00000000000000000000 1.34426087200641597441
64.00000000000000000000 1.40111635579276305741
65.00000000000000000000 1.39642890515150797093
66.00000000000000000000 1.40968438267707796285
67.00000000000000000000 1.40351523936919497793
68.00000000000000000000 1.38175432291706101751
69.00000000000000000000 1.31369877090820907917
70.00000000000000000000 1.25280604298625708459
71.00000000000000000000 1.18865010671526505348
72.00000000000000000000 1.13638019363085396307
73.00000000000000000000 1.05130598051794699188
74.00000000000000000000 0.99104624678348696154
75.00000000000000000000 0.93270645572357802067
76.00000000000000000000 0.87044848228494298148
77.00000000000000000000 0.83853189310719900007
78.00000000000000000000 0.80902223101183101672
79.00000000000000000000 0.77998427157440497481
80.00000000000000000000 0.77708692527734302136
81.00000000000000000000 0.76450331735610999040
82.00000000000000000000 0.76275934390167698940
83.00000000000000000000 0.79644487987435097498
84.00000000000000000000 0.79888574645590404444
85.00000000000000000000 0.79196454138651395382
86.00000000000000000000 0.84955955888418599464
87.00000000000000000000 0.89054837758126503822
88.00000000000000000000 0.90598203230450202739
89.00000000000000000000 0.93249536136786104201
90.00000000000000000000 0.95078423187352600898
91.00000000000000000000 0.98439202023049199308
92.00000000000000000000 1.03252210534852095769
93.00000000000000000000 1.05726228613559491976
94.00000000000000000000 1.07274601137951797192
95.00000000000000000000 1.09998378938641994118
96.00000000000000000000 1.11687466343243890776
97.00000000000000000000 1.15007381725914892279
98.00000000000000000000 1.16068762148681403623
99.00000000000000000000 1.13285141442873493745
100.00000000000000000000 1.15249513246511203768
101.00000000000000000000 1.14225320392344409370
102.00000000000000000000 1.12969861156451800710
103.00000000000000000000 1.10517946764444707775
104.00000000000000000000 1.08995417824813300989
105.00000000000000000000 1.05937018564769203088
106.00000000000000000000 1.05217076341311099874
107.00000000000000000000 1.02127202972769692835
108.00000000000000000000 0.99188485633896095184
109.00000000000000000000 0.98474049742458902301
110.00000000000000000000 0.95583690356376604935
111.00000000000000000000 0.95077992015414802829
112.00000000000000000000 0.93403284720012103026
113.00000000000000000000 0.91660773737376999293
114.00000000000000000000 0.91875923240697499050
115.00000000000000000000 0.90947256452507396762
116.00000000000000000000 0.90682468550831196730
117.00000000000000000000 0.91025633640263403645
118.00000000000000000000 0.91606822229446205341
119.00000000000000000000 0.92845707516821596172
120.00000000000000000000 0.93099949778394497368
121.00000000000000000000 0.93824190095714898874
122.00000000000000000000 0.95197207476808598514
123.00000000000000000000 0.96260666196207400613
124.00000000000000000000 0.97453820372515498338
125.00000000000000000000 0.98836657655711201986
126.00000000000000000000 0.99723163609782194960
127.00000000000000000000 1.01525533856714500480
128.00000000000000000000 1.02641247357558307307
129.00000000000000000000 1.04073408639370490469
130.00000000000000000000 1.04889539650508289981
131.00000000000000000000 1.05977560579776808325
132.00000000000000000000 1.06728725894181808442
133.00000000000000000000 1.07013523169038404781
134.00000000000000000000 1.06931241348385808188
135.00000000000000000000 1.06650171523744408120
136.00000000000000000000 1.06626370367309908360
137.00000000000000000000 1.05499332733110495752
138.00000000000000000000 1.04703647422569789960
139.00000000000000000000 1.04125154648028606097
140.00000000000000000000 1.02041267080788000676
141.00000000000000000000 1.01308096029342897815
142.00000000000000000000 1.00225959917796503262
143.00000000000000000000 0.98648829552862404846
144.00000000000000000000 0.98549087058033901787
145.00000000000000000000 0.97020165775066802283
146.00000000000000000000 0.96440811566844397706
147.00000000000000000000 0.96539864140121600666
148.00000000000000000000 0.95872162482818601426
149.00000000000000000000 0.96069586921041294492
150.00000000000000000000 0.95791379560398104420
151.00000000000000000000 0.95258781171363304807
152.00000000000000000000 0.95849805190915005060
153.00000000000000000000 0.96993069558204003666
154.00000000000000000000 0.95926202344894395679
155.00000000000000000000 0.96584666458268997324
156.00000000000000000000 0.97620459401705195202
157.00000000000000000000 0.98289679616105296578
158.00000000000000000000 0.99223798041542399240
159.00000000000000000000 0.99578148579597502987
160.00000000000000000000 1.00055990347349310632
161.00000000000000000000 1.01616123702490002145
162.00000000000000000000 1.02377769933082207743
163.00000000000000000000 1.02489840840718793302
164.00000000000000000000 1.03313356213844698139
165.00000000000000000000 1.02348883473133889233
166.00000000000000000000 1.02947297879943100440
167.00000000000000000000 1.04104243491410297651
168.00000000000000000000 1.02663456473965197802
169.00000000000000000000 1.02336050526504096503
170.00000000000000000000 1.02967779066926001796
171.00000000000000000000 1.02153217273729790548
172.00000000000000000000 1.01397302130559308075
173.00000000000000000000 1.00679043642908494505
174.00000000000000000000 0.99733905876156203618
175.00000000000000000000 0.99513330040154601708
176.00000000000000000000 0.99535456557068002770
177.00000000000000000000 0.98986025764933405213
178.00000000000000000000 0.99272762808120895706
179.00000000000000000000 0.98970293578967194481
180.00000000000000000000 0.98994496088165695458
181.00000000000000000000 0.98951476760260703713
182.00000000000000000000 0.98864636682484297037
183.00000000000000000000 0.98863518947646700230
184.00000000000000000000 0.98695129540658799172
185.00000000000000000000 0.98201346060592797915
186.00000000000000000000 0.98258056501547497152
187.00000000000000000000 0.98231700367895002923
188.00000000000000000000 0.98455025074449697975
189.00000000000000000000 0.98999713024456204025
190.00000000000000000000 0.99423014517598495843
191.00000000000000000000 0.99651511775554202366
192.00000000000000000000 1.00152611458788109999
193.00000000000000000000 1.00609058055740097082
194.00000000000000000000 1.00482775166281901313
195.00000000000000000000 1.00629905534860397687
196.00000000000000000000 1.00683572171972302023
197.00000000000000000000 1.00374820526518804265
198.00000000000000000000 1.00686590681000409653
199.00000000000000000000 1.00824036865265309615
200.00000000000000000000 1.00796581878338309401
201.00000000000000000000 1.00678654733599204363
202.00000000000000000000 1.00571338899674000977
203.00000000000000000000 1.01160707423485907164
204.00000000000000000000 1.01308832578478602571
205.00000000000000000000 1.00809312489899705056
206.00000000000000000000 1.00748679070155811033
207.00000000000000000000 1.00231229161923596216
208.00000000000000000000 1.00009146809938109790
209.00000000000000000000 1.00306638481061205503
210.00000000000000000000 0.99765470378646003979
211.00000000000000000000 0.99626054944199704533
212.00000000000000000000 1.00244477426934408548
213.00000000000000000000 0.99990774362924594865
214.00000000000000000000 0.99735230579972300458
215.00000000000000000000 0.99485758073020202907
216.00000000000000000000 0.99114027197305898387
217.00000000000000000000 0.99076980672949999107
218.00000000000000000000 0.99393491020596502761
219.00000000000000000000 0.99300347664797194991
220.00000000000000000000 0.99069818165260903342
221.00000000000000000000 0.99170310398227501381
222.00000000000000000000 0.99425725563523503769
223.00000000000000000000 0.99837827006744794822
224.00000000000000000000 1.00102790965381305277
225.00000000000000000000 0.99915007901055097328
226.00000000000000000000 0.99964547224259103775
227.00000000000000000000 1.00196472424908500365
228.00000000000000000000 0.99921091192353195254
229.00000000000000000000 1.00300889553870797855
230.00000000000000000000 1.00167487570217694781
231.00000000000000000000 1.00147199572788303534
232.00000000000000000000 1.00328124070298896342
233.00000000000000000000 1.00449602573138196959
234.00000000000000000000 1.00382419711067605306
235.00000000000000000000 1.00627503492495407045
236.00000000000000000000 1.00366172081715299136
237.00000000000000000000 1.00367984599188808659
238.00000000000000000000 1.00332310015833403583
239.00000000000000000000 1.00493980587149689399
240.00000000000000000000 1.00507147675329200354
241.00000000000000000000 1.00164824807826402520
242.00000000000000000000 0.99829411545157098473
243.00000000000000000000 1.00109811750038590894
244.00000000000000000000 0.99835596118391201070
245.00000000000000000000 1.00067183399328296645
246.00000000000000000000 0.99720985228472402984
247.00000000000000000000 0.99778282209999202834
248.00000000000000000000 0.99739046160775302052
249.00000000000000000000 0.99586878697890501844
250.00000000000000000000 0.99640534464845997853
251.00000000000000000000 0.99662321954965604753
252.00000000000000000000 0.99302526652058498158
253.00000000000000000000 0.99725709256514805112
254.00000000000000000000 0.99623240095258902560
255.00000000000000000000 0.99691827429665502702
