0.00000000000000000000 1024.00000000000000000000
1.00000000000000000000 0.00467693991959100119
2.00000000000000000000 0.01450339797884200171
3.00000000000000000000 0.12423614843895600113
4.00000000000000000000 2.68597434997558615066
5.00000000000000000000 0.93358636104454395532
6.00000000000000000000 0.43297053797122792007
7.00000000000000000000 0.84521220797716212214
8.00000000000000000000 1.40111635579276283536
9.00000000000000000000 1.13638019363085374103
10.00000000000000000000 0.77708692527734302136
11.00000000000000000000 0.90598203230450180534
12.00000000000000000000 1.11687466343243890776
13.00000000000000000000 1.08995417824813323193
14.00000000000000000000 0.93403284720012091924
15.00000000000000000000 0.93099949778394486266
16.00000000000000000000 1.02641247357558329512
17.00000000000000000000 1.06626370367309908360
18.00000000000000000000 0.98549087058033890685
19.00000000000000000000 0.95849805190914993958
20.00000000000000000000 1.00055990347349310632
21.00000000000000000000 1.02663456473965197802
22.00000000000000000000 0.99535456557067991668
23.00000000000000000000 0.98695129540658799172
24.00000000000000000000 1.00152611458788109999
25.00000000000000000000 1.00796581878338309401
26.00000000000000000000 1.00009146809938087586
27.00000000000000000000 0.99114027197305909489
28.00000000000000000000 1.00102790965381305277
29.00000000000000000000 1.00328124070298896342
30.00000000000000000000 1.00507147675329200354
31.00000000000000000000 0.99739046160775302052
