0.00000000000000000000 1024.00000000000000000000
1.00000000000000000000 0.00238664001597231569
2.00000000000000000000 0.00422092804321766869
3.00000000000000000000 0.00569014749708834228
4.00000000000000000000 0.00934319484989920047
5.00000000000000000000 0.01417643506674095936
6.00000000000000000000 0.02237117064993071613
7.00000000000000000000 0.05987940448391277509
8.00000000000000000000 0.21741112732812276076
9.00000000000000000000 0.89306945333336706927
10.00000000000000000000 2.44296413324115135879
11.00000000000000000000 2.66085776680243446535
12.00000000000000000000 1.46525804382758795263
13.00000000000000000000 0.77213514374707870047
14.00000000000000000000 0.48718704216087937997
15.00000000000000000000 0.43681428308460257259
16.00000000000000000000 0.50295794012418681973
17.00000000000000000000 0.65899288606582551164
18.00000000000000000000 0.90513538986448782708
19.00000000000000000000 1.13973139245901133876
20.00000000000000000000 1.35339289898794468137
21.00000000000000000000 1.41034686533772712913
22.00000000000000000000 1.28613940932026293851
23.00000000000000000000 1.08637441033449522187
24.00000000000000000000 0.88386047764236741475
25.00000000000000000000 0.78154148909219478547
26.00000000000000000000 0.76420859268352314686
27.00000000000000000000 0.80027782074598841078
28.00000000000000000000 0.91530005207808651235
29.00000000000000000000 1.01085308176497745691
30.00000000000000000000 1.09208039668078815687
31.00000000000000000000 1.16284812471550402790
32.00000000000000000000 1.14225320392344409370
33.00000000000000000000 1.08554086552408590727
34.00000000000000000000 1.00966859679631859592
35.00000000000000000000 0.95167427751191424612
36.00000000000000000000 0.91787408157229966044
37.00000000000000000000 0.90940144225793317911
38.00000000000000000000 0.93086980151404807859
39.00000000000000000000 0.96357080600255728964
40.00000000000000000000 1.00127494981588949230
41.00000000000000000000 1.04447481694004129515
42.00000000000000000000 1.06936527968949302014
43.00000000000000000000 1.06710672285859042852
44.00000000000000000000 1.04289665973526401999
45.00000000000000000000 1.00172337893486851357
46.00000000000000000000 0.96787243547294932178
47.00000000000000000000 0.95868464871330894006
48.00000000000000000000 0.95364477467546671097
49.00000000000000000000 0.96178856367691678564
50.00000000000000000000 0.99072488311534379068
51.00000000000000000000 1.01570842269487315868
52.00000000000000000000 1.03268568808089966637
53.00000000000000000000 1.03871414730703648388
54.00000000000000000000 1.02741503278596280069
55.00000000000000000000 1.00080924919636427006
56.00000000000000000000 0.99069928485432323662
57.00000000000000000000 0.98986203450789544966
58.00000000000000000000 0.98862714026667286582
59.00000000000000000000 0.98264407041690093880
60.00000000000000000000 0.99190591607459532852
61.00000000000000000000 1.00458200462940983044
62.00000000000000000000 1.00722389358031794160
63.00000000000000000000 1.00820718206460568922
64.00000000000000000000 1.00571338899674023182
65.00000000000000000000 1.00778852343148561665
66.00000000000000000000 1.00115945391867722236
67.00000000000000000000 0.99934338285519841438
68.00000000000000000000 0.99598871400447386293
69.00000000000000000000 0.99340081532031654366
70.00000000000000000000 0.99157839457032881381
71.00000000000000000000 1.00099189732765680994
72.00000000000000000000 1.00134628510043288685
73.00000000000000000000 1.00119888656483491118
74.00000000000000000000 1.00384497368319691724
75.00000000000000000000 1.00354795685571485109
76.00000000000000000000 1.00524524147880933711
77.00000000000000000000 1.00108753482575463245
78.00000000000000000000 0.99693419952635498049
79.00000000000000000000 0.99578988164363768654
80.00000000000000000000 0.99483902524389211663
81.00000000000000000000 1.00522961416814293756
