0.00000000000000000000 16.00000000000000000000
1.00000000000000000000 0.00958833693386665527
2.00000000000000000000 0.23293608857654898858
3.00000000000000000000 1.40050104406083208985
4.00000000000000000000 0.50777466555908945534
5.00000000000000000000 1.37520383318721983734
6.00000000000000000000 0.86484017938364721179
7.00000000000000000000 0.92776240383392627464
8.00000000000000000000 1.13648473550695849887
9.00000000000000000000 0.91793795208921691309
10.00000000000000000000 1.01320288794832791268
11.00000000000000000000 1.02948025852034774630
12.00000000000000000000 0.96228103306726031629
13.00000000000000000000 1.02393697315070086873
14.00000000000000000000 0.99160020845377938592
15.00000000000000000000 0.99493772744175423828
16.00000000000000000000 1.01160707423485907164
17.00000000000000000000 0.99217965004230379567
18.00000000000000000000 1.00029372069489608243
19.00000000000000000000 1.00133950235135116280
20.00000000000000000000 0.99689091457011858033
