0.00000000000000000000 16.00000000000000000000
1.00000000000000000000 0.02325678841618311968
2.00000000000000000000 1.99237725944977528414
3.00000000000000000000 0.76056598467600655678
4.00000000000000000000 1.01803135132569422261
5.00000000000000000000 1.02730082391118981988
6.00000000000000000000 0.95260863347911006738
7.00000000000000000000 1.03559687454469928625
8.00000000000000000000 0.96539864140121589564
9.00000000000000000000 1.02311560007632040836
10.00000000000000000000 0.98782139860659401442
11.00000000000000000000 1.00615256553903842374
12.00000000000000000000 0.99084777299991089183
13.00000000000000000000 1.00472494975794246486
