0.000000000000000 256.000000000000000
1.000000000000000 0.000050198395914
2.000000000000000 0.000200781488403
3.000000000000000 0.000451712995607
4.000000000000000 0.000802932460769
5.000000000000000 0.001254355271743
6.000000000000000 0.001805872688296
7.000000000000000 0.002457351877191
8.000000000000000 0.003208635955039
9.000000000000000 0.004059544038911
10.000000000000000 0.005009871304677
11.000000000000000 0.006059389053061
12.000000000000000 0.007207844783383
13.000000000000000 0.008454962274965
14.000000000000000 0.009800441676164
15.000000000000000 0.011243959600998
16.000000000000000 0.012785169233342
17.000000000000000 0.014423700438633
18.000000000000000 0.016159159883067
19.000000000000000 0.017991131160223
20.000000000000000 0.019919174925077
21.000000000000000 0.021942829035350
22.000000000000000 0.024061608700152
23.000000000000000 0.026275006635837
24.000000000000000 0.028582493229045
25.000000000000000 0.030983516706846
26.000000000000000 0.033477503313930
27.000000000000000 0.036063857496779
28.000000000000000 0.038741962094754
29.000000000000000 0.041511178538010
30.000000000000000 0.044370847052190
31.000000000000000 0.047320286869804
32.000000000000000 0.050358796448216
33.000000000000000 0.053485653694164
34.000000000000000 0.056700116194723
35.000000000000000 0.060001421454633
36.000000000000000 0.063388787139893
37.000000000000000 0.066861411327539
38.000000000000000 0.070418472761508
39.000000000000000 0.074059131114495
40.000000000000000 0.077782527255710
41.000000000000000 0.081587783524424
42.000000000000000 0.085474004009210
43.000000000000000 0.089440274832783
44.000000000000000 0.093485664442316
45.000000000000000 0.097609223905135
46.000000000000000 0.101809987209688
47.000000000000000 0.106086971571661
48.000000000000000 0.110439177745147
49.000000000000000 0.114865590338732
50.000000000000000 0.119365178136404
51.000000000000000 0.123936894423145
52.000000000000000 0.128579677315101
53.000000000000000 0.133292450094199
54.000000000000000 0.138074121547097
55.000000000000000 0.142923586308327
56.000000000000000 0.147839725207522
57.000000000000000 0.152821405620592
58.000000000000000 0.157867481824708
59.000000000000000 0.162976795356993
60.000000000000000 0.168148175376752
61.000000000000000 0.173380439031139
62.000000000000000 0.178672391824110
63.000000000000000 0.184022827988528
64.000000000000000 0.189430530861298
65.000000000000000 0.194894273261368
66.000000000000000 0.200412817870494
67.000000000000000 0.205984917616592
68.000000000000000 0.211609316059569
69.000000000000000 0.217284747779471
70.000000000000000 0.223009938766823
71.000000000000000 0.228783606815007
72.000000000000000 0.234604461914537
73.000000000000000 0.240471206649102
74.000000000000000 0.246382536593210
75.000000000000000 0.252337140711315
76.000000000000000 0.258333701758262
77.000000000000000 0.264370896680916
78.000000000000000 0.270447397020832
79.000000000000000 0.276561869317811
80.000000000000000 0.282712975514209
81.000000000000000 0.288899373359846
82.000000000000000 0.295119716817378
83.000000000000000 0.301372656467971
84.000000000000000 0.307656839917153
85.000000000000000 0.313970912200683
86.000000000000000 0.320313516190306
87.000000000000000 0.326683292999233
88.000000000000000 0.333078882387218
89.000000000000000 0.339498923165081
90.000000000000000 0.345942053598535
91.000000000000000 0.352406911811176
92.000000000000000 0.358892136186490
93.000000000000000 0.365396365768739
94.000000000000000 0.371918240662591
95.000000000000000 0.378456402431336
96.000000000000000 0.385009494493574
97.000000000000000 0.391576162518213
98.000000000000000 0.398155054817657
99.000000000000000 0.404744822739035
100.000000000000000 0.411344121053346
101.000000000000000 0.417951608342378
102.000000000000000 0.424565947383269
103.000000000000000 0.431185805530585
104.000000000000000 0.437809855095768
105.000000000000000 0.444436773723845
106.000000000000000 0.451065244767255
107.000000000000000 0.457693957656665
108.000000000000000 0.464321608268666
109.000000000000000 0.470946899290204
110.000000000000000 0.477568540579639
111.000000000000000 0.484185249524307
112.000000000000000 0.490795751394453
113.000000000000000 0.497398779693439
114.000000000000000 0.503993076504095
115.000000000000000 0.510577392831099
116.000000000000000 0.517150488939279
117.000000000000000 0.523711134687730
118.000000000000000 0.530258109859615
119.000000000000000 0.536790204487578
120.000000000000000 0.543306219174627
121.000000000000000 0.549804965410407
122.000000000000000 0.556285265882758
123.000000000000000 0.562745954784451
124.000000000000000 0.569185878115009
125.000000000000000 0.575603893977523
126.000000000000000 0.581998872870358
127.000000000000000 0.588369697973672
128.000000000000000 0.594715265430649
129.000000000000000 0.601034484623361
130.000000000000000 0.607326278443183
131.000000000000000 0.613589583555666
132.000000000000000 0.619823350659801
133.000000000000000 0.626026544741588
134.000000000000000 0.632198145321841
135.000000000000000 0.638337146698149
136.000000000000000 0.644442558180938
137.000000000000000 0.650513404323544
138.000000000000000 0.656548725146255
139.000000000000000 0.662547576354243
140.000000000000000 0.668509029549334
141.000000000000000 0.674432172435556
142.000000000000000 0.680316109018410
143.000000000000000 0.686159959797815
144.000000000000000 0.691962861954669
145.000000000000000 0.697723969530986
146.000000000000000 0.703442453603567
147.000000000000000 0.709117502451150
148.000000000000000 0.714748321715017
149.000000000000000 0.720334134553000
150.000000000000000 0.725874181786883
151.000000000000000 0.731367722043129
152.000000000000000 0.736814031886938
153.000000000000000 0.742212405949591
154.000000000000000 0.747562157049061
155.000000000000000 0.752862616303875
156.000000000000000 0.758113133240198
157.000000000000000 0.763313075892137
158.000000000000000 0.768461830895240
159.000000000000000 0.773558803573192
160.000000000000000 0.778603418017687
161.000000000000000 0.783595117161483
162.000000000000000 0.788533362844637
163.000000000000000 0.793417635873907
164.000000000000000 0.798247436075344
165.000000000000000 0.803022282340068
166.000000000000000 0.807741712663236
167.000000000000000 0.812405284176220
168.000000000000000 0.817012573172003
169.000000000000000 0.821563175123812
170.000000000000000 0.826056704697007
171.000000000000000 0.830492795754247
172.000000000000000 0.834871101353956
173.000000000000000 0.839191293742118
174.000000000000000 0.843453064337431
175.000000000000000 0.847656123709843
176.000000000000000 0.851800201552522
177.000000000000000 0.855885046647274
178.000000000000000 0.859910426823467
179.000000000000000 0.863876128910494
180.000000000000000 0.867781958683818
181.000000000000000 0.871627740804650
182.000000000000000 0.875413318753303
183.000000000000000 0.879138554756280
184.000000000000000 0.882803329707141
185.000000000000000 0.886407543081211
186.000000000000000 0.889951112844185
187.000000000000000 0.893433975354687
188.000000000000000 0.896856085260849
189.000000000000000 0.900217415390971
190.000000000000000 0.903517956638334
191.000000000000000 0.906757717840226
192.000000000000000 0.909936725651255
193.000000000000000 0.913055024411030
194.000000000000000 0.916112676006267
195.000000000000000 0.919109759727413
196.000000000000000 0.922046372119854
197.000000000000000 0.924922626829800
198.000000000000000 0.927738654444912
199.000000000000000 0.930494602329772
200.000000000000000 0.933190634456270
201.000000000000000 0.935826931228997
202.000000000000000 0.938403689305738
203.000000000000000 0.940921121413153
204.000000000000000 0.943379456157729
205.000000000000000 0.945778937832114
206.000000000000000 0.948119826216915
207.000000000000000 0.950402396378055
208.000000000000000 0.952626938459801
209.000000000000000 0.954793757473542
210.000000000000000 0.956903173082442
211.000000000000000 0.958955519382042
212.000000000000000 0.960951144676938
213.000000000000000 0.962890411253627
214.000000000000000 0.964773695149625
215.000000000000000 0.966601385918974
216.000000000000000 0.968373886394229
217.000000000000000 0.970091612445054
218.000000000000000 0.971754992733516
219.000000000000000 0.973364468466200
220.000000000000000 0.974920493143250
221.000000000000000 0.976423532304456
222.000000000000000 0.977874063272484
223.000000000000000 0.979272574893381
224.000000000000000 0.980619567274453
225.000000000000000 0.981915551519642
226.000000000000000 0.983161049462506
227.000000000000000 0.984356593396931
228.000000000000000 0.985502725805676
229.000000000000000 0.986599999086881
230.000000000000000 0.987648975278643
231.000000000000000 0.988650225781784
232.000000000000000 0.989604331080929
233.000000000000000 0.990511880464005
234.000000000000000 0.991373471740282
235.000000000000000 0.992189710957077
236.000000000000000 0.992961212115233
237.000000000000000 0.993688596883492
238.000000000000000 0.994372494311880
239.000000000000000 0.995013540544227
240.000000000000000 0.995612378529926
241.000000000000000 0.996169657735063
242.000000000000000 0.996686033853025
243.000000000000000 0.997162168514699
244.000000000000000 0.997598728998401
245.000000000000000 0.997996387939616
246.000000000000000 0.998355823040691
247.000000000000000 0.998677716780592
248.000000000000000 0.998962756124823
249.000000000000000 0.999211632235641
250.000000000000000 0.999425040182668
251.000000000000000 0.999603678654018
252.000000000000000 0.999748249668043
253.000000000000000 0.999859458285819
254.000000000000000 0.999938012324477
255.000000000000000 0.999984622071486
256.000000000000000 1.000000000000000
257.000000000000000 0.999984860485373
258.000000000000000 0.999939919522955
259.000000000000000 0.999865894447265
260.000000000000000 0.999763503652653
261.000000000000000 0.999633466315553
262.000000000000000 0.999476502118419
263.000000000000000 0.999293330975466
264.000000000000000 0.999084672760289
265.000000000000000 0.998851247035488
266.000000000000000 0.998593772784364
267.000000000000000 0.998312968144811
268.000000000000000 0.998009550145478
269.000000000000000 0.997684234444307
270.000000000000000 0.997337735069527
271.000000000000000 0.996970764163209
272.000000000000000 0.996584031727451
273.000000000000000 0.996178245373301
274.000000000000000 0.995754110072488
275.000000000000000 0.995312327912051
276.000000000000000 0.994853597851948
277.000000000000000 0.994378615485730
278.000000000000000 0.993888072804343
279.000000000000000 0.993382657963160
280.000000000000000 0.992863055052295
281.000000000000000 0.992329943870288
282.000000000000000 0.991783999701225
283.000000000000000 0.991225893095371
284.000000000000000 0.990656289653371
285.000000000000000 0.990075849814102
286.000000000000000 0.989485228646229
287.000000000000000 0.988885075643529
288.000000000000000 0.988276034524052
289.000000000000000 0.987658743033165
290.000000000000000 0.987033832750548
291.000000000000000 0.986401928901193
292.000000000000000 0.985763650170451
293.000000000000000 0.985119608523191
294.000000000000000 0.984470409027114
295.000000000000000 0.983816649680266
296.000000000000000 0.983158921242800
297.000000000000000 0.982497807073026
298.000000000000000 0.981833882967797
299.000000000000000 0.981167717007257
300.000000000000000 0.980499869404004
301.000000000000000 0.979830892356684
302.000000000000000 0.979161329908071
303.000000000000000 0.978491717807642
304.000000000000000 0.977822583378688
305.000000000000000 0.977154445389984
306.000000000000000 0.976487813932045
307.000000000000000 0.975823190297983
308.000000000000000 0.975161066868992
309.000000000000000 0.974501927004478
310.000000000000000 0.973846244936851
311.000000000000000 0.973194485670978
312.000000000000000 0.972547104888342
313.000000000000000 0.971904548855876
314.000000000000000 0.971267254339510
315.000000000000000 0.970635648522426
316.000000000000000 0.970010148928019
317.000000000000000 0.969391163347579
318.000000000000000 0.968779089772674
319.000000000000000 0.968174316332254
320.000000000000000 0.967577221234452
321.000000000000000 0.966988172713088
322.000000000000000 0.966407528978858
323.000000000000000 0.965835638175204
324.000000000000000 0.965272838338853
325.000000000000000 0.964719457364999
326.000000000000000 0.964175812977130
327.000000000000000 0.963642212701460
328.000000000000000 0.963118953845971
329.000000000000000 0.962606323484013
330.000000000000000 0.962104598442465
331.000000000000000 0.961614045294413
332.000000000000000 0.961134920356326
333.000000000000000 0.960667469689700
334.000000000000000 0.960211929107128
335.000000000000000 0.959768524182780
336.000000000000000 0.959337470267245
337.000000000000000 0.958918972506705
338.000000000000000 0.958513225866392
339.000000000000000 0.958120415158307
340.000000000000000 0.957740715073144
341.000000000000000 0.957374290216372
342.000000000000000 0.957021295148452
343.000000000000000 0.956681874429117
344.000000000000000 0.956356162665686
345.000000000000000 0.956044284565349
346.000000000000000 0.955746354991381
347.000000000000000 0.955462479023232
348.000000000000000 0.955192752020432
349.000000000000000 0.954937259690264
350.000000000000000 0.954696078159140
351.000000000000000 0.954469274047636
352.000000000000000 0.954256904549109
353.000000000000000 0.954059017511848
354.000000000000000 0.953875651524696
355.000000000000000 0.953706836006073
356.000000000000000 0.953552591296344
357.000000000000000 0.953412928753467
358.000000000000000 0.953287850851842
359.000000000000000 0.953177351284316
360.000000000000000 0.953081415067252
361.000000000000000 0.953000018648609
362.000000000000000 0.952933130018962
363.000000000000000 0.952880708825377
364.000000000000000 0.952842706488088
365.000000000000000 0.952819066319887
366.000000000000000 0.952809723648165
367.000000000000000 0.952814605939527
368.000000000000000 0.952833632926896
369.000000000000000 0.952866716739048
370.000000000000000 0.952913762032485
371.000000000000000 0.952974666125582
372.000000000000000 0.953049319134921
373.000000000000000 0.953137604113739
374.000000000000000 0.953239397192408
375.000000000000000 0.953354567720879
376.000000000000000 0.953482978412988
377.000000000000000 0.953624485492572
378.000000000000000 0.953778938841291
379.000000000000000 0.953946182148091
380.000000000000000 0.954126053060224
381.000000000000000 0.954318383335736
382.000000000000000 0.954522998997353
383.000000000000000 0.954739720487680
384.000000000000000 0.954968362825628
385.000000000000000 0.955208735763990
386.000000000000000 0.955460643948091
387.000000000000000 0.955723887075421
388.000000000000000 0.955998260056172
389.000000000000000 0.956283553174602
390.000000000000000 0.956579552251144
391.000000000000000 0.956886038805174
392.000000000000000 0.957202790218364
393.000000000000000 0.957529579898533
394.000000000000000 0.957866177443926
395.000000000000000 0.958212348807821
396.000000000000000 0.958567856463415
397.000000000000000 0.958932459568878
398.000000000000000 0.959305914132517
399.000000000000000 0.959687973177967
400.000000000000000 0.960078386909325
401.000000000000000 0.960476902876157
402.000000000000000 0.960883266138299
403.000000000000000 0.961297219430370
404.000000000000000 0.961718503325934
405.000000000000000 0.962146856401226
406.000000000000000 0.962582015398365
407.000000000000000 0.963023715387991
408.000000000000000 0.963471689931251
409.000000000000000 0.963925671241049
410.000000000000000 0.964385390342508
411.000000000000000 0.964850577232556
412.000000000000000 0.965320961038584
413.000000000000000 0.965796270176089
414.000000000000000 0.966276232505244
415.000000000000000 0.966760575486334
416.000000000000000 0.967249026333977
417.000000000000000 0.967741312170079
418.000000000000000 0.968237160175446
419.000000000000000 0.968736297740010
420.000000000000000 0.969238452611578
421.000000000000000 0.969743353043079
422.000000000000000 0.970250727938210
423.000000000000000 0.970760306995460
424.000000000000000 0.971271820850428
425.000000000000000 0.971785001216394
426.000000000000000 0.972299581023075
427.000000000000000 0.972815294553527
428.000000000000000 0.973331877579130
429.000000000000000 0.973849067492612
430.000000000000000 0.974366603439048
431.000000000000000 0.974884226444808
432.000000000000000 0.975401679544383
433.000000000000000 0.975918707905064
434.000000000000000 0.976435058949408
435.000000000000000 0.976950482475472
436.000000000000000 0.977464730774744
437.000000000000000 0.977977558747761
438.000000000000000 0.978488724017350
439.000000000000000 0.978997987039467
440.000000000000000 0.979505111211596
441.000000000000000 0.980009862978669
442.000000000000000 0.980512011936475
443.000000000000000 0.981011330932530
444.000000000000000 0.981507596164371
445.000000000000000 0.982000587275247
446.000000000000000 0.982490087447183
447.000000000000000 0.982975883491381
448.000000000000000 0.983457765935945
449.000000000000000 0.983935529110900
450.000000000000000 0.984408971230478
451.000000000000000 0.984877894472667
452.000000000000000 0.985342105055977
453.000000000000000 0.985801413313440
454.000000000000000 0.986255633763795
455.000000000000000 0.986704585179864
456.000000000000000 0.987148090654099
457.000000000000000 0.987585977661290
458.000000000000000 0.988018078118416
459.000000000000000 0.988444228441647
460.000000000000000 0.988864269600473
461.000000000000000 0.989278047168960
462.000000000000000 0.989685411374136
463.000000000000000 0.990086217141486
464.000000000000000 0.990480324137582
465.000000000000000 0.990867596809813
466.000000000000000 0.991247904423252
467.000000000000000 0.991621121094635
468.000000000000000 0.991987125823473
469.000000000000000 0.992345802520291
470.000000000000000 0.992697040032016
471.000000000000000 0.993040732164499
472.000000000000000 0.993376777702210
473.000000000000000 0.993705080425091
474.000000000000000 0.994025549122593
475.000000000000000 0.994338097604908
476.000000000000000 0.994642644711414
477.000000000000000 0.994939114316337
478.000000000000000 0.995227435331669
479.000000000000000 0.995507541707336
480.000000000000000 0.995779372428659
481.000000000000000 0.996042871511110
482.000000000000000 0.996297987992403
483.000000000000000 0.996544675921927
484.000000000000000 0.996782894347561
485.000000000000000 0.997012607299884
486.000000000000000 0.997233783773816
487.000000000000000 0.997446397707718
488.000000000000000 0.997650427959973
489.000000000000000 0.997845858283088
490.000000000000000 0.998032677295339
491.000000000000000 0.998210878450001
492.000000000000000 0.998380460002190
493.000000000000000 0.998541424973355
494.000000000000000 0.998693781113451
495.000000000000000 0.998837540860838
496.000000000000000 0.998972721299931
497.000000000000000 0.999099344116653
498.000000000000000 0.999217435551719
499.000000000000000 0.999327026351800
500.000000000000000 0.999428151718595
501.000000000000000 0.999520851255873
502.000000000000000 0.999605168914503
503.000000000000000 0.999681152935536
504.000000000000000 0.999748855791372
505.000000000000000 0.999808334125054
506.000000000000000 0.999859648687750
507.000000000000000 0.999902864274445
508.000000000000000 0.999938049657912
509.000000000000000 0.999965277520995
510.000000000000000 0.999984624387259
511.000000000000000 0.999996170550045
512.000000000000000 1.000000000000000
513.000000000000000 0.999996200351099
514.000000000000000 0.999984862765242
515.000000000000000 0.999966081875453
516.000000000000000 0.999939955707738
517.000000000000000 0.999906585601659
518.000000000000000 0.999866076129667
519.000000000000000 0.999818535015247
520.000000000000000 0.999764073049930
521.000000000000000 0.999702804009222
522.000000000000000 0.999634844567499
523.000000000000000 0.999560314211932
524.000000000000000 0.999479335155472
525.000000000000000 0.999392032248978
526.000000000000000 0.999298532892512
527.000000000000000 0.999198966945873
528.000000000000000 0.999093466638414
529.000000000000000 0.998982166478203
530.000000000000000 0.998865203160563
531.000000000000000 0.998742715476072
532.000000000000000 0.998614844218052
533.000000000000000 0.998481732089608
534.000000000000000 0.998343523610273
535.000000000000000 0.998200365022309
536.000000000000000 0.998052404196717
537.000000000000000 0.997899790539003
538.000000000000000 0.997742674894765
539.000000000000000 0.997581209455135
540.000000000000000 0.997415547662148
541.000000000000000 0.997245844114071
542.000000000000000 0.997072254470755
543.000000000000000 0.996894935359055
544.000000000000000 0.996714044278368
545.000000000000000 0.996529739506348
546.000000000000000 0.996342180004834
547.000000000000000 0.996151525326049
548.000000000000000 0.995957935519118
549.000000000000000 0.995761571036949
550.000000000000000 0.995562592643529
551.000000000000000 0.995361161321686
552.000000000000000 0.995157438181347
553.000000000000000 0.994951584368363
554.000000000000000 0.994743760973922
555.000000000000000 0.994534128944618
556.000000000000000 0.994322848993195
557.000000000000000 0.994110081510038
558.000000000000000 0.993895986475430
559.000000000000000 0.993680723372627
560.000000000000000 0.993464451101801
561.000000000000000 0.993247327894876
562.000000000000000 0.993029511231307
563.000000000000000 0.992811157754842
564.000000000000000 0.992592423191301
565.000000000000000 0.992373462267412
566.000000000000000 0.992154428630746
567.000000000000000 0.991935474770778
568.000000000000000 0.991716751941117
569.000000000000000 0.991498410082936
570.000000000000000 0.991280597749641
571.000000000000000 0.991063462032805
572.000000000000000 0.990847148489401
573.000000000000000 0.990631801070374
574.000000000000000 0.990417562050565
575.000000000000000 0.990204571960035
576.000000000000000 0.989992969516806
577.000000000000000 0.989782891561051
578.000000000000000 0.989574472990756
579.000000000000000 0.989367846698885
580.000000000000000 0.989163143512067
581.000000000000000 0.988960492130839
582.000000000000000 0.988760019071449
583.000000000000000 0.988561848609265
584.000000000000000 0.988366102723790
585.000000000000000 0.988172901045315
586.000000000000000 0.987982360803226
587.000000000000000 0.987794596775976
588.000000000000000 0.987609721242757
589.000000000000000 0.987427843936865
590.000000000000000 0.987249072000789
591.000000000000000 0.987073509943033
592.000000000000000 0.986901259596680
593.000000000000000 0.986732420079721
594.000000000000000 0.986567087757145
595.000000000000000 0.986405356204810
596.000000000000000 0.986247316175103
597.000000000000000 0.986093055564394
598.000000000000000 0.985942659382287
599.000000000000000 0.985796209722691
600.000000000000000 0.985653785736685
601.000000000000000 0.985515463607218
602.000000000000000 0.985381316525613
603.000000000000000 0.985251414669902
604.000000000000000 0.985125825184977
605.000000000000000 0.985004612164562
606.000000000000000 0.984887836635010
607.000000000000000 0.984775556540913
608.000000000000000 0.984667826732527
609.000000000000000 0.984564698955012
610.000000000000000 0.984466221839475
611.000000000000000 0.984372440895812
612.000000000000000 0.984283398507341
613.000000000000000 0.984199133927228
614.000000000000000 0.984119683276681
615.000000000000000 0.984045079544911
616.000000000000000 0.983975352590856
617.000000000000000 0.983910529146640
618.000000000000000 0.983850632822773
619.000000000000000 0.983795684115062
620.000000000000000 0.983745700413230
621.000000000000000 0.983700696011230
622.000000000000000 0.983660682119223
623.000000000000000 0.983625666877221
624.000000000000000 0.983595655370367
625.000000000000000 0.983570649645838
626.000000000000000 0.983550648731352
627.000000000000000 0.983535648655254
628.000000000000000 0.983525642468170
629.000000000000000 0.983520620266202
630.000000000000000 0.983520569215634
631.000000000000000 0.983525473579152
632.000000000000000 0.983535314743517
633.000000000000000 0.983550071248709
634.000000000000000 0.983569718818475
635.000000000000000 0.983594230392297
636.000000000000000 0.983623576158717
637.000000000000000 0.983657723590020
638.000000000000000 0.983696637478233
639.000000000000000 0.983740279972417
640.000000000000000 0.983788610617226
641.000000000000000 0.983841586392696
642.000000000000000 0.983899161755247
643.000000000000000 0.983961288679858
644.000000000000000 0.984027916703388
645.000000000000000 0.984098992969014
646.000000000000000 0.984174462271753
647.000000000000000 0.984254267105040
648.000000000000000 0.984338347708321
649.000000000000000 0.984426642115637
650.000000000000000 0.984519086205172
651.000000000000000 0.984615613749709
652.000000000000000 0.984716156467986
653.000000000000000 0.984820644076910
654.000000000000000 0.984929004344582
655.000000000000000 0.985041163144119
656.000000000000000 0.985157044508226
657.000000000000000 0.985276570684489
658.000000000000000 0.985399662191345
659.000000000000000 0.985526237874710
660.000000000000000 0.985656214965210
661.000000000000000 0.985789509136002
662.000000000000000 0.985926034561123
663.000000000000000 0.986065703974360
664.000000000000000 0.986208428728580
665.000000000000000 0.986354118855501
666.000000000000000 0.986502683125864
667.000000000000000 0.986654029109959
668.000000000000000 0.986808063238493
669.000000000000000 0.986964690863738
670.000000000000000 0.987123816320937
671.000000000000000 0.987285342989941
672.000000000000000 0.987449173357012
673.000000000000000 0.987615209076793
674.000000000000000 0.987783351034381
675.000000000000000 0.987953499407482
676.000000000000000 0.988125553728604
677.000000000000000 0.988299412947268
678.000000000000000 0.988474975492182
679.000000000000000 0.988652139333358
680.000000000000000 0.988830802044132
681.000000000000000 0.989010860863055
682.000000000000000 0.989192212755617
683.000000000000000 0.989374754475775
684.000000000000000 0.989558382627252
685.000000000000000 0.989742993724563
686.000000000000000 0.989928484253755
687.000000000000000 0.990114750732811
688.000000000000000 0.990301689771690
689.000000000000000 0.990489198131982
690.000000000000000 0.990677172786126
691.000000000000000 0.990865510976188
692.000000000000000 0.991054110272135
693.000000000000000 0.991242868629609
694.000000000000000 0.991431684447143
695.000000000000000 0.991620456622811
696.000000000000000 0.991809084610263
697.000000000000000 0.991997468474142
698.000000000000000 0.992185508944831
699.000000000000000 0.992373107472515
700.000000000000000 0.992560166280529
701.000000000000000 0.992746588417974
702.000000000000000 0.992932277811552
703.000000000000000 0.993117139316624
704.000000000000000 0.993301078767449
705.000000000000000 0.993484003026581
706.000000000000000 0.993665820033408
707.000000000000000 0.993846438851803
708.000000000000000 0.994025769716868
709.000000000000000 0.994203724080754
710.000000000000000 0.994380214657525
711.000000000000000 0.994555155467055
712.000000000000000 0.994728461877941
713.000000000000000 0.994900050649396
714.000000000000000 0.995069839972129
715.000000000000000 0.995237749508171
716.000000000000000 0.995403700429645
717.000000000000000 0.995567615456457
718.000000000000000 0.995729418892895
719.000000000000000 0.995889036663120
720.000000000000000 0.996046396345534
721.000000000000000 0.996201427206015
722.000000000000000 0.996354060230001
723.000000000000000 0.996504228153418
724.000000000000000 0.996651865492431
725.000000000000000 0.996796908572016
726.000000000000000 0.996939295553340
727.000000000000000 0.997078966459938
728.000000000000000 0.997215863202680
729.000000000000000 0.997349929603522
730.000000000000000 0.997481111418029
731.000000000000000 0.997609356356672
732.000000000000000 0.997734614104880
733.000000000000000 0.997856836341861
734.000000000000000 0.997975976758163
735.000000000000000 0.998091991072003
736.000000000000000 0.998204837044325
737.000000000000000 0.998314474492620
738.000000000000000 0.998420865303477
739.000000000000000 0.998523973443890
740.000000000000000 0.998623764971297
741.000000000000000 0.998720208042375
742.000000000000000 0.998813272920569
743.000000000000000 0.998902931982382
744.000000000000000 0.998989159722403
745.000000000000000 0.999071932757102
746.000000000000000 0.999151229827374
747.000000000000000 0.999227031799854
748.000000000000000 0.999299321666994
749.000000000000000 0.999368084545926
750.000000000000000 0.999433307676093
751.000000000000000 0.999494980415685
752.000000000000000 0.999553094236864
753.000000000000000 0.999607642719799
754.000000000000000 0.999658621545512
755.000000000000000 0.999706028487565
756.000000000000000 0.999749863402566
757.000000000000000 0.999790128219533
758.000000000000000 0.999826826928124
759.000000000000000 0.999859965565723
760.000000000000000 0.999889552203430
761.000000000000000 0.999915596930938
762.000000000000000 0.999938111840330
763.000000000000000 0.999957111008799
764.000000000000000 0.999972610480317
765.000000000000000 0.999984628246259
766.000000000000000 0.999993184225003
767.000000000000000 0.999998300240525
768.000000000000000 1.000000000000000
769.000000000000000 0.999998309070430
770.000000000000000 0.999993254854319
771.000000000000000 0.999984866564414
772.000000000000000 0.999973175197521
773.000000000000000 0.999958213507431
774.000000000000000 0.999940015976966
775.000000000000000 0.999918618789165
776.000000000000000 0.999894059797636
777.000000000000000 0.999866378496092
778.000000000000000 0.999835615987091
779.000000000000000 0.999801814950004
780.000000000000000 0.999765019608233
781.000000000000000 0.999725275695699
782.000000000000000 0.999682630422630
783.000000000000000 0.999637132440657
784.000000000000000 0.999588831807261
785.000000000000000 0.999537779949575
786.000000000000000 0.999484029627583
787.000000000000000 0.999427634896724
788.000000000000000 0.999368651069936
789.000000000000000 0.999307134679159
790.000000000000000 0.999243143436326
791.000000000000000 0.999176736193860
792.000000000000000 0.999107972904710
793.000000000000000 0.999036914581945
794.000000000000000 0.998963623257936
795.000000000000000 0.998888161943143
796.000000000000000 0.998810594584547
797.000000000000000 0.998730986023735
798.000000000000000 0.998649401954678
799.000000000000000 0.998565908881223
800.000000000000000 0.998480574074317
801.000000000000000 0.998393465529002
802.000000000000000 0.998304651921196
803.000000000000000 0.998214202564297
804.000000000000000 0.998122187365618
805.000000000000000 0.998028676782697
806.000000000000000 0.997933741779501
807.000000000000000 0.997837453782540
808.000000000000000 0.997739884636937
809.000000000000000 0.997641106562459
810.000000000000000 0.997541192109545
811.000000000000000 0.997440214115356
812.000000000000000 0.997338245659869
813.000000000000000 0.997235360022040
814.000000000000000 0.997131630636067
815.000000000000000 0.997027131047765
816.000000000000000 0.996921934871090
817.000000000000000 0.996816115744834
818.000000000000000 0.996709747289502
819.000000000000000 0.996602903064422
820.000000000000000 0.996495656525074
821.000000000000000 0.996388080980704
822.000000000000000 0.996280249552204
823.000000000000000 0.996172235130317
824.000000000000000 0.996064110334166
825.000000000000000 0.995955947470136
826.000000000000000 0.995847818491136
827.000000000000000 0.995739794956257
828.000000000000000 0.995631947990846
829.000000000000000 0.995524348247027
830.000000000000000 0.995417065864671
831.000000000000000 0.995310170432860
832.000000000000000 0.995203730951842
833.000000000000000 0.995097815795508
834.000000000000000 0.994992492674413
835.000000000000000 0.994887828599349
836.000000000000000 0.994783889845498
837.000000000000000 0.994680741917182
838.000000000000000 0.994578449513214
839.000000000000000 0.994477076492894
840.000000000000000 0.994376685842637
841.000000000000000 0.994277339643272
842.000000000000000 0.994179099038011
843.000000000000000 0.994082024201119
844.000000000000000 0.993986174307287
845.000000000000000 0.993891607501728
846.000000000000000 0.993798380871009
847.000000000000000 0.993706550414634
848.000000000000000 0.993616171017392
849.000000000000000 0.993527296422472
850.000000000000000 0.993439979205370
851.000000000000000 0.993354270748601
852.000000000000000 0.993270221217207
853.000000000000000 0.993187879535094
854.000000000000000 0.993107293362196
855.000000000000000 0.993028509072482
856.000000000000000 0.992951571732802
857.000000000000000 0.992876525082600
858.000000000000000 0.992803411514483
859.000000000000000 0.992732272055668
860.000000000000000 0.992663146350301
861.000000000000000 0.992596072642666
862.000000000000000 0.992531087761283
863.000000000000000 0.992468227103898
864.000000000000000 0.992407524623377
865.000000000000000 0.992349012814506
866.000000000000000 0.992292722701690
867.000000000000000 0.992238683827574
868.000000000000000 0.992186924242569
869.000000000000000 0.992137470495299
870.000000000000000 0.992090347623960
871.000000000000000 0.992045579148601
872.000000000000000 0.992003187064320
873.000000000000000 0.991963191835379
874.000000000000000 0.991925612390237
875.000000000000000 0.991890466117500
876.000000000000000 0.991857768862781
877.000000000000000 0.991827534926478
878.000000000000000 0.991799777062455
879.000000000000000 0.991774506477638
880.000000000000000 0.991751732832505
881.000000000000000 0.991731464242477
882.000000000000000 0.991713707280206
883.000000000000000 0.991698466978746
884.000000000000000 0.991685746835608
885.000000000000000 0.991675548817696
886.000000000000000 0.991667873367107
887.000000000000000 0.991662719407791
888.000000000000000 0.991660084353079
889.000000000000000 0.991659964114042
890.000000000000000 0.991662353108697
891.000000000000000 0.991667244272043
892.000000000000000 0.991674629066913
893.000000000000000 0.991684497495638
894.000000000000000 0.991696838112510
895.000000000000000 0.991711638037037
896.000000000000000 0.991728882967972
897.000000000000000 0.991748557198114
898.000000000000000 0.991770643629855
899.000000000000000 0.991795123791481
900.000000000000000 0.991821977854193
901.000000000000000 0.991851184649851
902.000000000000000 0.991882721689420
903.000000000000000 0.991916565182103
904.000000000000000 0.991952690055156
905.000000000000000 0.991991069974358
906.000000000000000 0.992031677365132
907.000000000000000 0.992074483434296
908.000000000000000 0.992119458192434
909.000000000000000 0.992166570476861
910.000000000000000 0.992215787975181
911.000000000000000 0.992267077249408
912.000000000000000 0.992320403760643
913.000000000000000 0.992375731894287
914.000000000000000 0.992433024985772
915.000000000000000 0.992492245346791
916.000000000000000 0.992553354292021
917.000000000000000 0.992616312166304
918.000000000000000 0.992681078372284
919.000000000000000 0.992747611398473
920.000000000000000 0.992815868847727
921.000000000000000 0.992885807466126
922.000000000000000 0.992957383172222
923.000000000000000 0.993030551086652
924.000000000000000 0.993105265562084
925.000000000000000 0.993181480213488
926.000000000000000 0.993259147948711
927.000000000000000 0.993338220999331
928.000000000000000 0.993418650951774
929.000000000000000 0.993500388778682
930.000000000000000 0.993583384870499
931.000000000000000 0.993667589067267
932.000000000000000 0.993752950690612
933.000000000000000 0.993839418575891
934.000000000000000 0.993926941104490
935.000000000000000 0.994015466236256
936.000000000000000 0.994104941542030
937.000000000000000 0.994195314236278
938.000000000000000 0.994286531209787
939.000000000000000 0.994378539062413
940.000000000000000 0.994471284135871
941.000000000000000 0.994564712546523
942.000000000000000 0.994658770218174
943.000000000000000 0.994753402914835
944.000000000000000 0.994848556273443
945.000000000000000 0.994944175836525
946.000000000000000 0.995040207084771
947.000000000000000 0.995136595469516
948.000000000000000 0.995233286445098
949.000000000000000 0.995330225501083
950.000000000000000 0.995427358194332
951.000000000000000 0.995524630180897
952.000000000000000 0.995621987247728
953.000000000000000 0.995719375344171
954.000000000000000 0.995816740613238
955.000000000000000 0.995914029422634
956.000000000000000 0.996011188395533
957.000000000000000 0.996108164441061
958.000000000000000 0.996204904784502
959.000000000000000 0.996301356997186
960.000000000000000 0.996397469026050
961.000000000000000 0.996493189222862
962.000000000000000 0.996588466373084
963.000000000000000 0.996683249724365
964.000000000000000 0.996777489014648
965.000000000000000 0.996871134499866
966.000000000000000 0.996964136981232
967.000000000000000 0.997056447832090
968.000000000000000 0.997148019024327
969.000000000000000 0.997238803154319
970.000000000000000 0.997328753468415
971.000000000000000 0.997417823887924
972.000000000000000 0.997505969033620
973.000000000000000 0.997593144249722
974.000000000000000 0.997679305627360
975.000000000000000 0.997764410027512
976.000000000000000 0.997848415103388
977.000000000000000 0.997931279322264
978.000000000000000 0.998012961986751
979.000000000000000 0.998093423255482
980.000000000000000 0.998172624163224
981.000000000000000 0.998250526640383
982.000000000000000 0.998327093531917
983.000000000000000 0.998402288615626
984.000000000000000 0.998476076619829
985.000000000000000 0.998548423240408
986.000000000000000 0.998619295157219
987.000000000000000 0.998688660049855
988.000000000000000 0.998756486612768
989.000000000000000 0.998822744569723
990.000000000000000 0.998887404687604
991.000000000000000 0.998950438789543
992.000000000000000 0.999011819767376
993.000000000000000 0.999071521593432
994.000000000000000 0.999129519331631
995.000000000000000 0.999185789147901
996.000000000000000 0.999240308319908
997.000000000000000 0.999293055246094
998.000000000000000 0.999344009454018
999.000000000000000 0.999393151608006
1000.000000000000000 0.999440463516100
1001.000000000000000 0.999485928136310
1002.000000000000000 0.999529529582164
1003.000000000000000 0.999571253127561
1004.000000000000000 0.999611085210919
1005.000000000000000 0.999649013438627
1006.000000000000000 0.999685026587791
1007.000000000000000 0.999719114608295
1008.000000000000000 0.999751268624145
1009.000000000000000 0.999781480934140
1010.000000000000000 0.999809745011831
1011.000000000000000 0.999836055504803
1012.000000000000000 0.999860408233265
1013.000000000000000 0.999882800187957
1014.000000000000000 0.999903229527377
1015.000000000000000 0.999921695574333
1016.000000000000000 0.999938198811827
1017.000000000000000 0.999952740878267
1018.000000000000000 0.999965324562026
1019.000000000000000 0.999975953795339
1020.000000000000000 0.999984633647558
1021.000000000000000 0.999991370317761
1022.000000000000000 0.999996171126725
1023.000000000000000 0.999999044508273
1024.000000000000000 1.000000000000000
1025.000000000000000 0.999999048233383
1026.000000000000000 0.999996200923291
1027.000000000000000 0.999991470856890
1028.000000000000000 0.999984871881973
1029.000000000000000 0.999976418894699
1030.000000000000000 0.999966127826767
1031.000000000000000 0.999954015632034
1032.000000000000000 0.999940100272577
1033.000000000000000 0.999924400704222
1034.000000000000000 0.999906936861534
1035.000000000000000 0.999887729642302
1036.000000000000000 0.999866800891505
1037.000000000000000 0.999844173384786
1038.000000000000000 0.999819870811447
1039.000000000000000 0.999793917756959
1040.000000000000000 0.999766339685026
1041.000000000000000 0.999737162919186
1042.000000000000000 0.999706414623990
1043.000000000000000 0.999674122785744
1044.000000000000000 0.999640316192850
1045.000000000000000 0.999605024415746
1046.000000000000000 0.999568277786460
1047.000000000000000 0.999530107377800
1048.000000000000000 0.999490544982172
1049.000000000000000 0.999449623090075
1050.000000000000000 0.999407374868245
1051.000000000000000 0.999363834137499
1052.000000000000000 0.999319035350267
1053.000000000000000 0.999273013567847
1054.000000000000000 0.999225804437372
1055.000000000000000 0.999177444168533
1056.000000000000000 0.999127969510053
1057.000000000000000 0.999077417725926
1058.000000000000000 0.999025826571447
1059.000000000000000 0.998973234269044
1060.000000000000000 0.998919679483921
1061.000000000000000 0.998865201299529
1062.000000000000000 0.998809839192892
1063.000000000000000 0.998753633009777
1064.000000000000000 0.998696622939759
1065.000000000000000 0.998638849491154
1066.000000000000000 0.998580353465879
1067.000000000000000 0.998521175934213
1068.000000000000000 0.998461358209507
1069.000000000000000 0.998400941822838
1070.000000000000000 0.998339968497629
1071.000000000000000 0.998278480124252
1072.000000000000000 0.998216518734619
1073.000000000000000 0.998154126476796
1074.000000000000000 0.998091345589627
1075.000000000000000 0.998028218377410
1076.000000000000000 0.997964787184620
1077.000000000000000 0.997901094370703
1078.000000000000000 0.997837182284956
1079.000000000000000 0.997773093241505
1080.000000000000000 0.997708869494385
1081.000000000000000 0.997644553212764
1082.000000000000000 0.997580186456294
1083.000000000000000 0.997515811150618
1084.000000000000000 0.997451469063054
1085.000000000000000 0.997387201778449
1086.000000000000000 0.997323050675237
1087.000000000000000 0.997259056901701
1088.000000000000000 0.997195261352461
1089.000000000000000 0.997131704645191
1090.000000000000000 0.997068427097588
1091.000000000000000 0.997005468704601
1092.000000000000000 0.996942869115931
1093.000000000000000 0.996880667613816
1094.000000000000000 0.996818903091115
1095.000000000000000 0.996757614029695
1096.000000000000000 0.996696838479145
1097.000000000000000 0.996636614035821
1098.000000000000000 0.996576977822224
1099.000000000000000 0.996517966466745
1100.000000000000000 0.996459616083765
1101.000000000000000 0.996401962254132
1102.000000000000000 0.996345040006023
1103.000000000000000 0.996288883796201
1104.000000000000000 0.996233527491673
1105.000000000000000 0.996179004351765
1106.000000000000000 0.996125347010618
1107.000000000000000 0.996072587460113
1108.000000000000000 0.996020757033240
1109.000000000000000 0.995969886387911
1110.000000000000000 0.995920005491229
1111.000000000000000 0.995871143604225
1112.000000000000000 0.995823329267059
1113.000000000000000 0.995776590284702
1114.000000000000000 0.995730953713105
1115.000000000000000 0.995686445845851
1116.000000000000000 0.995643092201316
1117.000000000000000 0.995600917510320
1118.000000000000000 0.995559945704295
1119.000000000000000 0.995520199903960
1120.000000000000000 0.995481702408524
1121.000000000000000 0.995444474685399
1122.000000000000000 0.995408537360447
1123.000000000000000 0.995373910208762
1124.000000000000000 0.995340612145975
1125.000000000000000 0.995308661220109
1126.000000000000000 0.995278074603964
1127.000000000000000 0.995248868588052
1128.000000000000000 0.995221058574075
1129.000000000000000 0.995194659068950
1130.000000000000000 0.995169683679384
1131.000000000000000 0.995146145106997
1132.000000000000000 0.995124055144000
1133.000000000000000 0.995103424669423
1134.000000000000000 0.995084263645890
1135.000000000000000 0.995066581116955
1136.000000000000000 0.995050385204985
1137.000000000000000 0.995035683109593
1138.000000000000000 0.995022481106624
1139.000000000000000 0.995010784547688
1140.000000000000000 0.995000597860239
1141.000000000000000 0.994991924548204
1142.000000000000000 0.994984767193148
1143.000000000000000 0.994979127455988
1144.000000000000000 0.994975006079236
1145.000000000000000 0.994972402889780
1146.000000000000000 0.994971316802201
1147.000000000000000 0.994971745822607
1148.000000000000000 0.994973687053000
1149.000000000000000 0.994977136696154
1150.000000000000000 0.994982090061013
1151.000000000000000 0.994988541568596
1152.000000000000000 0.994996484758403
1153.000000000000000 0.995005912295326
1154.000000000000000 0.995016815977047
1155.000000000000000 0.995029186741927
1156.000000000000000 0.995043014677369
1157.000000000000000 0.995058289028665
1158.000000000000000 0.995074998208303
1159.000000000000000 0.995093129805732
1160.000000000000000 0.995112670597588
1161.000000000000000 0.995133606558358
1162.000000000000000 0.995155922871485
1163.000000000000000 0.995179603940901
1164.000000000000000 0.995204633402982
1165.000000000000000 0.995230994138917
1166.000000000000000 0.995258668287476
1167.000000000000000 0.995287637258180
1168.000000000000000 0.995317881744854
1169.000000000000000 0.995349381739556
1170.000000000000000 0.995382116546872
1171.000000000000000 0.995416064798578
1172.000000000000000 0.995451204468635
1173.000000000000000 0.995487512888537
1174.000000000000000 0.995524966762974
1175.000000000000000 0.995563542185826
1176.000000000000000 0.995603214656448
1177.000000000000000 0.995643959096268
1178.000000000000000 0.995685749865658
1179.000000000000000 0.995728560781085
1180.000000000000000 0.995772365132529
1181.000000000000000 0.995817135701145
1182.000000000000000 0.995862844777177
1183.000000000000000 0.995909464178092
1184.000000000000000 0.995956965266941
1185.000000000000000 0.996005318970922
1186.000000000000000 0.996054495800141
1187.000000000000000 0.996104465866555
1188.000000000000000 0.996155198903090
1189.000000000000000 0.996206664282916
1190.000000000000000 0.996258831038873
1191.000000000000000 0.996311667883032
1192.000000000000000 0.996365143226380
1193.000000000000000 0.996419225198620
1194.000000000000000 0.996473881668072
1195.000000000000000 0.996529080261655
1196.000000000000000 0.996584788384956
1197.000000000000000 0.996640973242357
1198.000000000000000 0.996697601857213
1199.000000000000000 0.996754641092079
1200.000000000000000 0.996812057668952
1201.000000000000000 0.996869818189541
1202.000000000000000 0.996927889155536
1203.000000000000000 0.996986236988867
1204.000000000000000 0.997044828051950
1205.000000000000000 0.997103628667896
1206.000000000000000 0.997162605140676
1207.000000000000000 0.997221723775239
1208.000000000000000 0.997280950897552
1209.000000000000000 0.997340252874570
1210.000000000000000 0.997399596134115
1211.000000000000000 0.997458947184649
1212.000000000000000 0.997518272634940
1213.000000000000000 0.997577539213604
1214.000000000000000 0.997636713788505
1215.000000000000000 0.997695763386021
1216.000000000000000 0.997754655210142
1217.000000000000000 0.997813356661407
1218.000000000000000 0.997871835355661
1219.000000000000000 0.997930059142625
1220.000000000000000 0.997987996124265
1221.000000000000000 0.998045614672951
1222.000000000000000 0.998102883449403
1223.000000000000000 0.998159771420399
1224.000000000000000 0.998216247876251
1225.000000000000000 0.998272282448035
1226.000000000000000 0.998327845124552
1227.000000000000000 0.998382906269035
1228.000000000000000 0.998437436635574
1229.000000000000000 0.998491407385257
1230.000000000000000 0.998544790102017
1231.000000000000000 0.998597556808182
1232.000000000000000 0.998649679979711
1233.000000000000000 0.998701132561113
1234.000000000000000 0.998751887980041
1235.000000000000000 0.998801920161555
1236.000000000000000 0.998851203542040
1237.000000000000000 0.998899713082781
1238.000000000000000 0.998947424283181
1239.000000000000000 0.998994313193621
1240.000000000000000 0.999040356427946
1241.000000000000000 0.999085531175584
1242.000000000000000 0.999129815213286
1243.000000000000000 0.999173186916472
1244.000000000000000 0.999215625270193
1245.000000000000000 0.999257109879700
1246.000000000000000 0.999297620980602
1247.000000000000000 0.999337139448629
1248.000000000000000 0.999375646808973
1249.000000000000000 0.999413125245229
1250.000000000000000 0.999449557607902
1251.000000000000000 0.999484927422507
1252.000000000000000 0.999519218897229
1253.000000000000000 0.999552416930167
1254.000000000000000 0.999584507116138
1255.000000000000000 0.999615475753046
1256.000000000000000 0.999645309847826
1257.000000000000000 0.999673997121931
1258.000000000000000 0.999701526016396
1259.000000000000000 0.999727885696444
1260.000000000000000 0.999753066055663
1261.000000000000000 0.999777057719726
1262.000000000000000 0.999799852049675
1263.000000000000000 0.999821441144748
1264.000000000000000 0.999841817844774
1265.000000000000000 0.999860975732107
1266.000000000000000 0.999878909133123
1267.000000000000000 0.999895613119273
1268.000000000000000 0.999911083507678
1269.000000000000000 0.999925316861297
1270.000000000000000 0.999938310488642
1271.000000000000000 0.999950062443053
1272.000000000000000 0.999960571521536
1273.000000000000000 0.999969837263167
1274.000000000000000 0.999977859947049
1275.000000000000000 0.999984640589854
1276.000000000000000 0.999990180942920
1277.000000000000000 0.999994483488928
1278.000000000000000 0.999997551438161
1279.000000000000000 0.999999388724331
1280.000000000000000 1.000000000000000
1281.000000000000000 0.999999390631586
1282.000000000000000 0.999997566693961
1283.000000000000000 0.999994534964645
1284.000000000000000 0.999990302917600
1285.000000000000000 0.999984878716639
1286.000000000000000 0.999978271208430
1287.000000000000000 0.999970489915135
1288.000000000000000 0.999961545026656
1289.000000000000000 0.999951447392520
1290.000000000000000 0.999940208513389
1291.000000000000000 0.999927840532217
1292.000000000000000 0.999914356225048
1293.000000000000000 0.999899768991473
1294.000000000000000 0.999884092844736
1295.000000000000000 0.999867342401521
1296.000000000000000 0.999849532871397
1297.000000000000000 0.999830680045956
1298.000000000000000 0.999810800287631
1299.000000000000000 0.999789910518216
1300.000000000000000 0.999768028207083
1301.000000000000000 0.999745171359112
1302.000000000000000 0.999721358502346
1303.000000000000000 0.999696608675364
1304.000000000000000 0.999670941414395
1305.000000000000000 0.999644376740178
1306.000000000000000 0.999616935144568
1307.000000000000000 0.999588637576908
1308.000000000000000 0.999559505430170
1309.000000000000000 0.999529560526875
1310.000000000000000 0.999498825104800
1311.000000000000000 0.999467321802481
1312.000000000000000 0.999435073644526
1313.000000000000000 0.999402104026739
1314.000000000000000 0.999368436701070
1315.000000000000000 0.999334095760402
1316.000000000000000 0.999299105623177
1317.000000000000000 0.999263491017878
1318.000000000000000 0.999227276967371
1319.000000000000000 0.999190488773128
1320.000000000000000 0.999153151999317
1321.000000000000000 0.999115292456799
1322.000000000000000 0.999076936187018
1323.000000000000000 0.999038109445805
1324.000000000000000 0.998998838687101
1325.000000000000000 0.998959150546619
1326.000000000000000 0.998919071825433
1327.000000000000000 0.998878629473535
1328.000000000000000 0.998837850573335
1329.000000000000000 0.998796762323150
1330.000000000000000 0.998755392020657
1331.000000000000000 0.998713767046348
1332.000000000000000 0.998671914846975
1333.000000000000000 0.998629862919020
1334.000000000000000 0.998587638792166
1335.000000000000000 0.998545270012811
1336.000000000000000 0.998502784127619
1337.000000000000000 0.998460208667112
1338.000000000000000 0.998417571129331
1339.000000000000000 0.998374898963556
1340.000000000000000 0.998332219554108
1341.000000000000000 0.998289560204237
1342.000000000000000 0.998246948120102
1343.000000000000000 0.998204410394864
1344.000000000000000 0.998161973992883
1345.000000000000000 0.998119665734044
1346.000000000000000 0.998077512278218
1347.000000000000000 0.998035540109854
1348.000000000000000 0.997993775522733
1349.000000000000000 0.997952244604865
1350.000000000000000 0.997910973223571
1351.000000000000000 0.997869987010721
1352.000000000000000 0.997829311348170
1353.000000000000000 0.997788971353376
1354.000000000000000 0.997748991865224
1355.000000000000000 0.997709397430046
1356.000000000000000 0.997670212287874
1357.000000000000000 0.997631460358892
1358.000000000000000 0.997593165230139
1359.000000000000000 0.997555350142436
1360.000000000000000 0.997518037977558
1361.000000000000000 0.997481251245661
1362.000000000000000 0.997445012072964
1363.000000000000000 0.997409342189695
1364.000000000000000 0.997374262918305
1365.000000000000000 0.997339795161964
1366.000000000000000 0.997305959393332
1367.000000000000000 0.997272775643626
1368.000000000000000 0.997240263491975
1369.000000000000000 0.997208442055080
1370.000000000000000 0.997177329977169
1371.000000000000000 0.997146945420273
1372.000000000000000 0.997117306054813
1373.000000000000000 0.997088429050497
1374.000000000000000 0.997060331067557
1375.000000000000000 0.997033028248300
1376.000000000000000 0.997006536209001
1377.000000000000000 0.996980870032120
1378.000000000000000 0.996956044258875
1379.000000000000000 0.996932072882140
1380.000000000000000 0.996908969339705
1381.000000000000000 0.996886746507872
1382.000000000000000 0.996865416695416
1383.000000000000000 0.996844991637885
1384.000000000000000 0.996825482492271
1385.000000000000000 0.996806899832035
1386.000000000000000 0.996789253642488
1387.000000000000000 0.996772553316542
1388.000000000000000 0.996756807650822
1389.000000000000000 0.996742024842142
1390.000000000000000 0.996728212484351
1391.000000000000000 0.996715377565540
1392.000000000000000 0.996703526465627
1393.000000000000000 0.996692664954300
1394.000000000000000 0.996682798189333
1395.000000000000000 0.996673930715274
1396.000000000000000 0.996666066462492
1397.000000000000000 0.996659208746599
1398.000000000000000 0.996653360268238
1399.000000000000000 0.996648523113236
1400.000000000000000 0.996644698753120
1401.000000000000000 0.996641888045998
1402.000000000000000 0.996640091237807
1403.000000000000000 0.996639307963911
1404.000000000000000 0.996639537251066
1405.000000000000000 0.996640777519737
1406.000000000000000 0.996643026586773
1407.000000000000000 0.996646281668426
1408.000000000000000 0.996650539383724
1409.000000000000000 0.996655795758191
1410.000000000000000 0.996662046227901
1411.000000000000000 0.996669285643880
1412.000000000000000 0.996677508276838
1413.000000000000000 0.996686707822236
1414.000000000000000 0.996696877405676
1415.000000000000000 0.996708009588619
1416.000000000000000 0.996720096374423
1417.000000000000000 0.996733129214687
1418.000000000000000 0.996747099015919
1419.000000000000000 0.996761996146499
1420.000000000000000 0.996777810443943
1421.000000000000000 0.996794531222470
1422.000000000000000 0.996812147280848
1423.000000000000000 0.996830646910536
1424.000000000000000 0.996850017904094
1425.000000000000000 0.996870247563873
1426.000000000000000 0.996891322710971
1427.000000000000000 0.996913229694449
1428.000000000000000 0.996935954400802
1429.000000000000000 0.996959482263682
1430.000000000000000 0.996983798273854
1431.000000000000000 0.997008886989402
1432.000000000000000 0.997034732546150
1433.000000000000000 0.997061318668312
1434.000000000000000 0.997088628679361
1435.000000000000000 0.997116645513094
1436.000000000000000 0.997145351724912
1437.000000000000000 0.997174729503283
1438.000000000000000 0.997204760681400
1439.000000000000000 0.997235426749009
1440.000000000000000 0.997266708864416
1441.000000000000000 0.997298587866656
1442.000000000000000 0.997331044287818
1443.000000000000000 0.997364058365514
1444.000000000000000 0.997397610055499
1445.000000000000000 0.997431679044412
1446.000000000000000 0.997466244762653
1447.000000000000000 0.997501286397370
1448.000000000000000 0.997536782905554
1449.000000000000000 0.997572713027242
1450.000000000000000 0.997609055298808
1451.000000000000000 0.997645788066335
1452.000000000000000 0.997682889499074
1453.000000000000000 0.997720337602960
1454.000000000000000 0.997758110234197
1455.000000000000000 0.997796185112889
1456.000000000000000 0.997834539836717
1457.000000000000000 0.997873151894653
1458.000000000000000 0.997911998680698
1459.000000000000000 0.997951057507640
1460.000000000000000 0.997990305620827
1461.000000000000000 0.998029720211936
1462.000000000000000 0.998069278432738
1463.000000000000000 0.998108957408855
1464.000000000000000 0.998148734253488
1465.000000000000000 0.998188586081121
1466.000000000000000 0.998228490021179
1467.000000000000000 0.998268423231650
1468.000000000000000 0.998308362912645
1469.000000000000000 0.998348286319901
1470.000000000000000 0.998388170778215
1471.000000000000000 0.998427993694791
1472.000000000000000 0.998467732572517
1473.000000000000000 0.998507365023137
1474.000000000000000 0.998546868780330
1475.000000000000000 0.998586221712673
1476.000000000000000 0.998625401836501
1477.000000000000000 0.998664387328629
1478.000000000000000 0.998703156538962
1479.000000000000000 0.998741688002950
1480.000000000000000 0.998779960453913
1481.000000000000000 0.998817952835207
1482.000000000000000 0.998855644312238
1483.000000000000000 0.998893014284305
1484.000000000000000 0.998930042396279
1485.000000000000000 0.998966708550100
1486.000000000000000 0.999002992916091
1487.000000000000000 0.999038875944084
1488.000000000000000 0.999074338374345
1489.000000000000000 0.999109361248304
1490.000000000000000 0.999143925919074
1491.000000000000000 0.999178014061749
1492.000000000000000 0.999211607683499
1493.000000000000000 0.999244689133422
1494.000000000000000 0.999277241112183
1495.000000000000000 0.999309246681404
1496.000000000000000 0.999340689272824
1497.000000000000000 0.999371552697211
1498.000000000000000 0.999401821153023
1499.000000000000000 0.999431479234814
1500.000000000000000 0.999460511941393
1501.000000000000000 0.999488904683701
1502.000000000000000 0.999516643292441
1503.000000000000000 0.999543714025430
1504.000000000000000 0.999570103574671
1505.000000000000000 0.999595799073159
1506.000000000000000 0.999620788101400
1507.000000000000000 0.999645058693648
1508.000000000000000 0.999668599343854
1509.000000000000000 0.999691399011329
1510.000000000000000 0.999713447126109
1511.000000000000000 0.999734733594033
1512.000000000000000 0.999755248801519
1513.000000000000000 0.999774983620043
1514.000000000000000 0.999793929410317
1515.000000000000000 0.999812078026165
1516.000000000000000 0.999829421818096
1517.000000000000000 0.999845953636570
1518.000000000000000 0.999861666834960
1519.000000000000000 0.999876555272204
1520.000000000000000 0.999890613315151
1521.000000000000000 0.999903835840599
1522.000000000000000 0.999916218237021
1523.000000000000000 0.999927756405988
1524.000000000000000 0.999938446763270
1525.000000000000000 0.999948286239645
1526.000000000000000 0.999957272281387
1527.000000000000000 0.999965402850446
1528.000000000000000 0.999972676424329
1529.000000000000000 0.999979091995667
1530.000000000000000 0.999984649071475
1531.000000000000000 0.999989347672116
1532.000000000000000 0.999993188329953
1533.000000000000000 0.999996172087703
1534.000000000000000 0.999998300496493
1535.000000000000000 0.999999575613619
1536.000000000000000 1.000000000000000
1537.000000000000000 0.999999576717354
1538.000000000000000 0.999998309325068
1539.000000000000000 0.999996201876790
1540.000000000000000 0.999993258916731
1541.000000000000000 0.999989485475684
1542.000000000000000 0.999984887066764
1543.000000000000000 0.999979469680875
1544.000000000000000 0.999973239781899
1545.000000000000000 0.999966204301617
1546.000000000000000 0.999958370634367
1547.000000000000000 0.999949746631437
1548.000000000000000 0.999940340595204
1549.000000000000000 0.999930161273011
1550.000000000000000 0.999919217850809
1551.000000000000000 0.999907519946537
1552.000000000000000 0.999895077603277
1553.000000000000000 0.999881901282161
1554.000000000000000 0.999868001855055
1555.000000000000000 0.999853390597016
1556.000000000000000 0.999838079178522
1557.000000000000000 0.999822079657496
1558.000000000000000 0.999805404471110
1559.000000000000000 0.999788066427390
1560.000000000000000 0.999770078696622
1561.000000000000000 0.999751454802557
1562.000000000000000 0.999732208613436
1563.000000000000000 0.999712354332828
1564.000000000000000 0.999691906490294
1565.000000000000000 0.999670879931877
1566.000000000000000 0.999649289810430
1567.000000000000000 0.999627151575789
1568.000000000000000 0.999604480964785
1569.000000000000000 0.999581293991120
1570.000000000000000 0.999557606935097
1571.000000000000000 0.999533436333222
1572.000000000000000 0.999508798967674
1573.000000000000000 0.999483711855662
1574.000000000000000 0.999458192238661
1575.000000000000000 0.999432257571550
1576.000000000000000 0.999405925511644
1577.000000000000000 0.999379213907637
1578.000000000000000 0.999352140788452
1579.000000000000000 0.999324724352024
1580.000000000000000 0.999296982953998
1581.000000000000000 0.999268935096366
1582.000000000000000 0.999240599416051
1583.000000000000000 0.999211994673428
1584.000000000000000 0.999183139740813
1585.000000000000000 0.999154053590902
1586.000000000000000 0.999124755285188
1587.000000000000000 0.999095263962351
1588.000000000000000 0.999065598826629
1589.000000000000000 0.999035779136185
1590.000000000000000 0.999005824191461
1591.000000000000000 0.998975753323547
1592.000000000000000 0.998945585882558
1593.000000000000000 0.998915341226017
1594.000000000000000 0.998885038707283
1595.000000000000000 0.998854697663992
1596.000000000000000 0.998824337406548
1597.000000000000000 0.998793977206650
1598.000000000000000 0.998763636285881
1599.000000000000000 0.998733333804346
1600.000000000000000 0.998703088849378
1601.000000000000000 0.998672920424317
1602.000000000000000 0.998642847437365
1603.000000000000000 0.998612888690529
1604.000000000000000 0.998583062868646
1605.000000000000000 0.998553388528519
1606.000000000000000 0.998523884088140
1607.000000000000000 0.998494567816036
1608.000000000000000 0.998465457820724
1609.000000000000000 0.998436572040288
1610.000000000000000 0.998407928232084
1611.000000000000000 0.998379543962578
1612.000000000000000 0.998351436597324
1613.000000000000000 0.998323623291084
1614.000000000000000 0.998296120978103
1615.000000000000000 0.998268946362531
1616.000000000000000 0.998242115909014
1617.000000000000000 0.998215645833449
1618.000000000000000 0.998189552093903
1619.000000000000000 0.998163850381723
1620.000000000000000 0.998138556112809
1621.000000000000000 0.998113684419085
1622.000000000000000 0.998089250140160
1623.000000000000000 0.998065267815172
1624.000000000000000 0.998041751674849
1625.000000000000000 0.998018715633757
1626.000000000000000 0.997996173282767
1627.000000000000000 0.997974137881723
1628.000000000000000 0.997952622352339
1629.000000000000000 0.997931639271301
1630.000000000000000 0.997911200863598
1631.000000000000000 0.997891318996084
1632.000000000000000 0.997872005171258
1633.000000000000000 0.997853270521285
1634.000000000000000 0.997835125802249
1635.000000000000000 0.997817581388647
1636.000000000000000 0.997800647268120
1637.000000000000000 0.997784333036430
1638.000000000000000 0.997768647892683
1639.000000000000000 0.997753600634799
1640.000000000000000 0.997739199655233
1641.000000000000000 0.997725452936949
1642.000000000000000 0.997712368049646
1643.000000000000000 0.997699952146238
1644.000000000000000 0.997688211959602
1645.000000000000000 0.997677153799565
1646.000000000000000 0.997666783550170
1647.000000000000000 0.997657106667193
1648.000000000000000 0.997648128175919
1649.000000000000000 0.997639852669187
1650.000000000000000 0.997632284305692
1651.000000000000000 0.997625426808557
1652.000000000000000 0.997619283464158
1653.000000000000000 0.997613857121222
1654.000000000000000 0.997609150190182
1655.000000000000000 0.997605164642801
1656.000000000000000 0.997601902012049
1657.000000000000000 0.997599363392252
1658.000000000000000 0.997597549439498
1659.000000000000000 0.997596460372300
1660.000000000000000 0.997596095972527
1661.000000000000000 0.997596455586586
1662.000000000000000 0.997597538126860
1663.000000000000000 0.997599342073410
1664.000000000000000 0.997601865475921
1665.000000000000000 0.997605105955908
1666.000000000000000 0.997609060709166
1667.000000000000000 0.997613726508471
1668.000000000000000 0.997619099706528
1669.000000000000000 0.997625176239161
1670.000000000000000 0.997631951628742
1671.000000000000000 0.997639420987864
1672.000000000000000 0.997647579023243
1673.000000000000000 0.997656420039861
1674.000000000000000 0.997665937945329
1675.000000000000000 0.997676126254485
1676.000000000000000 0.997686978094212
1677.000000000000000 0.997698486208474
1678.000000000000000 0.997710642963574
1679.000000000000000 0.997723440353619
1680.000000000000000 0.997736870006198
1681.000000000000000 0.997750923188263
1682.000000000000000 0.997765590812214
1683.000000000000000 0.997780863442176
1684.000000000000000 0.997796731300477
1685.000000000000000 0.997813184274304
1686.000000000000000 0.997830211922554
1687.000000000000000 0.997847803482858
1688.000000000000000 0.997865947878780
1689.000000000000000 0.997884633727194
1690.000000000000000 0.997903849345813
1691.000000000000000 0.997923582760893
1692.000000000000000 0.997943821715084
1693.000000000000000 0.997964553675436
1694.000000000000000 0.997985765841545
1695.000000000000000 0.998007445153848
1696.000000000000000 0.998029578302044
1697.000000000000000 0.998052151733654
1698.000000000000000 0.998075151662697
1699.000000000000000 0.998098564078490
1700.000000000000000 0.998122374754561
1701.000000000000000 0.998146569257669
1702.000000000000000 0.998171132956924
1703.000000000000000 0.998196051033009
1704.000000000000000 0.998221308487488
1705.000000000000000 0.998246890152204
1706.000000000000000 0.998272780698749
1707.000000000000000 0.998298964648014
1708.000000000000000 0.998325426379805
1709.000000000000000 0.998352150142521
1710.000000000000000 0.998379120062884
1711.000000000000000 0.998406320155727
1712.000000000000000 0.998433734333816
1713.000000000000000 0.998461346417718
1714.000000000000000 0.998489140145699
1715.000000000000000 0.998517099183647
1716.000000000000000 0.998545207135012
1717.000000000000000 0.998573447550770
1718.000000000000000 0.998601803939383
1719.000000000000000 0.998630259776773
1720.000000000000000 0.998658798516281
1721.000000000000000 0.998687403598625
1722.000000000000000 0.998716058461840
1723.000000000000000 0.998744746551193
1724.000000000000000 0.998773451329080
1725.000000000000000 0.998802156284875
1726.000000000000000 0.998830844944756
1727.000000000000000 0.998859500881477
1728.000000000000000 0.998888107724090
1729.000000000000000 0.998916649167616
1730.000000000000000 0.998945108982650
1731.000000000000000 0.998973471024898
1732.000000000000000 0.999001719244648
1733.000000000000000 0.999029837696152
1734.000000000000000 0.999057810546934
1735.000000000000000 0.999085622087007
1736.000000000000000 0.999113256737989
1737.000000000000000 0.999140699062128
1738.000000000000000 0.999167933771219
1739.000000000000000 0.999194945735410
1740.000000000000000 0.999221719991895
1741.000000000000000 0.999248241753485
1742.000000000000000 0.999274496417061
1743.000000000000000 0.999300469571888
1744.000000000000000 0.999326147007803
1745.000000000000000 0.999351514723262
1746.000000000000000 0.999376558933244
1747.000000000000000 0.999401266077003
1748.000000000000000 0.999425622825681
1749.000000000000000 0.999449616089751
1750.000000000000000 0.999473233026309
1751.000000000000000 0.999496461046198
1752.000000000000000 0.999519287820967
1753.000000000000000 0.999541701289656
1754.000000000000000 0.999563689665410
1755.000000000000000 0.999585241441906
1756.000000000000000 0.999606345399610
1757.000000000000000 0.999626990611837
1758.000000000000000 0.999647166450629
1759.000000000000000 0.999666862592438
1760.000000000000000 0.999686069023619
1761.000000000000000 0.999704776045721
1762.000000000000000 0.999722974280577
1763.000000000000000 0.999740654675196
1764.000000000000000 0.999757808506449
1765.000000000000000 0.999774427385539
1766.000000000000000 0.999790503262275
1767.000000000000000 0.999806028429124
1768.000000000000000 0.999820995525052
1769.000000000000000 0.999835397539150
1770.000000000000000 0.999849227814042
1771.000000000000000 0.999862480049076
1772.000000000000000 0.999875148303294
1773.000000000000000 0.999887226998176
1774.000000000000000 0.999898710920169
1775.000000000000000 0.999909595222988
1776.000000000000000 0.999919875429692
1777.000000000000000 0.999929547434536
1778.000000000000000 0.999938607504599
1779.000000000000000 0.999947052281181
1780.000000000000000 0.999954878780977
1781.000000000000000 0.999962084397026
1782.000000000000000 0.999968666899425
1783.000000000000000 0.999974624435827
1784.000000000000000 0.999979955531701
1785.000000000000000 0.999984659090379
1786.000000000000000 0.999988734392863
1787.000000000000000 0.999992181097418
1788.000000000000000 0.999994999238936
1789.000000000000000 0.999997189228072
1790.000000000000000 0.999998751850169
1791.000000000000000 0.999999688263951
1792.000000000000000 1.000000000000000
1793.000000000000000 0.999999688959014
1794.000000000000000 0.999998757409849
1795.000000000000000 0.999997207987342
1796.000000000000000 0.999995043689924
1797.000000000000000 0.999992267877019
1798.000000000000000 0.999988884266234
1799.000000000000000 0.999984896930338
1800.000000000000000 0.999980310294044
1801.000000000000000 0.999975129130577
1802.000000000000000 0.999969358558049
1803.000000000000000 0.999963004035634
1804.000000000000000 0.999956071359546
1805.000000000000000 0.999948566658827
1806.000000000000000 0.999940496390943
1807.000000000000000 0.999931867337196
1808.000000000000000 0.999922686597951
1809.000000000000000 0.999912961587684
1810.000000000000000 0.999902700029853
1811.000000000000000 0.999891909951593
1812.000000000000000 0.999880599678246
1813.000000000000000 0.999868777827721
1814.000000000000000 0.999856453304693
1815.000000000000000 0.999843635294648
1816.000000000000000 0.999830333257759
1817.000000000000000 0.999816556922631
1818.000000000000000 0.999802316279885
1819.000000000000000 0.999787621575603
1820.000000000000000 0.999772483304638
1821.000000000000000 0.999756912203785
1822.000000000000000 0.999740919244828
1823.000000000000000 0.999724515627457
1824.000000000000000 0.999707712772068
1825.000000000000000 0.999690522312441
1826.000000000000000 0.999672956088315
1827.000000000000000 0.999655026137848
1828.000000000000000 0.999636744689983
1829.000000000000000 0.999618124156707
1830.000000000000000 0.999599177125226
1831.000000000000000 0.999579916350046
1832.000000000000000 0.999560354744978
1833.000000000000000 0.999540505375060
1834.000000000000000 0.999520381448405
1835.000000000000000 0.999499996307988
1836.000000000000000 0.999479363423363
1837.000000000000000 0.999458496382326
1838.000000000000000 0.999437408882525
1839.000000000000000 0.999416114723023
1840.000000000000000 0.999394627795819
1841.000000000000000 0.999372962077327
1842.000000000000000 0.999351131619829
1843.000000000000000 0.999329150542901
1844.000000000000000 0.999307033024813
1845.000000000000000 0.999284793293914
1846.000000000000000 0.999262445620008
1847.000000000000000 0.999240004305723
1848.000000000000000 0.999217483677877
1849.000000000000000 0.999194898078847
1850.000000000000000 0.999172261857957
1851.000000000000000 0.999149589362865
1852.000000000000000 0.999126894930982
1853.000000000000000 0.999104192880912
1854.000000000000000 0.999081497503916
1855.000000000000000 0.999058823055423
1856.000000000000000 0.999036183746565
1857.000000000000000 0.999013593735772
1858.000000000000000 0.998991067120404
1859.000000000000000 0.998968617928447
1860.000000000000000 0.998946260110261
1861.000000000000000 0.998924007530396
1862.000000000000000 0.998901873959476
1863.000000000000000 0.998879873066158
1864.000000000000000 0.998858018409164
1865.000000000000000 0.998836323429402
1866.000000000000000 0.998814801442173
1867.000000000000000 0.998793465629464
1868.000000000000000 0.998772329032343
1869.000000000000000 0.998751404543455
1870.000000000000000 0.998730704899618
1871.000000000000000 0.998710242674531
1872.000000000000000 0.998690030271594
1873.000000000000000 0.998670079916849
1874.000000000000000 0.998650403652031
1875.000000000000000 0.998631013327760
1876.000000000000000 0.998611920596849
1877.000000000000000 0.998593136907746
1878.000000000000000 0.998574673498120
1879.000000000000000 0.998556541388578
1880.000000000000000 0.998538751376530
1881.000000000000000 0.998521314030196
1882.000000000000000 0.998504239682768
1883.000000000000000 0.998487538426723
1884.000000000000000 0.998471220108288
1885.000000000000000 0.998455294322069
1886.000000000000000 0.998439770405841
1887.000000000000000 0.998424657435499
1888.000000000000000 0.998409964220179
1889.000000000000000 0.998395699297550
1890.000000000000000 0.998381870929277
1891.000000000000000 0.998368487096653
1892.000000000000000 0.998355555496419
1893.000000000000000 0.998343083536755
1894.000000000000000 0.998331078333451
1895.000000000000000 0.998319546706267
1896.000000000000000 0.998308495175474
1897.000000000000000 0.998297929958577
1898.000000000000000 0.998287856967238
1899.000000000000000 0.998278281804373
1900.000000000000000 0.998269209761453
1901.000000000000000 0.998260645815989
1902.000000000000000 0.998252594629211
1903.000000000000000 0.998245060543945
1904.000000000000000 0.998238047582680
1905.000000000000000 0.998231559445831
1906.000000000000000 0.998225599510203
1907.000000000000000 0.998220170827647
1908.000000000000000 0.998215276123914
1909.000000000000000 0.998210917797706
1910.000000000000000 0.998207097919927
1911.000000000000000 0.998203818233130
1912.000000000000000 0.998201080151158
1913.000000000000000 0.998198884758990
1914.000000000000000 0.998197232812778
1915.000000000000000 0.998196124740078
1916.000000000000000 0.998195560640289
1917.000000000000000 0.998195540285271
1918.000000000000000 0.998196063120172
1919.000000000000000 0.998197128264438
1920.000000000000000 0.998198734513025
1921.000000000000000 0.998200880337793
1922.000000000000000 0.998203563889097
1923.000000000000000 0.998206782997564
1924.000000000000000 0.998210535176061
1925.000000000000000 0.998214817621841
1926.000000000000000 0.998219627218885
1927.000000000000000 0.998224960540414
1928.000000000000000 0.998230813851592
1929.000000000000000 0.998237183112400
1930.000000000000000 0.998244063980694
1931.000000000000000 0.998251451815426
1932.000000000000000 0.998259341680053
1933.000000000000000 0.998267728346100
1934.000000000000000 0.998276606296900
1935.000000000000000 0.998285969731495
1936.000000000000000 0.998295812568699
1937.000000000000000 0.998306128451325
1938.000000000000000 0.998316910750557
1939.000000000000000 0.998328152570488
1940.000000000000000 0.998339846752802
1941.000000000000000 0.998351985881604
1942.000000000000000 0.998364562288394
1943.000000000000000 0.998377568057181
1944.000000000000000 0.998390995029741
1945.000000000000000 0.998404834810998
1946.000000000000000 0.998419078774543
1947.000000000000000 0.998433718068281
1948.000000000000000 0.998448743620196
1949.000000000000000 0.998464146144242
1950.000000000000000 0.998479916146343
1951.000000000000000 0.998496043930509
1952.000000000000000 0.998512519605064
1953.000000000000000 0.998529333088969
1954.000000000000000 0.998546474118255
1955.000000000000000 0.998563932252545
1956.000000000000000 0.998581696881674
1957.000000000000000 0.998599757232389
1958.000000000000000 0.998618102375146
1959.000000000000000 0.998636721230970
1960.000000000000000 0.998655602578407
1961.000000000000000 0.998674735060532
1962.000000000000000 0.998694107192037
1963.000000000000000 0.998713707366372
1964.000000000000000 0.998733523862948
1965.000000000000000 0.998753544854394
1966.000000000000000 0.998773758413860
1967.000000000000000 0.998794152522367
1968.000000000000000 0.998814715076202
1969.000000000000000 0.998835433894334
1970.000000000000000 0.998856296725882
1971.000000000000000 0.998877291257588
1972.000000000000000 0.998898405121332
1973.000000000000000 0.998919625901649
1974.000000000000000 0.998940941143268
1975.000000000000000 0.998962338358656
1976.000000000000000 0.998983805035570
1977.000000000000000 0.999005328644601
1978.000000000000000 0.999026896646723
1979.000000000000000 0.999048496500823
1980.000000000000000 0.999070115671222
1981.000000000000000 0.999091741635181
1982.000000000000000 0.999113361890375
1983.000000000000000 0.999134963962346
1984.000000000000000 0.999156535411926
1985.000000000000000 0.999178063842620
1986.000000000000000 0.999199536907946
1987.000000000000000 0.999220942318739
1988.000000000000000 0.999242267850401
1989.000000000000000 0.999263501350095
1990.000000000000000 0.999284630743885
1991.000000000000000 0.999305644043818
1992.000000000000000 0.999326529354932
1993.000000000000000 0.999347274882204
1994.000000000000000 0.999367868937412
1995.000000000000000 0.999388299945934
1996.000000000000000 0.999408556453453
1997.000000000000000 0.999428627132585
1998.000000000000000 0.999448500789413
1999.000000000000000 0.999468166369929
2000.000000000000000 0.999487612966381
2001.000000000000000 0.999506829823519
2002.000000000000000 0.999525806344738
2003.000000000000000 0.999544532098110
2004.000000000000000 0.999562996822314
2005.000000000000000 0.999581190432439
2006.000000000000000 0.999599103025687
2007.000000000000000 0.999616724886938
2008.000000000000000 0.999634046494205
2009.000000000000000 0.999651058523956
2010.000000000000000 0.999667751856307
2011.000000000000000 0.999684117580089
2012.000000000000000 0.999700146997768
2013.000000000000000 0.999715831630241
2014.000000000000000 0.999731163221482
2015.000000000000000 0.999746133743049
2016.000000000000000 0.999760735398450
2017.000000000000000 0.999774960627350
2018.000000000000000 0.999788802109642
2019.000000000000000 0.999802252769357
2020.000000000000000 0.999815305778424
2021.000000000000000 0.999827954560273
2022.000000000000000 0.999840192793280
2023.000000000000000 0.999852014414056
2024.000000000000000 0.999863413620570
2025.000000000000000 0.999874384875113
2026.000000000000000 0.999884922907097
2027.000000000000000 0.999895022715688
2028.000000000000000 0.999904679572273
2029.000000000000000 0.999913889022760
2030.000000000000000 0.999922646889709
2031.000000000000000 0.999930949274290
2032.000000000000000 0.999938792558078
2033.000000000000000 0.999946173404664
2034.000000000000000 0.999953088761112
2035.000000000000000 0.999959535859226
2036.000000000000000 0.999965512216654
2037.000000000000000 0.999971015637818
2038.000000000000000 0.999976044214664
2039.000000000000000 0.999980596327251
2040.000000000000000 0.999984670644152
2041.000000000000000 0.999988266122692
2042.000000000000000 0.999991382009010
2043.000000000000000 0.999994017837943
2044.000000000000000 0.999996173432747
2045.000000000000000 0.999997848904638
2046.000000000000000 0.999999044652161
2047.000000000000000 0.999999761360400
