0.000000000000000000e+00 0.000000000000000000e+00
1.000000000000000000e+00 3.137458806090620556e-06
2.000000000000000000e+00 1.254978797460282181e-05
3.000000000000000000e+00 2.823684575814500164e-05
4.000000000000000000e+00 5.019839591435815151e-05
5.000000000000000000e+00 7.843410771013470395e-05
6.000000000000000000e+00 1.129435559286129376e-04
7.000000000000000000e+00 1.537262208782808059e-04
8.000000000000000000e+00 2.007814884030789671e-04
9.000000000000000000e+00 2.541086498939471028e-04
1.000000000000000000e+01 3.137069023040339744e-04
1.100000000000000000e+01 3.795753481659058792e-04
1.200000000000000000e+01 4.517129956067567065e-04
1.300000000000000000e+01 5.301187583715005758e-04
1.400000000000000000e+01 6.147914558422007403e-04
1.500000000000000000e+01 7.057298130638267608e-04
1.600000000000000000e+01 8.029324607687904347e-04
1.700000000000000000e+01 9.063979354051454607e-04
1.800000000000000000e+01 1.016124679165120170e-03
1.900000000000000000e+01 1.132111040018535242e-03
2.000000000000000000e+01 1.254355271743112787e-03
2.100000000000000000e+01 1.382855533963334160e-03
2.200000000000000000e+01 1.517609892184190734e-03
2.300000000000000000e+01 1.658616317832595222e-03
2.400000000000000000e+01 1.805872688296239481e-03
2.500000000000000000e+01 1.959376786968891615e-03
2.600000000000000000e+01 2.119126303292473423e-03
2.700000000000000000e+01 2.285118832805466127e-03
2.800000000000000000e+01 2.457351877190760980e-03
2.900000000000000000e+01 2.635822844325952374e-03
3.000000000000000000e+01 2.820529048335518318e-03
3.100000000000000000e+01 3.011467709645554436e-03
3.200000000000000000e+01 3.208635955039174092e-03
3.300000000000000000e+01 3.412030817714684083e-03
3.400000000000000000e+01 3.621649237344981564e-03
3.500000000000000000e+01 3.837488060140614721e-03
3.600000000000000000e+01 4.059544038911289121e-03
3.700000000000000000e+01 4.287813833133591324e-03
3.800000000000000000e+01 4.522294009015492833e-03
3.900000000000000000e+01 4.762981039568514596e-03
4.000000000000000000e+01 5.009871304677226966e-03
4.100000000000000000e+01 5.262961091172191352e-03
4.200000000000000000e+01 5.522246592905455387e-03
4.300000000000000000e+01 5.787723910825826046e-03
4.400000000000000000e+01 6.059389053060693087e-03
4.500000000000000000e+01 6.337237934991524213e-03
4.600000000000000000e+01 6.621266379340462471e-03
4.700000000000000000e+01 6.911470116252482754e-03
4.800000000000000000e+01 7.207844783382655329e-03
4.900000000000000000e+01 7.510385925981855060e-03
5.000000000000000000e+01 7.819088996988798890e-03
5.100000000000000000e+01 8.133949357120195955e-03
5.200000000000000000e+01 8.454962274965449609e-03
5.300000000000000000e+01 8.782122927080027175e-03
5.400000000000000000e+01 9.115426398084602866e-03
5.500000000000000000e+01 9.454867680763534565e-03
5.600000000000000000e+01 9.800441676164339810e-03
5.700000000000000000e+01 1.015214319370183471e-02
5.800000000000000000e+01 1.050996695126327207e-02
5.900000000000000000e+01 1.087390757531214724e-02
6.000000000000000000e+01 1.124395960099844327e-02
6.100000000000000000e+01 1.162011747226887604e-02
6.200000000000000000e+01 1.200237554197636225e-02
6.300000000000000000e+01 1.239072807199659287e-02
6.400000000000000000e+01 1.278516923334194200e-02
6.500000000000000000e+01 1.318569310627892843e-02
6.600000000000000000e+01 1.359229368044723163e-02
6.700000000000000000e+01 1.400496485498126109e-02
6.800000000000000000e+01 1.442370043863283602e-02
6.900000000000000000e+01 1.484849414989486416e-02
7.000000000000000000e+01 1.527933961712835131e-02
7.100000000000000000e+01 1.571623037869118722e-02
7.200000000000000000e+01 1.615915988306693141e-02
7.300000000000000000e+01 1.660812148899759588e-02
7.400000000000000000e+01 1.706310846561609473e-02
7.500000000000000000e+01 1.752411399258313462e-02
7.600000000000000000e+01 1.799113116022310610e-02
7.700000000000000000e+01 1.846415296966330555e-02
7.800000000000000000e+01 1.894317233297559966e-02
7.900000000000000000e+01 1.942818207331709068e-02
8.000000000000000000e+01 1.991917492507655485e-02
8.100000000000000000e+01 2.041614353401788318e-02
8.200000000000000000e+01 2.091908045743084976e-02
8.300000000000000000e+01 2.142797816427888247e-02
8.400000000000000000e+01 2.194282903535027529e-02
8.500000000000000000e+01 2.246362536341206528e-02
8.600000000000000000e+01 2.299035935336457559e-02
8.700000000000000000e+01 2.352302312239840099e-02
8.800000000000000000e+01 2.406160870015161546e-02
8.900000000000000000e+01 2.460610802887186477e-02
9.000000000000000000e+01 2.515651296357546141e-02
9.100000000000000000e+01 2.571281527221380703e-02
9.200000000000000000e+01 2.627500663583670626e-02
9.300000000000000000e+01 2.684307864876045446e-02
9.400000000000000000e+01 2.741702281873559244e-02
9.500000000000000000e+01 2.799683056711943507e-02
9.600000000000000000e+01 2.858249322904504730e-02
9.700000000000000000e+01 2.917400205359776955e-02
9.800000000000000000e+01 2.977134820399041093e-02
9.900000000000000000e+01 3.037452275773966370e-02
1.000000000000000000e+02 3.098351670684562631e-02
1.010000000000000000e+02 3.159832095797310281e-02
1.020000000000000000e+02 3.221892633263223615e-02
1.030000000000000000e+02 3.284532356736513670e-02
1.040000000000000000e+02 3.347750331392951306e-02
1.050000000000000000e+02 3.411545613948752109e-02
1.060000000000000000e+02 3.475917252679305847e-02
1.070000000000000000e+02 3.540864287438549862e-02
1.080000000000000000e+02 3.606385749677942787e-02
1.090000000000000000e+02 3.672480662466037771e-02
1.100000000000000000e+02 3.739148040507911386e-02
1.110000000000000000e+02 3.806386890165125436e-02
1.120000000000000000e+02 3.874196209475411212e-02
1.130000000000000000e+02 3.942574988172897754e-02
1.140000000000000000e+02 4.011522207708284604e-02
1.150000000000000000e+02 4.081036841269225501e-02
1.160000000000000000e+02 4.151117853800967428e-02
1.170000000000000000e+02 4.221764202026978552e-02
1.180000000000000000e+02 4.292974834469842627e-02
1.190000000000000000e+02 4.364748691472453146e-02
1.200000000000000000e+02 4.437084705218996561e-02
1.210000000000000000e+02 4.509981799756579424e-02
1.220000000000000000e+02 4.583438891016466954e-02
1.230000000000000000e+02 4.657454886836021046e-02
1.240000000000000000e+02 4.732028686980416232e-02
1.250000000000000000e+02 4.807159183164744221e-02
1.260000000000000000e+02 4.882845259075974109e-02
1.270000000000000000e+02 4.959085790395534321e-02
1.280000000000000000e+02 5.035879644821628087e-02
1.290000000000000000e+02 5.113225682091948610e-02
1.300000000000000000e+02 5.191122754006427531e-02
1.310000000000000000e+02 5.269569704450094427e-02
1.320000000000000000e+02 5.348565369416391491e-02
1.330000000000000000e+02 5.428108577030221760e-02
1.340000000000000000e+02 5.508198147571519154e-02
1.350000000000000000e+02 5.588832893498640875e-02
1.360000000000000000e+02 5.670011619472292708e-02
1.370000000000000000e+02 5.751733122379143470e-02
1.380000000000000000e+02 5.833996191356061178e-02
1.390000000000000000e+02 5.916799607814193784e-02
1.400000000000000000e+02 6.000142145463283061e-02
1.410000000000000000e+02 6.084022570336133917e-02
1.420000000000000000e+02 6.168439640813216940e-02
1.430000000000000000e+02 6.253392107647492981e-02
1.440000000000000000e+02 6.338878713989304359e-02
1.450000000000000000e+02 6.424898195411399282e-02
1.460000000000000000e+02 6.511449279934167222e-02
1.470000000000000000e+02 6.598530688051051918e-02
1.480000000000000000e+02 6.686141132753886662e-02
1.490000000000000000e+02 6.774279319558751400e-02
1.500000000000000000e+02 6.862943946531629980e-02
1.510000000000000000e+02 6.952133704314344964e-02
1.520000000000000000e+02 7.041847276150758894e-02
1.530000000000000000e+02 7.132083337912764609e-02
1.540000000000000000e+02 7.222840558126897292e-02
1.550000000000000000e+02 7.314117598000757781e-02
1.560000000000000000e+02 7.405913111449502484e-02
1.570000000000000000e+02 7.498225745122877317e-02
1.580000000000000000e+02 7.591054138431929665e-02
1.590000000000000000e+02 7.684396923576219951e-02
1.600000000000000000e+02 7.778252725571033199e-02
1.610000000000000000e+02 7.872620162274523992e-02
1.620000000000000000e+02 7.967497844415405428e-02
1.630000000000000000e+02 8.062884375620460453e-02
1.640000000000000000e+02 8.158778352442364046e-02
1.650000000000000000e+02 8.255178364387449896e-02
1.660000000000000000e+02 8.352082993943854561e-02
1.670000000000000000e+02 8.449490816609639410e-02
1.680000000000000000e+02 8.547400400920990293e-02
1.690000000000000000e+02 8.645810308480705864e-02
1.700000000000000000e+02 8.744719093986819125e-02
1.710000000000000000e+02 8.844125305261218983e-02
1.720000000000000000e+02 8.944027483278271795e-02
1.730000000000000000e+02 9.044424162194231176e-02
1.740000000000000000e+02 9.145313869375781834e-02
1.750000000000000000e+02 9.246695125429615914e-02
1.760000000000000000e+02 9.348566444231565242e-02
1.770000000000000000e+02 9.450926332956199882e-02
1.780000000000000000e+02 9.553773292106260140e-02
1.790000000000000000e+02 9.657105815542521565e-02
1.800000000000000000e+02 9.760922390513482316e-02
1.810000000000000000e+02 9.865221497685439100e-02
1.820000000000000000e+02 9.970001611172496503e-02
1.830000000000000000e+02 1.007526119856676505e-01
1.840000000000000000e+02 1.018099872096880354e-01
1.850000000000000000e+02 1.028721263301791700e-01
1.860000000000000000e+02 1.039390138292279886e-01
1.870000000000000000e+02 1.050106341249233965e-01
1.880000000000000000e+02 1.060869715716614703e-01
1.890000000000000000e+02 1.071680104604574302e-01
1.900000000000000000e+02 1.082537350192555037e-01
1.910000000000000000e+02 1.093441294132395658e-01
1.920000000000000000e+02 1.104391777451468881e-01
1.930000000000000000e+02 1.115388640555817767e-01
1.940000000000000000e+02 1.126431723233315418e-01
1.950000000000000000e+02 1.137520864656811348e-01
1.960000000000000000e+02 1.148655903387318933e-01
1.970000000000000000e+02 1.159836677377196201e-01
1.980000000000000000e+02 1.171063023973348827e-01
1.990000000000000000e+02 1.182334779920420909e-01
2.000000000000000000e+02 1.193651781364036824e-01
2.010000000000000000e+02 1.205013863854015321e-01
2.020000000000000000e+02 1.216420862347616927e-01
2.030000000000000000e+02 1.227872611212791343e-01
2.040000000000000000e+02 1.239368944231445946e-01
2.050000000000000000e+02 1.250909694602716504e-01
2.060000000000000000e+02 1.262494694946244556e-01
2.070000000000000000e+02 1.274123777305484762e-01
2.080000000000000000e+02 1.285796773151007821e-01
2.090000000000000000e+02 1.297513513383792283e-01
2.100000000000000000e+02 1.309273828338590739e-01
2.110000000000000000e+02 1.321077547787237183e-01
2.120000000000000000e+02 1.332924500941992108e-01
2.130000000000000000e+02 1.344814516458923137e-01
2.140000000000000000e+02 1.356747422441241246e-01
2.150000000000000000e+02 1.368723046442699154e-01
2.160000000000000000e+02 1.380741215470970840e-01
2.170000000000000000e+02 1.392801755991043278e-01
2.180000000000000000e+02 1.404904493928625930e-01
2.190000000000000000e+02 1.417049254673565795e-01
2.200000000000000000e+02 1.429235863083271330e-01
2.210000000000000000e+02 1.441464143486148597e-01
2.220000000000000000e+02 1.453733919685049614e-01
2.230000000000000000e+02 1.466045014960706272e-01
2.240000000000000000e+02 1.478397252075223101e-01
2.250000000000000000e+02 1.490790453275522287e-01
2.260000000000000000e+02 1.503224440296834219e-01
2.270000000000000000e+02 1.515699034366189135e-01
2.280000000000000000e+02 1.528214056205915439e-01
2.290000000000000000e+02 1.540769326037141340e-01
2.300000000000000000e+02 1.553364663583319816e-01
2.310000000000000000e+02 1.565999888073739132e-01
2.320000000000000000e+02 1.578674818247081113e-01
2.330000000000000000e+02 1.591389272354934992e-01
2.340000000000000000e+02 1.604143068165365671e-01
2.350000000000000000e+02 1.616936022966465325e-01
2.360000000000000000e+02 1.629767953569928318e-01
2.370000000000000000e+02 1.642638676314616131e-01
2.380000000000000000e+02 1.655548007070141159e-01
2.390000000000000000e+02 1.668495761240473829e-01
2.400000000000000000e+02 1.681481753767520848e-01
2.410000000000000000e+02 1.694505799134745638e-01
2.420000000000000000e+02 1.707567711370781005e-01
2.430000000000000000e+02 1.720667304053047353e-01
2.440000000000000000e+02 1.733804390311394217e-01
2.450000000000000000e+02 1.746978782831717369e-01
2.460000000000000000e+02 1.760190293859631439e-01
2.470000000000000000e+02 1.773438735204098116e-01
2.480000000000000000e+02 1.786723918241100995e-01
2.490000000000000000e+02 1.800045653917303756e-01
2.500000000000000000e+02 1.813403752753739440e-01
2.510000000000000000e+02 1.826798024849465296e-01
2.520000000000000000e+02 1.840228279885284257e-01
2.530000000000000000e+02 1.853694327127413111e-01
2.540000000000000000e+02 1.867195975431193977e-01
2.550000000000000000e+02 1.880733033244804675e-01
2.560000000000000000e+02 1.894305308612979077e-01
2.570000000000000000e+02 1.907912609180711927e-01
2.580000000000000000e+02 1.921554742197005838e-01
2.590000000000000000e+02 1.935231514518592766e-01
2.600000000000000000e+02 1.948942732613684337e-01
2.610000000000000000e+02 1.962688202565716633e-01
2.620000000000000000e+02 1.976467730077088314e-01
2.630000000000000000e+02 1.990281120472953136e-01
2.640000000000000000e+02 2.004128178704942531e-01
2.650000000000000000e+02 2.018008709354982555e-01
2.660000000000000000e+02 2.031922516639025345e-01
2.670000000000000000e+02 2.045869404410867176e-01
2.680000000000000000e+02 2.059849176165924334e-01
2.690000000000000000e+02 2.073861635045007867e-01
2.700000000000000000e+02 2.087906583838161634e-01
2.710000000000000000e+02 2.101983824988428173e-01
2.720000000000000000e+02 2.116093160595686751e-01
2.730000000000000000e+02 2.130234392420445877e-01
2.740000000000000000e+02 2.144407321887676909e-01
2.750000000000000000e+02 2.158611750090639880e-01
2.760000000000000000e+02 2.172847477794707105e-01
2.770000000000000000e+02 2.187114305441191231e-01
2.780000000000000000e+02 2.201412033151203262e-01
2.790000000000000000e+02 2.215740460729478389e-01
2.800000000000000000e+02 2.230099387668232902e-01
2.810000000000000000e+02 2.244488613151016665e-01
2.820000000000000000e+02 2.258907936056570032e-01
2.830000000000000000e+02 2.273357154962685200e-01
2.840000000000000000e+02 2.287836068150072011e-01
2.850000000000000000e+02 2.302344473606217079e-01
2.860000000000000000e+02 2.316882169029282901e-01
2.870000000000000000e+02 2.331448951831964767e-01
2.880000000000000000e+02 2.346044619145374321e-01
2.890000000000000000e+02 2.360668967822934228e-01
2.900000000000000000e+02 2.375321794444260615e-01
2.910000000000000000e+02 2.390002895319059961e-01
2.920000000000000000e+02 2.404712066491017097e-01
2.930000000000000000e+02 2.419449103741703189e-01
2.940000000000000000e+02 2.434213802594477061e-01
2.950000000000000000e+02 2.449005958318390963e-01
2.960000000000000000e+02 2.463825365932097444e-01
2.970000000000000000e+02 2.478671820207761778e-01
2.980000000000000000e+02 2.493545115674984380e-01
2.990000000000000000e+02 2.508445046624708796e-01
3.000000000000000000e+02 2.523371407113147447e-01
3.010000000000000000e+02 2.538323990965714039e-01
3.020000000000000000e+02 2.553302591780933772e-01
3.030000000000000000e+02 2.568307002934384631e-01
3.040000000000000000e+02 2.583337017582616468e-01
3.050000000000000000e+02 2.598392428667105625e-01
3.060000000000000000e+02 2.613473028918167351e-01
3.070000000000000000e+02 2.628578610858907094e-01
3.080000000000000000e+02 2.643708966809161787e-01
3.090000000000000000e+02 2.658863888889436700e-01
3.100000000000000000e+02 2.674043169024850064e-01
3.110000000000000000e+02 2.689246598949081024e-01
3.120000000000000000e+02 2.704473970208318701e-01
3.130000000000000000e+02 2.719725074165213474e-01
3.140000000000000000e+02 2.734999702002811617e-01
3.150000000000000000e+02 2.750297644728534330e-01
3.160000000000000000e+02 2.765618693178105714e-01
3.170000000000000000e+02 2.780962638019536248e-01
3.180000000000000000e+02 2.796329269757044100e-01
3.190000000000000000e+02 2.811718378735040824e-01
3.200000000000000000e+02 2.827129755142085976e-01
3.210000000000000000e+02 2.842563189014822855e-01
3.220000000000000000e+02 2.858018470241976416e-01
3.230000000000000000e+02 2.873495388568282349e-01
3.240000000000000000e+02 2.888993733598463898e-01
3.250000000000000000e+02 2.904513294801192025e-01
3.260000000000000000e+02 2.920053861513046689e-01
3.270000000000000000e+02 2.935615222942480340e-01
3.280000000000000000e+02 2.951197168173783636e-01
3.290000000000000000e+02 2.966799486171045608e-01
3.300000000000000000e+02 2.982421965782117157e-01
3.310000000000000000e+02 2.998064395742582322e-01
3.320000000000000000e+02 3.013726564679711784e-01
3.330000000000000000e+02 3.029408261116435241e-01
3.340000000000000000e+02 3.045109273475301581e-01
3.350000000000000000e+02 3.060829390082441259e-01
3.360000000000000000e+02 3.076568399171525359e-01
3.370000000000000000e+02 3.092326088887744628e-01
3.380000000000000000e+02 3.108102247291747444e-01
3.390000000000000000e+02 3.123896662363614407e-01
3.400000000000000000e+02 3.139709122006831832e-01
3.410000000000000000e+02 3.155539414052217495e-01
3.420000000000000000e+02 3.171387326261911888e-01
3.430000000000000000e+02 3.187252646333318395e-01
3.440000000000000000e+02 3.203135161903064576e-01
3.450000000000000000e+02 3.219034660550957883e-01
3.460000000000000000e+02 3.234950929803941388e-01
3.470000000000000000e+02 3.250883757140043961e-01
3.480000000000000000e+02 3.266832929992331547e-01
3.490000000000000000e+02 3.282798235752862892e-01
3.500000000000000000e+02 3.298779461776623068e-01
3.510000000000000000e+02 3.314776395385495844e-01
3.520000000000000000e+02 3.330788823872178339e-01
3.530000000000000000e+02 3.346816534504145624e-01
3.540000000000000000e+02 3.362859314527586463e-01
3.550000000000000000e+02 3.378916951171329064e-01
3.560000000000000000e+02 3.394989231650807904e-01
3.570000000000000000e+02 3.411075943171963942e-01
3.580000000000000000e+02 3.427176872935195906e-01
3.590000000000000000e+02 3.443291808139292698e-01
3.600000000000000000e+02 3.459420535985351375e-01
3.610000000000000000e+02 3.475562843680705116e-01
3.620000000000000000e+02 3.491718518442845642e-01
3.630000000000000000e+02 3.507887347503342301e-01
3.640000000000000000e+02 3.524069118111763377e-01
3.650000000000000000e+02 3.540263617539581853e-01
3.660000000000000000e+02 3.556470633084090061e-01
3.670000000000000000e+02 3.572689952072313213e-01
3.680000000000000000e+02 3.588921361864897408e-01
3.690000000000000000e+02 3.605164649860032045e-01
3.700000000000000000e+02 3.621419603497330053e-01
3.710000000000000000e+02 3.637686010261731440e-01
3.720000000000000000e+02 3.653963657687391287e-01
3.730000000000000000e+02 3.670252333361574415e-01
3.740000000000000000e+02 3.686551824928520071e-01
3.750000000000000000e+02 3.702861920093346582e-01
3.760000000000000000e+02 3.719182406625907156e-01
3.770000000000000000e+02 3.735513072364674558e-01
3.780000000000000000e+02 3.751853705220604684e-01
3.790000000000000000e+02 3.768204093180995695e-01
3.800000000000000000e+02 3.784564024313359365e-01
3.810000000000000000e+02 3.800933286769266894e-01
3.820000000000000000e+02 3.817311668788200274e-01
3.830000000000000000e+02 3.833698958701409198e-01
3.840000000000000000e+02 3.850094944935739116e-01
3.850000000000000000e+02 3.866499416017482593e-01
3.860000000000000000e+02 3.882912160576196259e-01
3.870000000000000000e+02 3.899332967348553280e-01
3.880000000000000000e+02 3.915761625182133665e-01
3.890000000000000000e+02 3.932197923039275622e-01
3.900000000000000000e+02 3.948641650000863645e-01
3.910000000000000000e+02 3.965092595270155451e-01
3.920000000000000000e+02 3.981550548176572280e-01
3.930000000000000000e+02 3.998015298179504740e-01
3.940000000000000000e+02 4.014486634872094228e-01
3.950000000000000000e+02 4.030964347985037666e-01
3.960000000000000000e+02 4.047448227390353370e-01
3.970000000000000000e+02 4.063938063105163589e-01
3.980000000000000000e+02 4.080433645295463707e-01
3.990000000000000000e+02 4.096934764279887009e-01
4.000000000000000000e+02 4.113441210533463899e-01
4.010000000000000000e+02 4.129952774691374451e-01
4.020000000000000000e+02 4.146469247552695414e-01
4.030000000000000000e+02 4.162990420084133891e-01
4.040000000000000000e+02 4.179516083423782113e-01
4.050000000000000000e+02 4.196046028884815593e-01
4.060000000000000000e+02 4.212580047959242346e-01
4.070000000000000000e+02 4.229117932321607709e-01
4.080000000000000000e+02 4.245659473832693598e-01
4.090000000000000000e+02 4.262204464543245530e-01
4.100000000000000000e+02 4.278752696697639690e-01
4.110000000000000000e+02 4.295303962737595516e-01
4.120000000000000000e+02 4.311858055305846094e-01
4.130000000000000000e+02 4.328414767249817441e-01
4.140000000000000000e+02 4.344973891625293350e-01
4.150000000000000000e+02 4.361535221700085785e-01
4.160000000000000000e+02 4.378098550957675306e-01
4.170000000000000000e+02 4.394663673100872581e-01
4.180000000000000000e+02 4.411230382055452148e-01
4.190000000000000000e+02 4.427798471973780625e-01
4.200000000000000000e+02 4.444367737238452687e-01
4.210000000000000000e+02 4.460937972465897072e-01
4.220000000000000000e+02 4.477508972509998131e-01
4.230000000000000000e+02 4.494080532465688504e-01
4.240000000000000000e+02 4.510652447672550691e-01
4.250000000000000000e+02 4.527224513718399734e-01
4.260000000000000000e+02 4.543796526442865913e-01
4.270000000000000000e+02 4.560368281940961888e-01
4.280000000000000000e+02 4.576939576566654289e-01
4.290000000000000000e+02 4.593510206936406437e-01
4.300000000000000000e+02 4.610079969932734389e-01
4.310000000000000000e+02 4.626648662707744109e-01
4.320000000000000000e+02 4.643216082686660862e-01
4.330000000000000000e+02 4.659782027571348628e-01
4.340000000000000000e+02 4.676346295343826176e-01
4.350000000000000000e+02 4.692908684269778696e-01
4.360000000000000000e+02 4.709468992902037243e-01
4.370000000000000000e+02 4.726027020084084818e-01
4.380000000000000000e+02 4.742582564953520263e-01
4.390000000000000000e+02 4.759135426945541036e-01
4.400000000000000000e+02 4.775685405796394889e-01
4.410000000000000000e+02 4.792232301546837103e-01
4.420000000000000000e+02 4.808775914545571073e-01
4.430000000000000000e+02 4.825316045452684444e-01
4.440000000000000000e+02 4.841852495243070820e-01
4.450000000000000000e+02 4.858385065209847031e-01
4.460000000000000000e+02 4.874913556967765960e-01
4.470000000000000000e+02 4.891437772456594946e-01
4.480000000000000000e+02 4.907957513944528616e-01
4.490000000000000000e+02 4.924472584031541755e-01
4.500000000000000000e+02 4.940982785652773268e-01
4.510000000000000000e+02 4.957487922081883491e-01
4.520000000000000000e+02 4.973987796934393746e-01
4.530000000000000000e+02 4.990482214171033659e-01
4.540000000000000000e+02 5.006970978101068503e-01
4.550000000000000000e+02 5.023453893385614322e-01
4.560000000000000000e+02 5.039930765040954164e-01
4.570000000000000000e+02 5.056401398441827677e-01
4.580000000000000000e+02 5.072865599324726249e-01
4.590000000000000000e+02 5.089323173791175936e-01
4.600000000000000000e+02 5.105773928310988197e-01
4.610000000000000000e+02 5.122217669725539491e-01
4.620000000000000000e+02 5.138654205251005358e-01
4.630000000000000000e+02 5.155083342481596720e-01
4.640000000000000000e+02 5.171504889392793958e-01
4.650000000000000000e+02 5.187918654344558789e-01
4.660000000000000000e+02 5.204324446084536149e-01
4.670000000000000000e+02 5.220722073751251635e-01
4.680000000000000000e+02 5.237111346877296736e-01
4.690000000000000000e+02 5.253492075392496297e-01
4.700000000000000000e+02 5.269864069627077097e-01
4.710000000000000000e+02 5.286227140314809780e-01
4.720000000000000000e+02 5.302581098596153009e-01
4.730000000000000000e+02 5.318925756021385398e-01
4.740000000000000000e+02 5.335260924553713036e-01
4.750000000000000000e+02 5.351586416572386984e-01
4.760000000000000000e+02 5.367902044875784151e-01
4.770000000000000000e+02 5.384207622684509253e-01
4.780000000000000000e+02 5.400502963644442378e-01
4.790000000000000000e+02 5.416787881829817630e-01
4.800000000000000000e+02 5.433062191746269587e-01
4.810000000000000000e+02 5.449325708333860874e-01
4.820000000000000000e+02 5.465578246970116405e-01
4.830000000000000000e+02 5.481819623473029868e-01
4.840000000000000000e+02 5.498049654104070205e-01
4.850000000000000000e+02 5.514268155571172558e-01
4.860000000000000000e+02 5.530474945031711442e-01
4.870000000000000000e+02 5.546669840095466153e-01
4.880000000000000000e+02 5.562852658827581731e-01
4.890000000000000000e+02 5.579023219751502172e-01
4.900000000000000000e+02 5.595181341851903634e-01
4.910000000000000000e+02 5.611326844577613215e-01
4.920000000000000000e+02 5.627459547844508858e-01
4.930000000000000000e+02 5.643579272038419248e-01
4.940000000000000000e+02 5.659685838017995962e-01
4.950000000000000000e+02 5.675779067117587839e-01
4.960000000000000000e+02 5.691858781150089808e-01
4.970000000000000000e+02 5.707924802409793941e-01
4.980000000000000000e+02 5.723976953675209423e-01
4.990000000000000000e+02 5.740015058211889176e-01
5.000000000000000000e+02 5.756038939775225405e-01
5.010000000000000000e+02 5.772048422613251795e-01
5.020000000000000000e+02 5.788043331469414632e-01
5.030000000000000000e+02 5.804023491585333927e-01
5.040000000000000000e+02 5.819988728703577863e-01
5.050000000000000000e+02 5.835938869070373958e-01
5.060000000000000000e+02 5.851873739438360200e-01
5.070000000000000000e+02 5.867793167069286220e-01
5.080000000000000000e+02 5.883696979736720012e-01
5.090000000000000000e+02 5.899585005728725795e-01
5.100000000000000000e+02 5.915457073850551861e-01
5.110000000000000000e+02 5.931313013427281788e-01
