0.000000000000000000e+00 0.000000000000000000e+00
1.000000000000000000e+00 2.007814884030789671e-04
2.000000000000000000e+00 8.029324607687904347e-04
3.000000000000000000e+00 1.805872688296239481e-03
4.000000000000000000e+00 3.208635955039174092e-03
5.000000000000000000e+00 5.009871304677226966e-03
6.000000000000000000e+00 7.207844783382655329e-03
7.000000000000000000e+00 9.800441676164339810e-03
8.000000000000000000e+00 1.278516923334194200e-02
9.000000000000000000e+00 1.615915988306693141e-02
1.000000000000000000e+01 1.991917492507655485e-02
1.100000000000000000e+01 2.406160870015161546e-02
1.200000000000000000e+01 2.858249322904504730e-02
1.300000000000000000e+01 3.347750331392951306e-02
1.400000000000000000e+01 3.874196209475411212e-02
1.500000000000000000e+01 4.437084705218996561e-02
1.600000000000000000e+01 5.035879644821628087e-02
1.700000000000000000e+01 5.670011619472292708e-02
1.800000000000000000e+01 6.338878713989304359e-02
1.900000000000000000e+01 7.041847276150758894e-02
2.000000000000000000e+01 7.778252725571033199e-02
2.100000000000000000e+01 8.547400400920990293e-02
2.200000000000000000e+01 9.348566444231565242e-02
2.300000000000000000e+01 1.018099872096880354e-01
2.400000000000000000e+01 1.104391777451468881e-01
2.500000000000000000e+01 1.193651781364036824e-01
2.600000000000000000e+01 1.285796773151007821e-01
2.700000000000000000e+01 1.380741215470970840e-01
2.800000000000000000e+01 1.478397252075223101e-01
2.900000000000000000e+01 1.578674818247081113e-01
3.000000000000000000e+01 1.681481753767520848e-01
3.100000000000000000e+01 1.786723918241100995e-01
3.200000000000000000e+01 1.894305308612979077e-01
3.300000000000000000e+01 2.004128178704942531e-01
3.400000000000000000e+01 2.116093160595686751e-01
3.500000000000000000e+01 2.230099387668232902e-01
3.600000000000000000e+01 2.346044619145374321e-01
3.700000000000000000e+01 2.463825365932097444e-01
3.800000000000000000e+01 2.583337017582616468e-01
3.900000000000000000e+01 2.704473970208318701e-01
4.000000000000000000e+01 2.827129755142085976e-01
4.100000000000000000e+01 2.951197168173783636e-01
4.200000000000000000e+01 3.076568399171525359e-01
4.300000000000000000e+01 3.203135161903064576e-01
4.400000000000000000e+01 3.330788823872178339e-01
4.500000000000000000e+01 3.459420535985351375e-01
4.600000000000000000e+01 3.588921361864897408e-01
4.700000000000000000e+01 3.719182406625907156e-01
4.800000000000000000e+01 3.850094944935739116e-01
4.900000000000000000e+01 3.981550548176572280e-01
5.000000000000000000e+01 4.113441210533463899e-01
5.100000000000000000e+01 4.245659473832693598e-01
5.200000000000000000e+01 4.378098550957675306e-01
5.300000000000000000e+01 4.510652447672550691e-01
5.400000000000000000e+01 4.643216082686660862e-01
5.500000000000000000e+01 4.775685405796394889e-01
5.600000000000000000e+01 4.907957513944528616e-01
5.700000000000000000e+01 5.039930765040954164e-01
5.800000000000000000e+01 5.171504889392793958e-01
5.900000000000000000e+01 5.302581098596153009e-01
6.000000000000000000e+01 5.433062191746269587e-01
6.100000000000000000e+01 5.562852658827581731e-01
6.200000000000000000e+01 5.691858781150089808e-01
6.300000000000000000e+01 5.819988728703577863e-01
6.400000000000000000e+01 5.947152654306488984e-01
6.500000000000000000e+01 6.073262784431832095e-01
6.600000000000000000e+01 6.198233506598014309e-01
6.700000000000000000e+01 6.321981453218407099e-01
6.800000000000000000e+01 6.444425581809380965e-01
6.900000000000000000e+01 6.565487251462551743e-01
7.000000000000000000e+01 6.685090295493337775e-01
7.100000000000000000e+01 6.803161090184102200e-01
7.200000000000000000e+01 6.919628619546689396e-01
7.300000000000000000e+01 7.034424536035671638e-01
7.400000000000000000e+01 7.147483217150165657e-01
7.500000000000000000e+01 7.258741817868834545e-01
7.600000000000000000e+01 7.368140318869382810e-01
7.700000000000000000e+01 7.475621570490611489e-01
7.800000000000000000e+01 7.581131332401982448e-01
7.900000000000000000e+01 7.684618308952404497e-01
8.000000000000000000e+01 7.786034180176866215e-01
8.100000000000000000e+01 7.885333628446369314e-01
8.200000000000000000e+01 7.982474360753437637e-01
8.300000000000000000e+01 8.077417126632362443e-01
8.400000000000000000e+01 8.170125731720030426e-01
8.500000000000000000e+01 8.260567046970070937e-01
8.600000000000000000e+01 8.348711013539558135e-01
8.700000000000000000e+01 8.434530643374306136e-01
8.800000000000000000e+01 8.518002015525222292e-01
8.900000000000000000e+01 8.599104268234674109e-01
9.000000000000000000e+01 8.677819586838184662e-01
9.100000000000000000e+01 8.754133187533031935e-01
9.200000000000000000e+01 8.828033297071408159e-01
9.300000000000000000e+01 8.899511128441851548e-01
9.400000000000000000e+01 8.968560852608489231e-01
9.500000000000000000e+01 9.035179566383344518e-01
9.600000000000000000e+01 9.099367256512552737e-01
9.700000000000000000e+01 9.161126760062673346e-01
9.800000000000000000e+01 9.220463721198538520e-01
9.900000000000000000e+01 9.277386544449117700e-01
1.000000000000000000e+02 9.331906344562697075e-01
1.010000000000000000e+02 9.384036893057380313e-01
1.020000000000000000e+02 9.433794561577285576e-01
1.030000000000000000e+02 9.481198262169150404e-01
1.040000000000000000e+02 9.526269384598007317e-01
1.050000000000000000e+02 9.569031730824422155e-01
1.060000000000000000e+02 9.609511446769384291e-01
1.070000000000000000e+02 9.647736951496254099e-01
1.080000000000000000e+02 9.683738863942287223e-01
1.090000000000000000e+02 9.717549927335159543e-01
1.100000000000000000e+02 9.749204931432500221e-01
1.110000000000000000e+02 9.778740632724839399e-01
1.120000000000000000e+02 9.806195672744534297e-01
1.130000000000000000e+02 9.831610494625062646e-01
1.140000000000000000e+02 9.855027258056764383e-01
1.150000000000000000e+02 9.876489752786430376e-01
1.160000000000000000e+02 9.896043310809291560e-01
1.170000000000000000e+02 9.913734717402818974e-01
1.180000000000000000e+02 9.929612121152332493e-01
1.190000000000000000e+02 9.943724943118796844e-01
1.200000000000000000e+02 9.956123785299259010e-01
1.210000000000000000e+02 9.966860338530245667e-01
1.220000000000000000e+02 9.975987289984010742e-01
1.230000000000000000e+02 9.983558230406911482e-01
1.240000000000000000e+02 9.989627561248231036e-01
1.250000000000000000e+02 9.994250401826684227e-01
1.260000000000000000e+02 9.997482496680425434e-01
1.270000000000000000e+02 9.999380123244768770e-01
1.280000000000000000e+02 1.000000000000000000e+00
1.290000000000000000e+02 9.999399195229546899e-01
1.300000000000000000e+02 9.997635036526534291e-01
1.310000000000000000e+02 9.994765021184193188e-01
1.320000000000000000e+02 9.990846727602893385e-01
1.330000000000000000e+02 9.985937727843641198e-01
1.340000000000000000e+02 9.980095501454779860e-01
1.350000000000000000e+02 9.973377350695271648e-01
1.360000000000000000e+02 9.965840317274510252e-01
1.370000000000000000e+02 9.957541100724880412e-01
1.380000000000000000e+02 9.948535978519484901e-01
1.390000000000000000e+02 9.938880728043433255e-01
1.400000000000000000e+02 9.928630550522949960e-01
1.410000000000000000e+02 9.917839997012249942e-01
1.420000000000000000e+02 9.906562896533709361e-01
1.430000000000000000e+02 9.894852286462293423e-01
1.440000000000000000e+02 9.882760345240521049e-01
1.450000000000000000e+02 9.870338327505481235e-01
1.460000000000000000e+02 9.857636501704506449e-01
1.470000000000000000e+02 9.844704090271139130e-01
1.480000000000000000e+02 9.831589212427996882e-01
1.490000000000000000e+02 9.818338829677970558e-01
1.500000000000000000e+02 9.804998694040035767e-01
1.510000000000000000e+02 9.791613299080709210e-01
1.520000000000000000e+02 9.778225833786878818e-01
1.530000000000000000e+02 9.764878139320454231e-01
1.540000000000000000e+02 9.751610668689917327e-01
1.550000000000000000e+02 9.738462449368505691e-01
1.560000000000000000e+02 9.725471048883422842e-01
1.570000000000000000e+02 9.712672543395098890e-01
1.580000000000000000e+02 9.700101489280194000e-01
1.590000000000000000e+02 9.687790897726739070e-01
1.600000000000000000e+02 9.675772212344518897e-01
1.610000000000000000e+02 9.664075289788576217e-01
1.620000000000000000e+02 9.652728383388531341e-01
1.630000000000000000e+02 9.641758129771297314e-01
1.640000000000000000e+02 9.631189538459712374e-01
1.650000000000000000e+02 9.621045984424647646e-01
1.660000000000000000e+02 9.611349203563264165e-01
1.670000000000000000e+02 9.602119291071277152e-01
1.680000000000000000e+02 9.593374702672453624e-01
1.690000000000000000e+02 9.585132258663916494e-01
1.700000000000000000e+02 9.577407150731438445e-01
1.710000000000000000e+02 9.570212951484516894e-01
1.720000000000000000e+02 9.563561626656860160e-01
1.730000000000000000e+02 9.557463549913807199e-01
1.740000000000000000e+02 9.551927520204324118e-01
1.750000000000000000e+02 9.546960781591400380e-01
1.760000000000000000e+02 9.542569045491088309e-01
1.770000000000000000e+02 9.538756515246957779e-01
1.780000000000000000e+02 9.535525912963440653e-01
1.790000000000000000e+02 9.532878508518424221e-01
1.800000000000000000e+02 9.530814150672517471e-01
1.810000000000000000e+02 9.529331300189621823e-01
1.820000000000000000e+02 9.528427064880881092e-01
1.830000000000000000e+02 9.528097236481654075e-01
1.840000000000000000e+02 9.528336329268963789e-01
1.850000000000000000e+02 9.529137620324852342e-01
1.860000000000000000e+02 9.530493191349213022e-01
1.870000000000000000e+02 9.532393971924081333e-01
1.880000000000000000e+02 9.534829784129882357e-01
1.890000000000000000e+02 9.537789388412906133e-01
1.900000000000000000e+02 9.541260530602242440e-01
1.910000000000000000e+02 9.545229989973533780e-01
1.920000000000000000e+02 9.549683628256276924e-01
1.930000000000000000e+02 9.554606439480911595e-01
1.940000000000000000e+02 9.559982600561721666e-01
1.950000000000000000e+02 9.565795522511437721e-01
1.960000000000000000e+02 9.572027902183636305e-01
1.970000000000000000e+02 9.578661774439258814e-01
1.980000000000000000e+02 9.585678564634153576e-01
1.990000000000000000e+02 9.593059141325169792e-01
2.000000000000000000e+02 9.600783869093251210e-01
2.010000000000000000e+02 9.608832661382987750e-01
2.020000000000000000e+02 9.617185033259344484e-01
2.030000000000000000e+02 9.625820153983648542e-01
2.040000000000000000e+02 9.634716899312513183e-01
2.050000000000000000e+02 9.643853903425075869e-01
2.060000000000000000e+02 9.653209610385843353e-01
2.070000000000000000e+02 9.662762325052438594e-01
2.080000000000000000e+02 9.672490263339773575e-01
2.090000000000000000e+02 9.682371601754461432e-01
2.100000000000000000e+02 9.692384526115784826e-01
2.110000000000000000e+02 9.702507279382096561e-01
2.120000000000000000e+02 9.712718208504284023e-01
2.130000000000000000e+02 9.722995810230746772e-01
2.140000000000000000e+02 9.733318775791304223e-01
2.150000000000000000e+02 9.743666034390483510e-01
2.160000000000000000e+02 9.754016795443829491e-01
2.170000000000000000e+02 9.764350589494081856e-01
2.180000000000000000e+02 9.774647307747439395e-01
2.190000000000000000e+02 9.784887240173496536e-01
2.200000000000000000e+02 9.795051112115958913e-01
2.210000000000000000e+02 9.805120119364746367e-01
2.220000000000000000e+02 9.815075961643709990e-01
2.230000000000000000e+02 9.824900874471831358e-01
2.240000000000000000e+02 9.834577659359448054e-01
2.250000000000000000e+02 9.844089712304784356e-01
2.260000000000000000e+02 9.853421050559768579e-01
2.270000000000000000e+02 9.862556337637947701e-01
2.280000000000000000e+02 9.871480906540992528e-01
2.290000000000000000e+02 9.880180781184155769e-01
2.300000000000000000e+02 9.888642696004728005e-01
2.310000000000000000e+02 9.896854113741356818e-01
2.320000000000000000e+02 9.904803241375818024e-01
2.330000000000000000e+02 9.912479044232519465e-01
2.340000000000000000e+02 9.919871258234728151e-01
2.350000000000000000e+02 9.926970400320156429e-01
2.360000000000000000e+02 9.933767777022098899e-01
2.370000000000000000e+02 9.940255491225925555e-01
2.380000000000000000e+02 9.946426447114138369e-01
2.390000000000000000e+02 9.952274353316691302e-01
2.400000000000000000e+02 9.957793724286587711e-01
2.410000000000000000e+02 9.962979879924027671e-01
2.420000000000000000e+02 9.967828943475611769e-01
2.430000000000000000e+02 9.972337837738158850e-01
2.440000000000000000e+02 9.976504279599734959e-01
2.450000000000000000e+02 9.980326772953389547e-01
2.460000000000000000e+02 9.983804600021896070e-01
2.470000000000000000e+02 9.986937811134509735e-01
2.480000000000000000e+02 9.989727212999306438e-01
2.490000000000000000e+02 9.992174355517190465e-01
2.500000000000000000e+02 9.994281517185952257e-01
2.510000000000000000e+02 9.996051689145032393e-01
2.520000000000000000e+02 9.997488557913718488e-01
2.530000000000000000e+02 9.998596486877501244e-01
2.540000000000000000e+02 9.999380496579118871e-01
2.550000000000000000e+02 9.999846243872585472e-01
2.560000000000000000e+02 1.000000000000000000e+00
2.570000000000000000e+02 9.999848627652423438e-01
2.580000000000000000e+02 9.999399557077375267e-01
2.590000000000000000e+02 9.998660761296670474e-01
2.600000000000000000e+02 9.997640730499302020e-01
2.610000000000000000e+02 9.996348445674992922e-01
2.620000000000000000e+02 9.994793351554717153e-01
2.630000000000000000e+02 9.992985328925115818e-01
2.640000000000000000e+02 9.990934666384144736e-01
2.650000000000000000e+02 9.988652031605629311e-01
2.660000000000000000e+02 9.986148442180522444e-01
2.670000000000000000e+02 9.983435236102725652e-01
2.680000000000000000e+02 9.980524041967167026e-01
2.690000000000000000e+02 9.977426748947645363e-01
2.700000000000000000e+02 9.974155476621477945e-01
2.710000000000000000e+02 9.970722544707553148e-01
2.720000000000000000e+02 9.967140442783675169e-01
2.730000000000000000e+02 9.963421800048339882e-01
2.740000000000000000e+02 9.959579355191182648e-01
2.750000000000000000e+02 9.955625926435293094e-01
2.760000000000000000e+02 9.951574381813469428e-01
2.770000000000000000e+02 9.947437609739220310e-01
2.780000000000000000e+02 9.943228489931950076e-01
2.790000000000000000e+02 9.938959864754297602e-01
2.800000000000000000e+02 9.934644511018010382e-01
2.810000000000000000e+02 9.930295112313072270e-01
2.820000000000000000e+02 9.925924231913008100e-01
2.830000000000000000e+02 9.921544286307462102e-01
2.840000000000000000e+02 9.917167519411165255e-01
2.850000000000000000e+02 9.912805977496408349e-01
2.860000000000000000e+02 9.908471484894013637e-01
2.870000000000000000e+02 9.904175620505647482e-01
2.880000000000000000e+02 9.899929695168061539e-01
2.890000000000000000e+02 9.895744729907564041e-01
2.900000000000000000e+02 9.891631435120673554e-01
2.910000000000000000e+02 9.887600190714488368e-01
2.920000000000000000e+02 9.883661027237901076e-01
2.930000000000000000e+02 9.879823608032255455e-01
2.940000000000000000e+02 9.876097212427568106e-01
2.950000000000000000e+02 9.872490720007892628e-01
2.960000000000000000e+02 9.869012595966801804e-01
2.970000000000000000e+02 9.865670877571450781e-01
2.980000000000000000e+02 9.862473161751030837e-01
2.990000000000000000e+02 9.859426593822874230e-01
3.000000000000000000e+02 9.856537857366850508e-01
3.010000000000000000e+02 9.853813165256126716e-01
3.020000000000000000e+02 9.851258251849767111e-01
3.030000000000000000e+02 9.848878366350103386e-01
3.040000000000000000e+02 9.846678267325267297e-01
3.050000000000000000e+02 9.844662218394754083e-01
3.060000000000000000e+02 9.842833985073408121e-01
3.070000000000000000e+02 9.841196832766807567e-01
3.080000000000000000e+02 9.839753525908558895e-01
3.090000000000000000e+02 9.838506328227732967e-01
3.100000000000000000e+02 9.837457004132302840e-01
3.110000000000000000e+02 9.836606821192234174e-01
3.120000000000000000e+02 9.835956553703669725e-01
3.130000000000000000e+02 9.835506487313517843e-01
3.140000000000000000e+02 9.835256424681704246e-01
3.150000000000000000e+02 9.835205692156343549e-01
3.160000000000000000e+02 9.835353147435171861e-01
3.170000000000000000e+02 9.835697188184751028e-01
3.180000000000000000e+02 9.836235761587169835e-01
3.190000000000000000e+02 9.836966374782327716e-01
3.200000000000000000e+02 9.837886106172260003e-01
3.210000000000000000e+02 9.838991617552473867e-01
3.220000000000000000e+02 9.840279167033880725e-01
3.230000000000000000e+02 9.841744622717532032e-01
3.240000000000000000e+02 9.843383477083205157e-01
3.250000000000000000e+02 9.845190862051722558e-01
3.260000000000000000e+02 9.847161564679864920e-01
3.270000000000000000e+02 9.849290043445819709e-01
3.280000000000000000e+02 9.851570445082261651e-01
3.290000000000000000e+02 9.853996621913453380e-01
3.300000000000000000e+02 9.856562149652104976e-01
3.310000000000000000e+02 9.859260345611231546e-01
3.320000000000000000e+02 9.862084287285796114e-01
3.330000000000000000e+02 9.865026831258635331e-01
3.340000000000000000e+02 9.868080632384933493e-01
3.350000000000000000e+02 9.871238163209373750e-01
3.360000000000000000e+02 9.874491733570117669e-01
3.370000000000000000e+02 9.877833510343814183e-01
3.380000000000000000e+02 9.881255537286037782e-01
3.390000000000000000e+02 9.884749754921818843e-01
3.400000000000000000e+02 9.888308020441319846e-01
3.410000000000000000e+02 9.891922127556167510e-01
3.420000000000000000e+02 9.895583826272515982e-01
3.430000000000000000e+02 9.899284842537549034e-01
3.440000000000000000e+02 9.903016897716901967e-01
3.450000000000000000e+02 9.906771727861263255e-01
3.460000000000000000e+02 9.910541102721350804e-01
3.470000000000000000e+02 9.914316844471434687e-01
3.480000000000000000e+02 9.918090846102626257e-01
3.490000000000000000e+02 9.921855089448309295e-01
3.500000000000000000e+02 9.925601662805294545e-01
3.510000000000000000e+02 9.929322778115515780e-01
3.520000000000000000e+02 9.933010787674487752e-01
3.530000000000000000e+02 9.936658200334081981e-01
3.540000000000000000e+02 9.940257697168684015e-01
3.550000000000000000e+02 9.943802146575249079e-01
3.560000000000000000e+02 9.947284618779407284e-01
3.570000000000000000e+02 9.950698399721287224e-01
3.580000000000000000e+02 9.954037004296448776e-01
3.590000000000000000e+02 9.957294188928953460e-01
3.600000000000000000e+02 9.960463963455339353e-01
3.610000000000000000e+02 9.963540602300007265e-01
3.620000000000000000e+02 9.966518654924306775e-01
3.630000000000000000e+02 9.969392955533400436e-01
3.640000000000000000e+02 9.972158632026799641e-01
3.650000000000000000e+02 9.974811114180289762e-01
3.660000000000000000e+02 9.977346141048801798e-01
3.670000000000000000e+02 9.979759767581634078e-01
3.680000000000000000e+02 9.982048370443254992e-01
3.690000000000000000e+02 9.984208653034770675e-01
3.700000000000000000e+02 9.986237649712971232e-01
3.710000000000000000e+02 9.988132729205690952e-01
3.720000000000000000e+02 9.989891597224027642e-01
3.730000000000000000e+02 9.991512298273740322e-01
3.740000000000000000e+02 9.992993216669944223e-01
3.750000000000000000e+02 9.994333076760926193e-01
3.760000000000000000e+02 9.995530942368643368e-01
3.770000000000000000e+02 9.996586215455124380e-01
3.780000000000000000e+02 9.997498634025657749e-01
3.790000000000000000e+02 9.998268269281237464e-01
3.800000000000000000e+02 9.998895522034298988e-01
3.810000000000000000e+02 9.999381118403303237e-01
3.820000000000000000e+02 9.999726104803174920e-01
3.830000000000000000e+02 9.999931842250031622e-01
3.840000000000000000e+02 1.000000000000000000e+00
3.850000000000000000e+02 9.999932548543193356e-01
3.860000000000000000e+02 9.999731751975210470e-01
3.870000000000000000e+02 9.999400159769658014e-01
3.880000000000000000e+02 9.998940597976357925e-01
3.890000000000000000e+02 9.998356159870911419e-01
3.900000000000000000e+02 9.997650196082327190e-01
3.910000000000000000e+02 9.996826304226302806e-01
3.920000000000000000e+02 9.995888318072608802e-01
3.930000000000000000e+02 9.994840296275827596e-01
3.940000000000000000e+02 9.993686510699355541e-01
3.950000000000000000e+02 9.992431434363256981e-01
3.960000000000000000e+02 9.991079729047098734e-01
3.970000000000000000e+02 9.989636232579360842e-01
3.980000000000000000e+02 9.988105945845469069e-01
3.990000000000000000e+02 9.986494019546783285e-01
4.000000000000000000e+02 9.984805740743171176e-01
4.010000000000000000e+02 9.983046519211962178e-01
4.020000000000000000e+02 9.981221873656179744e-01
4.030000000000000000e+02 9.979337417795005605e-01
4.040000000000000000e+02 9.977398846369368579e-01
4.050000000000000000e+02 9.975411921095446166e-01
4.060000000000000000e+02 9.973382456598685053e-01
4.070000000000000000e+02 9.971316306360673565e-01
4.080000000000000000e+02 9.969219348710904871e-01
4.090000000000000000e+02 9.967097472895024568e-01
4.100000000000000000e+02 9.964956565250744358e-01
4.110000000000000000e+02 9.962802495522038448e-01
4.120000000000000000e+02 9.960641103341661973e-01
4.130000000000000000e+02 9.958478184911360165e-01
4.140000000000000000e+02 9.956319479908462000e-01
4.150000000000000000e+02 9.954170658646710468e-01
4.160000000000000000e+02 9.952037309518420027e-01
4.170000000000000000e+02 9.949924926744128095e-01
4.180000000000000000e+02 9.947838898454983703e-01
4.190000000000000000e+02 9.945784495132139469e-01
4.200000000000000000e+02 9.943766858426373867e-01
4.210000000000000000e+02 9.941790990380109383e-01
4.220000000000000000e+02 9.939861743072871958e-01
4.230000000000000000e+02 9.937983808710085798e-01
4.240000000000000000e+02 9.936161710173924133e-01
4.250000000000000000e+02 9.934399792053703049e-01
4.260000000000000000e+02 9.932702212172069833e-01
4.270000000000000000e+02 9.931072933621962751e-01
4.280000000000000000e+02 9.929515717328022406e-01
4.290000000000000000e+02 9.928034115144833693e-01
4.300000000000000000e+02 9.926631463503007291e-01
4.310000000000000000e+02 9.925310877612828486e-01
4.320000000000000000e+02 9.924075246233774461e-01
4.330000000000000000e+02 9.922927227016902219e-01
4.340000000000000000e+02 9.921869242425691571e-01
4.350000000000000000e+02 9.920903476239603114e-01
4.360000000000000000e+02 9.920031870643198912e-01
4.370000000000000000e+02 9.919256123902372435e-01
4.380000000000000000e+02 9.918577688627814304e-01
4.390000000000000000e+02 9.917997770624551457e-01
4.400000000000000000e+02 9.917517328325051729e-01
4.410000000000000000e+02 9.917137072802063580e-01
4.420000000000000000e+02 9.916857468356080618e-01
4.430000000000000000e+02 9.916678733671067114e-01
4.440000000000000000e+02 9.916600843530793963e-01
4.450000000000000000e+02 9.916623531086971033e-01
4.460000000000000000e+02 9.916746290669131714e-01
4.470000000000000000e+02 9.916968381125097487e-01
4.480000000000000000e+02 9.917288829679724582e-01
4.490000000000000000e+02 9.917706436298552308e-01
4.500000000000000000e+02 9.918219778541930154e-01
4.510000000000000000e+02 9.918827216894201548e-01
4.520000000000000000e+02 9.919526900551562942e-01
4.530000000000000000e+02 9.920316773651317588e-01
4.540000000000000000e+02 9.921194581924340783e-01
4.550000000000000000e+02 9.922157879751808407e-01
4.560000000000000000e+02 9.923204037606426775e-01
4.570000000000000000e+02 9.924330249857715724e-01
4.580000000000000000e+02 9.925533542920207397e-01
4.590000000000000000e+02 9.926810783722842535e-01
4.600000000000000000e+02 9.928158688477266569e-01
4.610000000000000000e+02 9.929573831722224853e-01
4.620000000000000000e+02 9.931052655620835612e-01
4.630000000000000000e+02 9.932591479487108410e-01
4.640000000000000000e+02 9.934186509517742847e-01
4.650000000000000000e+02 9.935833848704990201e-01
4.660000000000000000e+02 9.937529506906123133e-01
4.670000000000000000e+02 9.939269411044896474e-01
4.680000000000000000e+02 9.941049415420303292e-01
4.690000000000000000e+02 9.942865312097866060e-01
4.700000000000000000e+02 9.944712841358708255e-01
4.710000000000000000e+02 9.946587702181743929e-01
4.720000000000000000e+02 9.948485562734430410e-01
4.730000000000000000e+02 9.950402070847708114e-01
4.740000000000000000e+02 9.952332864450984529e-01
4.750000000000000000e+02 9.954273581943318128e-01
4.760000000000000000e+02 9.956219872477281019e-01
4.770000000000000000e+02 9.958167406132376609e-01
4.780000000000000000e+02 9.960111883955325984e-01
4.790000000000000000e+02 9.962049047845021876e-01
4.800000000000000000e+02 9.963974690260501976e-01
4.810000000000000000e+02 9.965884663730835147e-01
4.820000000000000000e+02 9.967774890146480216e-01
4.830000000000000000e+02 9.969641369812317633e-01
4.840000000000000000e+02 9.971480190243268149e-01
4.850000000000000000e+02 9.973287534684146527e-01
4.860000000000000000e+02 9.975059690336204321e-01
4.870000000000000000e+02 9.976793056273596250e-01
4.880000000000000000e+02 9.978484151033878424e-01
4.890000000000000000e+02 9.980129619867511570e-01
4.900000000000000000e+02 9.981726241632239427e-01
4.910000000000000000e+02 9.983270935319169537e-01
4.920000000000000000e+02 9.984760766198289561e-01
4.930000000000000000e+02 9.986192951572189225e-01
4.940000000000000000e+02 9.987564866127675023e-01
4.950000000000000000e+02 9.988874046876043966e-01
4.960000000000000000e+02 9.990118197673758527e-01
4.970000000000000000e+02 9.991295193316306333e-01
4.980000000000000000e+02 9.992403083199083991e-01
4.990000000000000000e+02 9.993440094540184671e-01
5.000000000000000000e+02 9.994404635160999417e-01
5.010000000000000000e+02 9.995295295821639003e-01
5.020000000000000000e+02 9.996110852109193479e-01
5.030000000000000000e+02 9.996850265877914588e-01
5.040000000000000000e+02 9.997512686241454283e-01
5.050000000000000000e+02 9.998097450118307306e-01
5.060000000000000000e+02 9.998604082332648302e-01
5.070000000000000000e+02 9.999032295273765358e-01
5.080000000000000000e+02 9.999381988118268838e-01
5.090000000000000000e+02 9.999653245620258035e-01
5.100000000000000000e+02 9.999846336475580744e-01
5.110000000000000000e+02 9.999961711267246756e-01
