0.000000000000000000e+00 0.000000000000000000e+00
1.000000000000000000e+00 3.187057092900458244e-04
2.000000000000000000e+00 1.274335327359432668e-03
3.000000000000000000e+00 2.865427323500036039e-03
4.000000000000000000e+00 5.089549139807747480e-03
5.000000000000000000e+00 7.943302172781163684e-03
6.000000000000000000e+00 1.142232873096482582e-02
7.000000000000000000e+00 1.552132095208846874e-02
8.000000000000000000e+00 2.023403165849546603e-02
9.000000000000000000e+00 2.555328712507209943e-02
1.000000000000000000e+01 3.147100172933714468e-02
1.100000000000000000e+01 3.797819444891803453e-02
1.200000000000000000e+01 4.506500716726280498e-02
1.300000000000000000e+01 5.272072474418809662e-02
1.400000000000000000e+01 6.093379680371080465e-02
1.500000000000000000e+01 6.969186118758852189e-02
1.600000000000000000e+01 7.898176901910958225e-02
1.700000000000000000e+01 8.878961131791385242e-02
1.800000000000000000e+01 9.910074710305660783e-02
1.900000000000000000e+01 1.098998329180739253e-01
2.000000000000000000e+01 1.211708537085671722e-01
2.100000000000000000e+01 1.328971549797417495e-01
2.200000000000000000e+01 1.450614761584395618e-01
2.300000000000000000e+01 1.576459850815193908e-01
2.400000000000000000e+01 1.706323135299315785e-01
2.500000000000000000e+01 1.840015937255630174e-01
2.600000000000000000e+01 1.977344957058354558e-01
2.700000000000000000e+01 2.118112654892054803e-01
2.800000000000000000e+01 2.262117639430664129e-01
2.900000000000000000e+01 2.409155062641514800e-01
3.000000000000000000e+01 2.559017019803604409e-01
3.100000000000000000e+01 2.711492953819893970e-01
3.200000000000000000e+01 2.866370062896282933e-01
3.300000000000000000e+01 3.023433710655198947e-01
3.400000000000000000e+01 3.182467837749286543e-01
3.500000000000000000e+01 3.343255374040692285e-01
3.600000000000000000e+01 3.505578650413798680e-01
3.700000000000000000e+01 3.669219809293750023e-01
3.800000000000000000e+01 3.833961212950330877e-01
3.900000000000000000e+01 3.999585848675806243e-01
4.000000000000000000e+01 4.165877729937049745e-01
4.100000000000000000e+01 4.332622292615916360e-01
4.200000000000000000e+01 4.499606785467855641e-01
4.300000000000000000e+01 4.666620653946805808e-01
4.400000000000000000e+01 4.833455916564566301e-01
4.500000000000000000e+01 4.999907532975066404e-01
4.600000000000000000e+01 5.165773762998014940e-01
4.700000000000000000e+01 5.330856515822538499e-01
4.800000000000000000e+01 5.494961688659125709e-01
4.900000000000000000e+01 5.657899494137810237e-01
5.000000000000000000e+01 5.819484775781763597e-01
5.100000000000000000e+01 5.979537310918078274e-01
5.200000000000000000e+01 6.137882100421911957e-01
5.300000000000000000e+01 6.294349644725567572e-01
5.400000000000000000e+01 6.448776205561052022e-01
5.500000000000000000e+01 6.601004052942558431e-01
5.600000000000000000e+01 6.750881696934466492e-01
5.700000000000000000e+01 6.898264103790356927e-01
5.800000000000000000e+01 7.043012896089471120e-01
5.900000000000000000e+01 7.184996536538550416e-01
6.000000000000000000e+01 7.324090495149205848e-01
6.100000000000000000e+01 7.460177399543621579e-01
6.200000000000000000e+01 7.593147168184484208e-01
6.300000000000000000e+01 7.722897126368296616e-01
6.400000000000000000e+01 7.849332104864803483e-01
6.500000000000000000e+01 7.972364521128657566e-01
6.600000000000000000e+01 8.091914443052944383e-01
6.700000000000000000e+01 8.207909635277403915e-01
6.800000000000000000e+01 8.320285588107063646e-01
6.900000000000000000e+01 8.428985529139523258e-01
7.000000000000000000e+01 8.533960417741088822e-01
7.100000000000000000e+01 8.635168922553199122e-01
7.200000000000000000e+01 8.732577382251236475e-01
7.300000000000000000e+01 8.826159749817441558e-01
7.400000000000000000e+01 8.915897520628438544e-01
7.500000000000000000e+01 9.001779644695560023e-01
7.600000000000000000e+01 9.083802423432680850e-01
7.700000000000000000e+01 9.161969391361627357e-01
7.800000000000000000e+01 9.236291183199142329e-01
7.900000000000000000e+01 9.306785386802015614e-01
8.000000000000000000e+01 9.373476382478027613e-01
8.100000000000000000e+01 9.436395169199888189e-01
8.200000000000000000e+01 9.495579178287254507e-01
8.300000000000000000e+01 9.551072075148092644e-01
8.400000000000000000e+01 9.602923549695082661e-01
8.500000000000000000e+01 9.651189096075433183e-01
8.600000000000000000e+01 9.695929782373194916e-01
8.700000000000000000e+01 9.737212010962091879e-01
8.800000000000000000e+01 9.775107270203803322e-01
8.900000000000000000e+01 9.809691878201591830e-01
9.000000000000000000e+01 9.841046719332169346e-01
9.100000000000000000e+01 9.869256974289630779e-01
9.200000000000000000e+01 9.894411844384237709e-01
9.300000000000000000e+01 9.916604270845676972e-01
9.400000000000000000e+01 9.935930649885317267e-01
9.500000000000000000e+01 9.952490544274745776e-01
9.600000000000000000e+01 9.966386392198645083e-01
9.700000000000000000e+01 9.977723214138837227e-01
9.800000000000000000e+01 9.986608318543044316e-01
9.900000000000000000e+01 9.993151007026700450e-01
1.000000000000000000e+02 9.997462279848978728e-01
1.010000000000000000e+02 9.999654542395105539e-01
1.020000000000000000e+02 9.999841313386078623e-01
1.030000000000000000e+02 9.998136935524145619e-01
1.040000000000000000e+02 9.994656289267821458e-01
1.050000000000000000e+02 9.989514510413970427e-01
1.060000000000000000e+02 9.982826712146541936e-01
1.070000000000000000e+02 9.974707712192009135e-01
1.080000000000000000e+02 9.965271765700531859e-01
1.090000000000000000e+02 9.954632304449303470e-01
1.100000000000000000e+02 9.942901682940705754e-01
1.110000000000000000e+02 9.930190931942625143e-01
1.120000000000000000e+02 9.916609519991921307e-01
1.130000000000000000e+02 9.902265123354438980e-01
1.140000000000000000e+02 9.887263404906350139e-01
1.150000000000000000e+02 9.871707802372041707e-01
1.160000000000000000e+02 9.855699326323312803e-01
1.170000000000000000e+02 9.839336368313411629e-01
1.180000000000000000e+02 9.822714519487548701e-01
1.190000000000000000e+02 9.805926399979019159e-01
1.200000000000000000e+02 9.789061499367061048e-01
1.210000000000000000e+02 9.772206028439224257e-01
1.220000000000000000e+02 9.755442782467309559e-01
1.230000000000000000e+02 9.738851016172095365e-01
1.240000000000000000e+02 9.722506330518042583e-01
1.250000000000000000e+02 9.706480571445228467e-01
1.260000000000000000e+02 9.690841740611818578e-01
1.270000000000000000e+02 9.675653918186718494e-01
1.280000000000000000e+02 9.660977197698569219e-01
1.290000000000000000e+02 9.646867632914232216e-01
1.300000000000000000e+02 9.633377196687284982e-01
1.310000000000000000e+02 9.620553751684993715e-01
1.320000000000000000e+02 9.608441032870842502e-01
1.330000000000000000e+02 9.597078641588966397e-01
1.340000000000000000e+02 9.586502051066959629e-01
1.350000000000000000e+02 9.576742623124493425e-01
1.360000000000000000e+02 9.567827635847104828e-01
1.370000000000000000e+02 9.559780321957472848e-01
1.380000000000000000e+02 9.552619917590503551e-01
1.390000000000000000e+02 9.546361721153758806e-01
1.400000000000000000e+02 9.541017161931123480e-01
1.410000000000000000e+02 9.536593878065278140e-01
1.420000000000000000e+02 9.533095803533506718e-01
1.430000000000000000e+02 9.530523263711698778e-01
1.440000000000000000e+02 9.528873079103136190e-01
1.450000000000000000e+02 9.528138676791844119e-01
1.460000000000000000e+02 9.528310209164911893e-01
1.470000000000000000e+02 9.529374679434379214e-01
1.480000000000000000e+02 9.531316073476915340e-01
1.490000000000000000e+02 9.534115497498801828e-01
1.500000000000000000e+02 9.537751321024454665e-01
1.510000000000000000e+02 9.542199324699147667e-01
1.520000000000000000e+02 9.547432852390451696e-01
1.530000000000000000e+02 9.553422967068482263e-01
1.540000000000000000e+02 9.560138609942083754e-01
1.550000000000000000e+02 9.567546762326714083e-01
1.560000000000000000e+02 9.575612609720005608e-01
1.570000000000000000e+02 9.584299707562660142e-01
1.580000000000000000e+02 9.593570148165584399e-01
1.590000000000000000e+02 9.603384728288840710e-01
1.600000000000000000e+02 9.613703116864180664e-01
1.610000000000000000e+02 9.624484022360437763e-01
1.620000000000000000e+02 9.635685359300047992e-01
1.630000000000000000e+02 9.647264413445187925e-01
1.640000000000000000e+02 9.659178005183628457e-01
1.650000000000000000e+02 9.671382650657139868e-01
1.660000000000000000e+02 9.683834720189323786e-01
1.670000000000000000e+02 9.696490593584787820e-01
1.680000000000000000e+02 9.709306811887822297e-01
1.690000000000000000e+02 9.722240225205879272e-01
1.700000000000000000e+02 9.735248136221292814e-01
1.710000000000000000e+02 9.748288439033708785e-01
1.720000000000000000e+02 9.761319752995497590e-01
1.730000000000000000e+02 9.774301551222993600e-01
1.740000000000000000e+02 9.787194283487640201e-01
1.750000000000000000e+02 9.799959493212960782e-01
1.760000000000000000e+02 9.812559928325627068e-01
1.770000000000000000e+02 9.824959645731716762e-01
1.780000000000000000e+02 9.837124109212440626e-01
1.790000000000000000e+02 9.849020280557103657e-01
1.800000000000000000e+02 9.860616703774803815e-01
1.810000000000000000e+02 9.871883582250197131e-01
1.820000000000000000e+02 9.882792848732669944e-01
1.830000000000000000e+02 9.893318228072127685e-01
1.840000000000000000e+02 9.903435292638578247e-01
1.850000000000000000e+02 9.913121510386322388e-01
1.860000000000000000e+02 9.922356285547173638e-01
1.870000000000000000e+02 9.931120991960314948e-01
1.880000000000000000e+02 9.939398999069284368e-01
1.890000000000000000e+02 9.947175690639081802e-01
1.900000000000000000e+02 9.954438476268323566e-01
1.910000000000000000e+02 9.961176795792859862e-01
1.920000000000000000e+02 9.967382116698063621e-01
1.930000000000000000e+02 9.973047924677193032e-01
1.940000000000000000e+02 9.978169707492687834e-01
1.950000000000000000e+02 9.982744932315938957e-01
1.960000000000000000e+02 9.986773016738960118e-01
1.970000000000000000e+02 9.990255293668384162e-01
1.980000000000000000e+02 9.993194970328330706e-01
1.990000000000000000e+02 9.995597081613865065e-01
2.000000000000000000e+02 9.997468438050921558e-01
2.010000000000000000e+02 9.998817568631791497e-01
2.020000000000000000e+02 9.999654658807368701e-01
2.030000000000000000e+02 9.999991483928450942e-01
2.040000000000000000e+02 9.999841338438366645e-01
2.050000000000000000e+02 9.999218961128089056e-01
2.060000000000000000e+02 9.998140456772761642e-01
2.070000000000000000e+02 9.996623214475198749e-01
2.080000000000000000e+02 9.994685823047442241e-01
2.090000000000000000e+02 9.992347983765790254e-01
2.100000000000000000e+02 9.989630420837979363e-01
2.110000000000000000e+02 9.986554789923272057e-01
2.120000000000000000e+02 9.983143585047187241e-01
2.130000000000000000e+02 9.979420044252454991e-01
2.140000000000000000e+02 9.975408054326533325e-01
2.150000000000000000e+02 9.971132054943728784e-01
2.160000000000000000e+02 9.966616942556529857e-01
2.170000000000000000e+02 9.961887974366370191e-01
2.180000000000000000e+02 9.956970672698618463e-01
2.190000000000000000e+02 9.951890730100148019e-01
2.200000000000000000e+02 9.946673915470514160e-01
2.210000000000000000e+02 9.941345981529499110e-01
2.220000000000000000e+02 9.935932573914633137e-01
2.230000000000000000e+02 9.930459142192349375e-01
2.240000000000000000e+02 9.924950853055681810e-01
2.250000000000000000e+02 9.919432505969892899e-01
2.260000000000000000e+02 9.913928451515258145e-01
2.270000000000000000e+02 9.908462512663356314e-01
2.280000000000000000e+02 9.903057909209805887e-01
2.290000000000000000e+02 9.897737185572397234e-01
2.300000000000000000e+02 9.892522142149053899e-01
2.310000000000000000e+02 9.887433770415202661e-01
2.320000000000000000e+02 9.882492191924754366e-01
2.330000000000000000e+02 9.877716601363306648e-01
2.340000000000000000e+02 9.873125213786249077e-01
2.350000000000000000e+02 9.868735216158315282e-01
2.360000000000000000e+02 9.864562723294827418e-01
2.370000000000000000e+02 9.860622738288483680e-01
2.380000000000000000e+02 9.856929117489058312e-01
2.390000000000000000e+02 9.853494540086932263e-01
2.400000000000000000e+02 9.850330482334986870e-01
2.410000000000000000e+02 9.847447196427062677e-01
2.420000000000000000e+02 9.844853694035076153e-01
2.430000000000000000e+02 9.842557734490978705e-01
2.440000000000000000e+02 9.840565817584041586e-01
2.450000000000000000e+02 9.838883180928660321e-01
2.460000000000000000e+02 9.837513801842840966e-01
2.470000000000000000e+02 9.836460403662971030e-01
2.480000000000000000e+02 9.835724466406341460e-01
2.490000000000000000e+02 9.835306241679238060e-01
2.500000000000000000e+02 9.835204771715293504e-01
2.510000000000000000e+02 9.835417912416261066e-01
2.520000000000000000e+02 9.835942360255405248e-01
2.530000000000000000e+02 9.836773682892385740e-01
2.540000000000000000e+02 9.837906353337868559e-01
2.550000000000000000e+02 9.839333787496116202e-01
