0.000000000000000000e+00 0.000000000000000000e+00
1.000000000000000000e+00 6.601447421661688075e-02
2.000000000000000000e+00 2.435200752896478082e-01
3.000000000000000000e+00 4.793889598690601606e-01
4.000000000000000000e+00 7.093062304629772497e-01
5.000000000000000000e+00 8.820450818728626796e-01
6.000000000000000000e+00 9.757538176618645309e-01
7.000000000000000000e+00 9.999741442800015312e-01
8.000000000000000000e+00 9.844268872095016665e-01
9.000000000000000000e+00 9.616990127731914750e-01
1.000000000000000000e+01 9.528239943411329627e-01
1.100000000000000000e+01 9.618641413838365795e-01
1.200000000000000000e+01 9.800602834772611516e-01
1.300000000000000000e+01 9.951871398580672823e-01
1.400000000000000000e+01 9.999741509456302468e-01
1.500000000000000000e+01 9.952849822549854064e-01
1.600000000000000000e+01 9.875852542708737358e-01
1.700000000000000000e+01 9.835731113362112810e-01
1.800000000000000000e+01 9.858779231282038813e-01
1.900000000000000000e+01 9.922622206347075924e-01
2.000000000000000000e+01 9.981110518232249040e-01
2.100000000000000000e+01 9.999741620519565499e-01
2.200000000000000000e+01 9.976724821387482622e-01
2.300000000000000000e+01 9.938502337189614178e-01
2.400000000000000000e+01 9.917104523683646367e-01
2.500000000000000000e+01 9.927448280741041353e-01
2.600000000000000000e+01 9.959837117128870210e-01
2.700000000000000000e+01 9.990404116847354521e-01
2.800000000000000000e+01 9.999741775943997713e-01
2.900000000000000000e+01 9.985808198723067353e-01
3.000000000000000000e+01 9.963028256221454493e-01
3.100000000000000000e+01 9.950054129677576853e-01
3.200000000000000000e+01 9.956139942517295838e-01
3.300000000000000000e+01 9.975790472502240602e-01
3.400000000000000000e+01 9.994417707739038370e-01
3.500000000000000000e+01 9.999741975665505933e-01
3.600000000000000000e+01 9.990263538445998126e-01
3.700000000000000000e+01 9.975158582235159610e-01
3.800000000000000000e+01 9.966603870284318489e-01
3.900000000000000000e+01 9.970769495298783536e-01
4.000000000000000000e+01 9.984014753850831703e-01
4.100000000000000000e+01 9.996472608564508366e-01
4.200000000000000000e+01 9.999742219601743809e-01
4.300000000000000000e+01 9.992799388922332104e-01
4.400000000000000000e+01 9.982060174601951053e-01
4.500000000000000000e+01 9.976086098239951294e-01
4.600000000000000000e+01 9.979212671010730951e-01
4.700000000000000000e+01 9.988778824642352561e-01
4.800000000000000000e+01 9.997645319362369332e-01
4.900000000000000000e+01 9.999742507652160661e-01
5.000000000000000000e+01 9.994391594070953788e-01
5.100000000000000000e+01 9.986372692667340178e-01
5.200000000000000000e+01 9.982025631393437459e-01
5.300000000000000000e+01 9.984516782227692566e-01
5.400000000000000000e+01 9.991770049226438299e-01
5.500000000000000000e+01 9.998366754541968549e-01
5.600000000000000000e+01 9.999742839698054775e-01
5.700000000000000000e+01 9.995463533442480175e-01
5.800000000000000000e+01 9.989254893356598330e-01
5.900000000000000000e+01 9.985993980555134542e-01
6.000000000000000000e+01 9.988061328214887791e-01
6.100000000000000000e+01 9.993762405866283283e-01
6.200000000000000000e+01 9.998835537277336316e-01
6.300000000000000000e+01 9.999743215602636681e-01
