0.000000000000000000e+00 0.000000000000000000e+00
1.000000000000000000e+00 3.208635955039174092e-03
2.000000000000000000e+00 1.278516923334194200e-02
3.000000000000000000e+00 2.858249322904504730e-02
4.000000000000000000e+00 5.035879644821628087e-02
5.000000000000000000e+00 7.778252725571033199e-02
6.000000000000000000e+00 1.104391777451468881e-01
7.000000000000000000e+00 1.478397252075223101e-01
8.000000000000000000e+00 1.894305308612979077e-01
9.000000000000000000e+00 2.346044619145374321e-01
1.000000000000000000e+01 2.827129755142085976e-01
1.100000000000000000e+01 3.330788823872178339e-01
1.200000000000000000e+01 3.850094944935739116e-01
1.300000000000000000e+01 4.378098550957675306e-01
1.400000000000000000e+01 4.907957513944528616e-01
1.500000000000000000e+01 5.433062191746269587e-01
1.600000000000000000e+01 5.947152654306488984e-01
1.700000000000000000e+01 6.444425581809380965e-01
1.800000000000000000e+01 6.919628619546689396e-01
1.900000000000000000e+01 7.368140318869382810e-01
2.000000000000000000e+01 7.786034180176866215e-01
2.100000000000000000e+01 8.170125731720030426e-01
2.200000000000000000e+01 8.518002015525222292e-01
2.300000000000000000e+01 8.828033297071408159e-01
2.400000000000000000e+01 9.099367256512552737e-01
2.500000000000000000e+01 9.331906344562697075e-01
2.600000000000000000e+01 9.526269384598007317e-01
2.700000000000000000e+01 9.683738863942287223e-01
2.800000000000000000e+01 9.806195672744534297e-01
2.900000000000000000e+01 9.896043310809291560e-01
3.000000000000000000e+01 9.956123785299259010e-01
3.100000000000000000e+01 9.989627561248231036e-01
3.200000000000000000e+01 1.000000000000000000e+00
3.300000000000000000e+01 9.990846727602893385e-01
3.400000000000000000e+01 9.965840317274510252e-01
3.500000000000000000e+01 9.928630550522949960e-01
3.600000000000000000e+01 9.882760345240521049e-01
3.700000000000000000e+01 9.831589212427996882e-01
3.800000000000000000e+01 9.778225833786878818e-01
3.900000000000000000e+01 9.725471048883422842e-01
4.000000000000000000e+01 9.675772212344518897e-01
4.100000000000000000e+01 9.631189538459712374e-01
4.200000000000000000e+01 9.593374702672453624e-01
4.300000000000000000e+01 9.563561626656860160e-01
4.400000000000000000e+01 9.542569045491088309e-01
4.500000000000000000e+01 9.530814150672517471e-01
4.600000000000000000e+01 9.528336329268963789e-01
4.700000000000000000e+01 9.534829784129882357e-01
4.800000000000000000e+01 9.549683628256276924e-01
4.900000000000000000e+01 9.572027902183636305e-01
5.000000000000000000e+01 9.600783869093251210e-01
5.100000000000000000e+01 9.634716899312513183e-01
5.200000000000000000e+01 9.672490263339773575e-01
5.300000000000000000e+01 9.712718208504284023e-01
5.400000000000000000e+01 9.754016795443829491e-01
5.500000000000000000e+01 9.795051112115958913e-01
5.600000000000000000e+01 9.834577659359448054e-01
5.700000000000000000e+01 9.871480906540992528e-01
5.800000000000000000e+01 9.904803241375818024e-01
5.900000000000000000e+01 9.933767777022098899e-01
6.000000000000000000e+01 9.957793724286587711e-01
6.100000000000000000e+01 9.976504279599734959e-01
6.200000000000000000e+01 9.989727212999306438e-01
6.300000000000000000e+01 9.997488557913718488e-01
6.400000000000000000e+01 1.000000000000000000e+00
6.500000000000000000e+01 9.997640730499302020e-01
6.600000000000000000e+01 9.990934666384144736e-01
6.700000000000000000e+01 9.980524041967167026e-01
6.800000000000000000e+01 9.967140442783675169e-01
6.900000000000000000e+01 9.951574381813469428e-01
7.000000000000000000e+01 9.934644511018010382e-01
7.100000000000000000e+01 9.917167519411165255e-01
7.200000000000000000e+01 9.899929695168061539e-01
7.300000000000000000e+01 9.883661027237901076e-01
7.400000000000000000e+01 9.869012595966801804e-01
7.500000000000000000e+01 9.856537857366850508e-01
7.600000000000000000e+01 9.846678267325267297e-01
7.700000000000000000e+01 9.839753525908558895e-01
7.800000000000000000e+01 9.835956553703669725e-01
7.900000000000000000e+01 9.835353147435171861e-01
8.000000000000000000e+01 9.837886106172260003e-01
8.100000000000000000e+01 9.843383477083205157e-01
8.200000000000000000e+01 9.851570445082261651e-01
8.300000000000000000e+01 9.862084287285796114e-01
8.400000000000000000e+01 9.874491733570117669e-01
8.500000000000000000e+01 9.888308020441319846e-01
8.600000000000000000e+01 9.903016897716901967e-01
8.700000000000000000e+01 9.918090846102626257e-01
8.800000000000000000e+01 9.933010787674487752e-01
8.900000000000000000e+01 9.947284618779407284e-01
9.000000000000000000e+01 9.960463963455339353e-01
9.100000000000000000e+01 9.972158632026799641e-01
9.200000000000000000e+01 9.982048370443254992e-01
9.300000000000000000e+01 9.989891597224027642e-01
9.400000000000000000e+01 9.995530942368643368e-01
9.500000000000000000e+01 9.998895522034298988e-01
9.600000000000000000e+01 1.000000000000000000e+00
9.700000000000000000e+01 9.998940597976357925e-01
9.800000000000000000e+01 9.995888318072608802e-01
9.900000000000000000e+01 9.991079729047098734e-01
1.000000000000000000e+02 9.984805740743171176e-01
1.010000000000000000e+02 9.977398846369368579e-01
1.020000000000000000e+02 9.969219348710904871e-01
1.030000000000000000e+02 9.960641103341661973e-01
1.040000000000000000e+02 9.952037309518420027e-01
1.050000000000000000e+02 9.943766858426373867e-01
1.060000000000000000e+02 9.936161710173924133e-01
1.070000000000000000e+02 9.929515717328022406e-01
1.080000000000000000e+02 9.924075246233774461e-01
1.090000000000000000e+02 9.920031870643198912e-01
1.100000000000000000e+02 9.917517328325051729e-01
1.110000000000000000e+02 9.916600843530793963e-01
1.120000000000000000e+02 9.917288829679724582e-01
1.130000000000000000e+02 9.919526900551562942e-01
1.140000000000000000e+02 9.923204037606426775e-01
1.150000000000000000e+02 9.928158688477266569e-01
1.160000000000000000e+02 9.934186509517742847e-01
1.170000000000000000e+02 9.941049415420303292e-01
1.180000000000000000e+02 9.948485562734430410e-01
1.190000000000000000e+02 9.956219872477281019e-01
1.200000000000000000e+02 9.963974690260501976e-01
1.210000000000000000e+02 9.971480190243268149e-01
1.220000000000000000e+02 9.978484151033878424e-01
1.230000000000000000e+02 9.984760766198289561e-01
1.240000000000000000e+02 9.990118197673758527e-01
1.250000000000000000e+02 9.994404635160999417e-01
1.260000000000000000e+02 9.997512686241454283e-01
1.270000000000000000e+02 9.999381988118268838e-01
