0.000000000000000000e+00 0.000000000000000000e+00
1.000000000000000000e+00 5.089549139807747480e-03
2.000000000000000000e+00 2.023403165849546603e-02
3.000000000000000000e+00 4.506500716726280498e-02
4.000000000000000000e+00 7.898176901910958225e-02
5.000000000000000000e+00 1.211708537085671722e-01
6.000000000000000000e+00 1.706323135299315785e-01
7.000000000000000000e+00 2.262117639430664129e-01
8.000000000000000000e+00 2.866370062896282933e-01
9.000000000000000000e+00 3.505578650413798680e-01
1.000000000000000000e+01 4.165877729937049745e-01
1.100000000000000000e+01 4.833455916564566301e-01
1.200000000000000000e+01 5.494961688659125709e-01
1.300000000000000000e+01 6.137882100421911957e-01
1.400000000000000000e+01 6.750881696934466492e-01
1.500000000000000000e+01 7.324090495149205848e-01
1.600000000000000000e+01 7.849332104864803483e-01
1.700000000000000000e+01 8.320285588107063646e-01
1.800000000000000000e+01 8.732577382251236475e-01
1.900000000000000000e+01 9.083802423432680850e-01
2.000000000000000000e+01 9.373476382478027613e-01
2.100000000000000000e+01 9.602923549695082661e-01
2.200000000000000000e+01 9.775107270203803322e-01
2.300000000000000000e+01 9.894411844384237709e-01
2.400000000000000000e+01 9.966386392198645083e-01
2.500000000000000000e+01 9.997462279848978728e-01
2.600000000000000000e+01 9.994656289267821458e-01
2.700000000000000000e+01 9.965271765700531859e-01
2.800000000000000000e+01 9.916609519991921307e-01
2.900000000000000000e+01 9.855699326323312803e-01
3.000000000000000000e+01 9.789061499367061048e-01
3.100000000000000000e+01 9.722506330518042583e-01
3.200000000000000000e+01 9.660977197698569219e-01
3.300000000000000000e+01 9.608441032870842502e-01
3.400000000000000000e+01 9.567827635847104828e-01
3.500000000000000000e+01 9.541017161931123480e-01
3.600000000000000000e+01 9.528873079103136190e-01
3.700000000000000000e+01 9.531316073476915340e-01
3.800000000000000000e+01 9.547432852390451696e-01
3.900000000000000000e+01 9.575612609720005608e-01
4.000000000000000000e+01 9.613703116864180664e-01
4.100000000000000000e+01 9.659178005183628457e-01
4.200000000000000000e+01 9.709306811887822297e-01
4.300000000000000000e+01 9.761319752995497590e-01
4.400000000000000000e+01 9.812559928325627068e-01
4.500000000000000000e+01 9.860616703774803815e-01
4.600000000000000000e+01 9.903435292638578247e-01
4.700000000000000000e+01 9.939398999069284368e-01
4.800000000000000000e+01 9.967382116698063621e-01
4.900000000000000000e+01 9.986773016738960118e-01
5.000000000000000000e+01 9.997468438050921558e-01
5.100000000000000000e+01 9.999841338438366645e-01
5.200000000000000000e+01 9.994685823047442241e-01
5.300000000000000000e+01 9.983143585047187241e-01
5.400000000000000000e+01 9.966616942556529857e-01
5.500000000000000000e+01 9.946673915470514160e-01
5.600000000000000000e+01 9.924950853055681810e-01
5.700000000000000000e+01 9.903057909209805887e-01
5.800000000000000000e+01 9.882492191924754366e-01
5.900000000000000000e+01 9.864562723294827418e-01
6.000000000000000000e+01 9.850330482334986870e-01
6.100000000000000000e+01 9.840565817584041586e-01
6.200000000000000000e+01 9.835724466406341460e-01
6.300000000000000000e+01 9.835942360255405248e-01
6.400000000000000000e+01 9.841048384904593771e-01
6.500000000000000000e+01 9.850593351836710587e-01
6.600000000000000000e+01 9.863892664374213082e-01
6.700000000000000000e+01 9.880079563284973609e-01
6.800000000000000000e+01 9.898165434522138151e-01
6.900000000000000000e+01 9.917103468146548639e-01
7.000000000000000000e+01 9.935851972580083125e-01
7.100000000000000000e+01 9.953433861399646476e-01
7.200000000000000000e+01 9.968989220181068145e-01
7.300000000000000000e+01 9.981818399242102791e-01
7.400000000000000000e+01 9.991413728730724753e-01
7.500000000000000000e+01 9.997478675153881333e-01
7.600000000000000000e+01 9.999934010830684450e-01
7.700000000000000000e+01 9.998911307802508253e-01
7.800000000000000000e+01 9.994734755830059214e-01
7.900000000000000000e+01 9.987892905134755361e-01
8.000000000000000000e+01 9.979002419576132876e-01
8.100000000000000000e+01 9.968766273582322368e-01
8.200000000000000000e+01 9.957929023315047479e-01
8.300000000000000000e+01 9.947231824942143197e-01
8.400000000000000000e+01 9.937369764828105634e-01
8.500000000000000000e+01 9.928953820313944911e-01
8.600000000000000000e+01 9.922479404990456331e-01
8.700000000000000000e+01 9.918302994159250430e-01
8.800000000000000000e+01 9.916627803847087863e-01
8.900000000000000000e+01 9.917498941987615835e-01
9.000000000000000000e+01 9.920807895448359170e-01
9.100000000000000000e+01 9.926305692444233886e-01
9.200000000000000000e+01 9.933623614611201136e-01
9.300000000000000000e+01 9.942299950326717317e-01
9.400000000000000000e+01 9.951810998960372023e-01
9.500000000000000000e+01 9.961604366505718566e-01
9.600000000000000000e+01 9.971132541624688761e-01
9.700000000000000000e+01 9.979884805883969534e-01
9.800000000000000000e+01 9.987415704782525161e-01
9.900000000000000000e+01 9.993368573196771409e-01
1.000000000000000000e+02 9.997492951452499055e-01
1.010000000000000000e+02 9.999655124142646789e-01
1.020000000000000000e+02 9.999841438615881817e-01
1.030000000000000000e+02 9.998154488575400345e-01
1.040000000000000000e+02 9.994802655949081016e-01
1.050000000000000000e+02 9.990083868661926436e-01
1.060000000000000000e+02 9.984364733937554082e-01
1.070000000000000000e+02 9.978056431268580440e-01
1.080000000000000000e+02 9.971588886135572816e-01
1.090000000000000000e+02 9.965384790155757955e-01
1.100000000000000000e+02 9.959834986258745415e-01
1.110000000000000000e+02 9.955276604572265153e-01
1.120000000000000000e+02 9.951975126511161118e-01
1.130000000000000000e+02 9.950111285599090305e-01
1.140000000000000000e+02 9.949773401310451071e-01
1.150000000000000000e+02 9.950955406098067613e-01
1.160000000000000000e+02 9.953560485903607535e-01
1.170000000000000000e+02 9.957409930530085607e-01
1.180000000000000000e+02 9.962256500439151674e-01
1.190000000000000000e+02 9.967801376433462757e-01
1.200000000000000000e+02 9.973713580558954961e-01
1.210000000000000000e+02 9.979650648725542084e-01
1.220000000000000000e+02 9.985279302005048985e-01
1.230000000000000000e+02 9.990294903925123204e-01
1.240000000000000000e+02 9.994438600692369112e-01
1.250000000000000000e+02 9.997511211648479890e-01
1.260000000000000000e+02 9.999383156641076242e-01
1.270000000000000000e+02 9.999999961150385364e-01
1.280000000000000000e+02 9.999383153142752390e-01
1.290000000000000000e+02 9.997626641283686721e-01
1.300000000000000000e+02 9.994888926237300852e-01
1.310000000000000000e+02 9.991381730464228283e-01
1.320000000000000000e+02 9.987355824444998920e-01
1.330000000000000000e+02 9.983084968596288578e-01
1.340000000000000000e+02 9.978848973567923109e-01
1.350000000000000000e+02 9.974916903920102440e-01
1.360000000000000000e+02 9.971531411836123127e-01
1.370000000000000000e+02 9.968895092493392784e-01
1.380000000000000000e+02 9.967159608149515071e-01
1.390000000000000000e+02 9.966418143739790292e-01
1.400000000000000000e+02 9.966701544706882965e-01
1.410000000000000000e+02 9.967978261066628987e-01
1.420000000000000000e+02 9.970157994023706172e-01
1.430000000000000000e+02 9.973098726141343962e-01
1.440000000000000000e+02 9.976616625411395267e-01
1.450000000000000000e+02 9.980498158068055181e-01
1.460000000000000000e+02 9.984513632809433048e-01
1.470000000000000000e+02 9.988431335656902110e-01
1.480000000000000000e+02 9.992031402420066266e-01
1.490000000000000000e+02 9.995118614015461311e-01
1.500000000000000000e+02 9.997533385137709061e-01
1.510000000000000000e+02 9.999160342772354104e-01
1.520000000000000000e+02 9.999934049312801942e-01
1.530000000000000000e+02 9.999841605465960015e-01
1.540000000000000000e+02 9.998922059526911266e-01
1.550000000000000000e+02 9.997262740434786910e-01
1.560000000000000000e+02 9.994992811074565608e-01
1.570000000000000000e+02 9.992274495318280714e-01
1.580000000000000000e+02 9.989292558606723826e-01
1.590000000000000000e+02 9.986242710780501852e-01
1.600000000000000000e+02 9.983319647060481250e-01
1.610000000000000000e+02 9.980705446792756952e-01
1.620000000000000000e+02 9.978559010652804373e-01
1.630000000000000000e+02 9.977007138775881856e-01
1.640000000000000000e+02 9.976137740308648194e-01
1.650000000000000000e+02 9.975995526577231542e-01
1.660000000000000000e+02 9.976580384231777954e-01
1.670000000000000000e+02 9.977848460975496936e-01
1.680000000000000000e+02 9.979715834677465036e-01
1.690000000000000000e+02 9.982064486319489616e-01
1.700000000000000000e+02 9.984750166958622497e-01
1.710000000000000000e+02 9.987611645936192994e-01
1.720000000000000000e+02 9.990480757391774214e-01
1.730000000000000000e+02 9.993192628147494760e-01
1.740000000000000000e+02 9.995595473402794084e-01
1.750000000000000000e+02 9.997559386376416724e-01
1.760000000000000000e+02 9.998983620883409307e-01
1.770000000000000000e+02 9.999801966783256058e-01
1.780000000000000000e+02 9.999985940675736318e-01
1.790000000000000000e+02 9.999545650422682064e-01
1.800000000000000000e+02 9.998528333661432788e-01
1.810000000000000000e+02 9.997014708937895788e-01
1.820000000000000000e+02 9.995113405282002317e-01
1.830000000000000000e+02 9.992953844676470965e-01
1.840000000000000000e+02 9.990678035887682329e-01
1.850000000000000000e+02 9.988431793077805487e-01
1.860000000000000000e+02 9.986355915859418397e-01
1.870000000000000000e+02 9.984577858281171725e-01
1.880000000000000000e+02 9.983204373874974280e-01
1.890000000000000000e+02 9.982315555403826757e-01
1.900000000000000000e+02 9.981960595981305140e-01
1.910000000000000000e+02 9.982155488741231153e-01
1.920000000000000000e+02 9.982882762088285400e-01
1.930000000000000000e+02 9.984093224117850385e-01
1.940000000000000000e+02 9.985709570461952511e-01
1.950000000000000000e+02 9.987631601609310295e-01
1.960000000000000000e+02 9.989742704870895329e-01
1.970000000000000000e+02 9.991917187673483580e-01
1.980000000000000000e+02 9.994028006387459806e-01
1.990000000000000000e+02 9.995954420439058241e-01
2.000000000000000000e+02 9.997589115324191367e-01
2.010000000000000000e+02 9.998844378944973244e-01
2.020000000000000000e+02 9.999656980470948975e-01
2.030000000000000000e+02 9.999991485357292431e-01
2.040000000000000000e+02 9.999841838820091589e-01
2.050000000000000000e+02 9.999231156820498345e-01
2.060000000000000000e+02 9.998209771928701084e-01
2.070000000000000000e+02 9.996851684841064900e-01
2.080000000000000000e+02 9.995249664740978313e-01
2.090000000000000000e+02 9.993509317826719807e-01
2.100000000000000000e+02 9.991742498948369411e-01
2.110000000000000000e+02 9.990060473471331637e-01
2.120000000000000000e+02 9.988567243738473156e-01
2.130000000000000000e+02 9.987353436869595980e-01
2.140000000000000000e+02 9.986491109631459029e-01
2.150000000000000000e+02 9.986029764613412185e-01
2.160000000000000000e+02 9.985993794000765922e-01
2.170000000000000000e+02 9.986381477803867313e-01
2.180000000000000000e+02 9.987165568023658180e-01
2.190000000000000000e+02 9.988295394716110165e-01
2.200000000000000000e+02 9.989700339963643039e-01
2.210000000000000000e+02 9.991294446642425831e-01
2.220000000000000000e+02 9.992981865120621476e-01
2.230000000000000000e+02 9.994662796167272933e-01
2.240000000000000000e+02 9.996239564737500194e-01
2.250000000000000000e+02 9.997622457961164999e-01
2.260000000000000000e+02 9.998734981285901657e-01
2.270000000000000000e+02 9.999518227692818506e-01
2.280000000000000000e+02 9.999934113409768566e-01
2.290000000000000000e+02 9.999967305789915217e-01
2.300000000000000000e+02 9.999625750445308991e-01
2.310000000000000000e+02 9.998939790299481434e-01
2.320000000000000000e+02 9.997959953761236251e-01
2.330000000000000000e+02 9.996753567685985331e-01
2.340000000000000000e+02 9.995400418591667835e-01
2.350000000000000000e+02 9.993987738859178016e-01
2.360000000000000000e+02 9.992604830431731644e-01
2.370000000000000000e+02 9.991337654987249017e-01
2.380000000000000000e+02 9.990263716032053987e-01
2.390000000000000000e+02 9.989447535397785183e-01
2.400000000000000000e+02 9.988936985914694811e-01
2.410000000000000000e+02 9.988760686314163140e-01
2.420000000000000000e+02 9.988926597264733420e-01
2.430000000000000000e+02 9.989421883077437281e-01
2.440000000000000000e+02 9.990214026598779329e-01
2.450000000000000000e+02 9.991253109798716725e-01
2.460000000000000000e+02 9.992475104016081966e-01
2.470000000000000000e+02 9.993805955746093428e-01
2.480000000000000000e+02 9.995166209554088299e-01
2.490000000000000000e+02 9.996475881609326875e-01
2.500000000000000000e+02 9.997659286876275919e-01
2.510000000000000000e+02 9.998649530524212903e-01
2.520000000000000000e+02 9.999392398882939181e-01
2.530000000000000000e+02 9.999849425526398106e-01
2.540000000000000000e+02 9.999999961150423111e-01
2.550000000000000000e+02 9.999842138442681660e-01
