0.000000000000000000e+00 0.000000000000000000e+00
1.000000000000000000e+00 5.035879644821628087e-02
2.000000000000000000e+00 1.894305308612979077e-01
3.000000000000000000e+00 3.850094944935739116e-01
4.000000000000000000e+00 5.947152654306488984e-01
5.000000000000000000e+00 7.786034180176866215e-01
6.000000000000000000e+00 9.099367256512552737e-01
7.000000000000000000e+00 9.806195672744534297e-01
8.000000000000000000e+00 1.000000000000000000e+00
9.000000000000000000e+00 9.882760345240521049e-01
1.000000000000000000e+01 9.675772212344518897e-01
1.100000000000000000e+01 9.542569045491088309e-01
1.200000000000000000e+01 9.549683628256276924e-01
1.300000000000000000e+01 9.672490263339773575e-01
1.400000000000000000e+01 9.834577659359448054e-01
1.500000000000000000e+01 9.957793724286587711e-01
1.600000000000000000e+01 1.000000000000000000e+00
1.700000000000000000e+01 9.967140442783675169e-01
1.800000000000000000e+01 9.899929695168061539e-01
1.900000000000000000e+01 9.846678267325267297e-01
2.000000000000000000e+01 9.837886106172260003e-01
2.100000000000000000e+01 9.874491733570117669e-01
2.200000000000000000e+01 9.933010787674487752e-01
2.300000000000000000e+01 9.982048370443254992e-01
2.400000000000000000e+01 1.000000000000000000e+00
2.500000000000000000e+01 9.984805740743171176e-01
2.600000000000000000e+01 9.952037309518420027e-01
2.700000000000000000e+01 9.924075246233774461e-01
2.800000000000000000e+01 9.917288829679724582e-01
2.900000000000000000e+01 9.934186509517742847e-01
3.000000000000000000e+01 9.963974690260501976e-01
3.100000000000000000e+01 9.990118197673758527e-01
3.200000000000000000e+01 1.000000000000000000e+00
3.300000000000000000e+01 9.991279695100534486e-01
3.400000000000000000e+01 9.971952613524612818e-01
3.500000000000000000e+01 9.954817024085241828e-01
3.600000000000000000e+01 9.949964847584030769e-01
3.700000000000000000e+01 9.959569652669409967e-01
3.800000000000000000e+01 9.977546552101420607e-01
3.900000000000000000e+01 9.993756468089731726e-01
4.000000000000000000e+01 1.000000000000000000e+00
4.100000000000000000e+01 9.994350736445259953e-01
4.200000000000000000e+01 9.981619739928827562e-01
4.300000000000000000e+01 9.970065362090005934e-01
4.400000000000000000e+01 9.966505393837243876e-01
4.500000000000000000e+01 9.972667088644159294e-01
4.600000000000000000e+01 9.984677325725166419e-01
4.700000000000000000e+01 9.995701035746710206e-01
4.800000000000000000e+01 1.000000000000000000e+00
4.900000000000000000e+01 9.996044809647847140e-01
5.000000000000000000e+01 9.987030888493780845e-01
5.100000000000000000e+01 9.978720051712580696e-01
5.200000000000000000e+01 9.976018654759210014e-01
5.300000000000000000e+01 9.980295783020441958e-01
5.400000000000000000e+01 9.988881077240895356e-01
5.500000000000000000e+01 9.996860690236192282e-01
5.600000000000000000e+01 1.000000000000000000e+00
5.700000000000000000e+01 9.997077127720678247e-01
5.800000000000000000e+01 9.990361837465651096e-01
5.900000000000000000e+01 9.984099642201786917e-01
6.000000000000000000e+01 9.981987345130250988e-01
6.100000000000000000e+01 9.985125196050637086e-01
6.200000000000000000e+01 9.991565354119263942e-01
6.300000000000000000e+01 9.997607353984500067e-01
6.400000000000000000e+01 1.000000000000000000e+00
6.500000000000000000e+01 9.997752328512303777e-01
6.600000000000000000e+01 9.992556754186053825e-01
6.700000000000000000e+01 9.987670050012122935e-01
6.800000000000000000e+01 9.985976306762306409e-01
6.900000000000000000e+01 9.988374470595341448e-01
7.000000000000000000e+01 9.993383106374378322e-01
7.100000000000000000e+01 9.998116165039572234e-01
7.200000000000000000e+01 1.000000000000000000e+00
7.300000000000000000e+01 9.998217974847903866e-01
7.400000000000000000e+01 9.994079112716298674e-01
7.500000000000000000e+01 9.990160151911897657e-01
7.600000000000000000e+01 9.988773276050710859e-01
7.700000000000000000e+01 9.990664674397777834e-01
7.800000000000000000e+01 9.994670812168713336e-01
7.900000000000000000e+01 9.998478382945759080e-01
8.000000000000000000e+01 1.000000000000000000e+00
8.100000000000000000e+01 9.998552596854821672e-01
8.200000000000000000e+01 9.995178051938496955e-01
8.300000000000000000e+01 9.991965576209089761e-01
8.400000000000000000e+01 9.990809869964414336e-01
8.500000000000000000e+01 9.992339218616529406e-01
8.600000000000000000e+01 9.995616173774263258e-01
8.700000000000000000e+01 9.998745354467496460e-01
8.800000000000000000e+01 1.000000000000000000e+00
8.900000000000000000e+01 9.998801109451392888e-01
9.000000000000000000e+01 9.995997187806722195e-01
9.100000000000000000e+01 9.993316127823260731e-01
9.200000000000000000e+01 9.992338662862583210e-01
9.300000000000000000e+01 9.993600515031150211e-01
9.400000000000000000e+01 9.996330604485564875e-01
9.500000000000000000e+01 9.998947765979443458e-01
9.600000000000000000e+01 1.000000000000000000e+00
9.700000000000000000e+01 9.998990709742212601e-01
9.800000000000000000e+01 9.996624033864478509e-01
9.900000000000000000e+01 9.994352704265322407e-01
1.000000000000000000e+02 9.993515444246889867e-01
1.010000000000000000e+02 9.994574145133263698e-01
1.020000000000000000e+02 9.996883623724956980e-01
1.030000000000000000e+02 9.999104872086387319e-01
1.040000000000000000e+02 1.000000000000000000e+00
1.050000000000000000e+02 9.999138647434420157e-01
1.060000000000000000e+02 9.997114384232329565e-01
1.070000000000000000e+02 9.995165591274732808e-01
1.080000000000000000e+02 9.994440538620448233e-01
1.090000000000000000e+02 9.995341373159196685e-01
1.100000000000000000e+02 9.997320431506979688e-01
1.110000000000000000e+02 9.999229249895664751e-01
1.120000000000000000e+02 1.000000000000000000e+00
1.130000000000000000e+02 9.999256291641043237e-01
1.140000000000000000e+02 9.997505172455714018e-01
1.150000000000000000e+02 9.995814809414322877e-01
1.160000000000000000e+02 9.995180918732825548e-01
1.170000000000000000e+02 9.995956669917774873e-01
1.180000000000000000e+02 9.997671446512097493e-01
1.190000000000000000e+02 9.999329396791503122e-01
1.200000000000000000e+02 1.000000000000000000e+00
1.210000000000000000e+02 9.999351382280204925e-01
1.220000000000000000e+02 9.997821635396025863e-01
1.230000000000000000e+02 9.996341519895857175e-01
1.240000000000000000e+02 9.995782677059632526e-01
1.250000000000000000e+02 9.996457654688283290e-01
1.260000000000000000e+02 9.997957748880981210e-01
1.270000000000000000e+02 9.999411221276240935e-01
