0.000000000000000000e+00 0.000000000000000000e+00
1.000000000000000000e+00 1.894305308612979077e-01
2.000000000000000000e+00 5.947152654306488984e-01
3.000000000000000000e+00 9.099367256512552737e-01
4.000000000000000000e+00 1.000000000000000000e+00
5.000000000000000000e+00 9.675772212344518897e-01
6.000000000000000000e+00 9.549683628256276924e-01
7.000000000000000000e+00 9.834577659359448054e-01
8.000000000000000000e+00 1.000000000000000000e+00
9.000000000000000000e+00 9.899929695168061539e-01
1.000000000000000000e+01 9.837886106172260003e-01
1.100000000000000000e+01 9.933010787674487752e-01
1.200000000000000000e+01 1.000000000000000000e+00
1.300000000000000000e+01 9.952037309518420027e-01
1.400000000000000000e+01 9.917288829679724582e-01
1.500000000000000000e+01 9.963974690260501976e-01
1.600000000000000000e+01 1.000000000000000000e+00
1.700000000000000000e+01 9.971952613524612818e-01
1.800000000000000000e+01 9.949964847584030769e-01
1.900000000000000000e+01 9.977546552101420607e-01
2.000000000000000000e+01 1.000000000000000000e+00
2.100000000000000000e+01 9.981619739928827562e-01
2.200000000000000000e+01 9.966505393837243876e-01
2.300000000000000000e+01 9.984677325725166419e-01
2.400000000000000000e+01 1.000000000000000000e+00
2.500000000000000000e+01 9.987030888493780845e-01
2.600000000000000000e+01 9.976018654759210014e-01
2.700000000000000000e+01 9.988881077240895356e-01
2.800000000000000000e+01 1.000000000000000000e+00
2.900000000000000000e+01 9.990361837465651096e-01
3.000000000000000000e+01 9.981987345130250988e-01
3.100000000000000000e+01 9.991565354119263942e-01
3.200000000000000000e+01 1.000000000000000000e+00
3.300000000000000000e+01 9.992556754186053825e-01
3.400000000000000000e+01 9.985976306762306409e-01
3.500000000000000000e+01 9.993383106374378322e-01
3.600000000000000000e+01 1.000000000000000000e+00
3.700000000000000000e+01 9.994079112716298674e-01
3.800000000000000000e+01 9.988773276050710859e-01
3.900000000000000000e+01 9.994670812168713336e-01
4.000000000000000000e+01 1.000000000000000000e+00
4.100000000000000000e+01 9.995178051938496955e-01
4.200000000000000000e+01 9.990809869964414336e-01
4.300000000000000000e+01 9.995616173774263258e-01
4.400000000000000000e+01 1.000000000000000000e+00
4.500000000000000000e+01 9.995997187806722195e-01
4.600000000000000000e+01 9.992338662862583210e-01
4.700000000000000000e+01 9.996330604485564875e-01
4.800000000000000000e+01 1.000000000000000000e+00
4.900000000000000000e+01 9.996624033864478509e-01
5.000000000000000000e+01 9.993515444246889867e-01
5.100000000000000000e+01 9.996883623724956980e-01
5.200000000000000000e+01 1.000000000000000000e+00
5.300000000000000000e+01 9.997114384232329565e-01
5.400000000000000000e+01 9.994440538620448233e-01
5.500000000000000000e+01 9.997320431506979688e-01
5.600000000000000000e+01 1.000000000000000000e+00
5.700000000000000000e+01 9.997505172455714018e-01
5.800000000000000000e+01 9.995180918732825548e-01
5.900000000000000000e+01 9.997671446512097493e-01
6.000000000000000000e+01 1.000000000000000000e+00
6.100000000000000000e+01 9.997821635396025863e-01
6.200000000000000000e+01 9.995782677059632526e-01
6.300000000000000000e+01 9.997957748880981210e-01
