0.000000000000000 512.000000000000000
1.000000000000000 0.000012549787975
2.000000000000000 0.000050198395914
3.000000000000000 0.000112943555929
4.000000000000000 0.000200781488403
5.000000000000000 0.000313706902304
6.000000000000000 0.000451712995607
7.000000000000000 0.000614791455842
8.000000000000000 0.000802932460769
9.000000000000000 0.001016124679165
10.000000000000000 0.001254355271743
11.000000000000000 0.001517609892184
12.000000000000000 0.001805872688296
13.000000000000000 0.002119126303292
14.000000000000000 0.002457351877191
15.000000000000000 0.002820529048336
16.000000000000000 0.003208635955039
17.000000000000000 0.003621649237345
18.000000000000000 0.004059544038911
19.000000000000000 0.004522294009015
20.000000000000000 0.005009871304677
21.000000000000000 0.005522246592905
22.000000000000000 0.006059389053061
23.000000000000000 0.006621266379340
24.000000000000000 0.007207844783383
25.000000000000000 0.007819088996989
26.000000000000000 0.008454962274965
27.000000000000000 0.009115426398085
28.000000000000000 0.009800441676164
29.000000000000000 0.010509966951263
30.000000000000000 0.011243959600998
31.000000000000000 0.012002375541976
32.000000000000000 0.012785169233342
33.000000000000000 0.013592293680447
34.000000000000000 0.014423700438633
35.000000000000000 0.015279339617128
36.000000000000000 0.016159159883067
37.000000000000000 0.017063108465616
38.000000000000000 0.017991131160223
39.000000000000000 0.018943172332976
40.000000000000000 0.019919174925077
41.000000000000000 0.020919080457431
42.000000000000000 0.021942829035350
43.000000000000000 0.022990359353365
44.000000000000000 0.024061608700152
45.000000000000000 0.025156512963575
46.000000000000000 0.026275006635837
47.000000000000000 0.027417022818736
48.000000000000000 0.028582493229045
49.000000000000000 0.029771348203990
50.000000000000000 0.030983516706846
51.000000000000000 0.032218926332632
52.000000000000000 0.033477503313930
53.000000000000000 0.034759172526793
54.000000000000000 0.036063857496779
55.000000000000000 0.037391480405079
56.000000000000000 0.038741962094754
57.000000000000000 0.040115222077083
58.000000000000000 0.041511178538010
59.000000000000000 0.042929748344698
60.000000000000000 0.044370847052190
61.000000000000000 0.045834388910165
62.000000000000000 0.047320286869804
63.000000000000000 0.048828452590760
64.000000000000000 0.050358796448216
65.000000000000000 0.051911227540064
66.000000000000000 0.053485653694164
67.000000000000000 0.055081981475715
68.000000000000000 0.056700116194723
69.000000000000000 0.058339961913561
70.000000000000000 0.060001421454633
71.000000000000000 0.061684396408132
72.000000000000000 0.063388787139893
73.000000000000000 0.065114492799342
74.000000000000000 0.066861411327539
75.000000000000000 0.068629439465316
76.000000000000000 0.070418472761508
77.000000000000000 0.072228405581269
78.000000000000000 0.074059131114495
79.000000000000000 0.075910541384319
80.000000000000000 0.077782527255710
81.000000000000000 0.079674978444154
82.000000000000000 0.081587783524424
83.000000000000000 0.083520829939439
84.000000000000000 0.085474004009210
85.000000000000000 0.087447190939868
86.000000000000000 0.089440274832783
87.000000000000000 0.091453138693758
88.000000000000000 0.093485664442316
89.000000000000000 0.095537732921063
90.000000000000000 0.097609223905135
91.000000000000000 0.099700016111725
92.000000000000000 0.101809987209688
93.000000000000000 0.103939013829228
94.000000000000000 0.106086971571661
95.000000000000000 0.108253735019256
96.000000000000000 0.110439177745147
97.000000000000000 0.112643172323332
98.000000000000000 0.114865590338732
99.000000000000000 0.117106302397335
100.000000000000000 0.119365178136404
101.000000000000000 0.121642086234762
102.000000000000000 0.123936894423145
103.000000000000000 0.126249469494624
104.000000000000000 0.128579677315101
105.000000000000000 0.130927382833859
106.000000000000000 0.133292450094199
107.000000000000000 0.135674742244124
108.000000000000000 0.138074121547097
109.000000000000000 0.140490449392863
110.000000000000000 0.142923586308327
111.000000000000000 0.145373391968505
112.000000000000000 0.147839725207522
113.000000000000000 0.150322444029683
114.000000000000000 0.152821405620592
115.000000000000000 0.155336466358332
116.000000000000000 0.157867481824708
117.000000000000000 0.160414306816537
118.000000000000000 0.162976795356993
119.000000000000000 0.165554800707014
120.000000000000000 0.168148175376752
121.000000000000000 0.170756771137078
122.000000000000000 0.173380439031139
123.000000000000000 0.176019029385963
124.000000000000000 0.178672391824110
125.000000000000000 0.181340375275374
126.000000000000000 0.184022827988528
127.000000000000000 0.186719597543119
128.000000000000000 0.189430530861298
129.000000000000000 0.192155474219701
130.000000000000000 0.194894273261368
131.000000000000000 0.197646773007709
132.000000000000000 0.200412817870494
133.000000000000000 0.203192251663903
134.000000000000000 0.205984917616592
135.000000000000000 0.208790658383816
136.000000000000000 0.211609316059569
137.000000000000000 0.214440732188768
138.000000000000000 0.217284747779471
139.000000000000000 0.220141203315120
140.000000000000000 0.223009938766823
141.000000000000000 0.225890793605657
142.000000000000000 0.228783606815007
143.000000000000000 0.231688216902928
144.000000000000000 0.234604461914537
145.000000000000000 0.237532179444426
146.000000000000000 0.240471206649102
147.000000000000000 0.243421380259448
148.000000000000000 0.246382536593210
149.000000000000000 0.249354511567498
150.000000000000000 0.252337140711315
151.000000000000000 0.255330259178093
152.000000000000000 0.258333701758262
153.000000000000000 0.261347302891817
154.000000000000000 0.264370896680916
155.000000000000000 0.267404316902485
156.000000000000000 0.270447397020832
157.000000000000000 0.273499970200281
158.000000000000000 0.276561869317811
159.000000000000000 0.279632926975704
160.000000000000000 0.282712975514209
161.000000000000000 0.285801847024198
162.000000000000000 0.288899373359846
163.000000000000000 0.292005386151305
164.000000000000000 0.295119716817378
165.000000000000000 0.298242196578212
166.000000000000000 0.301372656467971
167.000000000000000 0.304510927347530
168.000000000000000 0.307656839917153
169.000000000000000 0.310810224729175
170.000000000000000 0.313970912200683
171.000000000000000 0.317138732626191
172.000000000000000 0.320313516190306
173.000000000000000 0.323495092980394
174.000000000000000 0.326683292999233
175.000000000000000 0.329877946177662
176.000000000000000 0.333078882387218
177.000000000000000 0.336285931452759
178.000000000000000 0.339498923165081
179.000000000000000 0.342717687293520
180.000000000000000 0.345942053598535
181.000000000000000 0.349171851844285
182.000000000000000 0.352406911811176
183.000000000000000 0.355647063308409
184.000000000000000 0.358892136186490
185.000000000000000 0.362141960349733
186.000000000000000 0.365396365768739
187.000000000000000 0.368655182492852
188.000000000000000 0.371918240662591
189.000000000000000 0.375185370522060
190.000000000000000 0.378456402431336
191.000000000000000 0.381731166878820
192.000000000000000 0.385009494493574
193.000000000000000 0.388291216057620
194.000000000000000 0.391576162518213
195.000000000000000 0.394864165000086
196.000000000000000 0.398155054817657
197.000000000000000 0.401448663487209
198.000000000000000 0.404744822739035
199.000000000000000 0.408043364529546
200.000000000000000 0.411344121053346
201.000000000000000 0.414646924755270
202.000000000000000 0.417951608342378
203.000000000000000 0.421258004795924
204.000000000000000 0.424565947383269
205.000000000000000 0.427875269669764
206.000000000000000 0.431185805530585
207.000000000000000 0.434497389162529
208.000000000000000 0.437809855095768
209.000000000000000 0.441123038205545
210.000000000000000 0.444436773723845
211.000000000000000 0.447750897251000
212.000000000000000 0.451065244767255
213.000000000000000 0.454379652644287
214.000000000000000 0.457693957656665
215.000000000000000 0.461007996993273
216.000000000000000 0.464321608268666
217.000000000000000 0.467634629534383
218.000000000000000 0.470946899290204
219.000000000000000 0.474258256495352
220.000000000000000 0.477568540579639
221.000000000000000 0.480877591454557
222.000000000000000 0.484185249524307
223.000000000000000 0.487491355696777
224.000000000000000 0.490795751394453
225.000000000000000 0.494098278565277
226.000000000000000 0.497398779693439
227.000000000000000 0.500697097810107
228.000000000000000 0.503993076504095
229.000000000000000 0.507286559932473
230.000000000000000 0.510577392831099
231.000000000000000 0.513865420525101
232.000000000000000 0.517150488939279
233.000000000000000 0.520432444608454
234.000000000000000 0.523711134687730
235.000000000000000 0.526986406962708
236.000000000000000 0.530258109859615
237.000000000000000 0.533526092455371
238.000000000000000 0.536790204487578
239.000000000000000 0.540050296364444
240.000000000000000 0.543306219174627
241.000000000000000 0.546557824697012
242.000000000000000 0.549804965410407
243.000000000000000 0.553047494503171
244.000000000000000 0.556285265882758
245.000000000000000 0.559518134185190
246.000000000000000 0.562745954784451
247.000000000000000 0.565968583801800
248.000000000000000 0.569185878115009
249.000000000000000 0.572397695367521
250.000000000000000 0.575603893977523
251.000000000000000 0.578804333146941
252.000000000000000 0.581998872870358
253.000000000000000 0.585187373943836
254.000000000000000 0.588369697973672
255.000000000000000 0.591545707385055
256.000000000000000 0.594715265430649
257.000000000000000 0.597878236199083
258.000000000000000 0.601034484623361
259.000000000000000 0.604183876489185
260.000000000000000 0.607326278443183
261.000000000000000 0.610461558001063
262.000000000000000 0.613589583555666
263.000000000000000 0.616710224384937
264.000000000000000 0.619823350659801
265.000000000000000 0.622928833451961
266.000000000000000 0.626026544741588
267.000000000000000 0.629116357424933
268.000000000000000 0.632198145321841
269.000000000000000 0.635271783183175
270.000000000000000 0.638337146698149
271.000000000000000 0.641394112501561
272.000000000000000 0.644442558180938
273.000000000000000 0.647482362283587
274.000000000000000 0.650513404323544
275.000000000000000 0.653535564788440
276.000000000000000 0.656548725146255
277.000000000000000 0.659552767851993
278.000000000000000 0.662547576354243
279.000000000000000 0.665533035101660
280.000000000000000 0.668509029549334
281.000000000000000 0.671475446165067
282.000000000000000 0.674432172435556
283.000000000000000 0.677379096872464
284.000000000000000 0.680316109018410
285.000000000000000 0.683243099452841
286.000000000000000 0.686159959797815
287.000000000000000 0.689066582723684
288.000000000000000 0.691962861954669
289.000000000000000 0.694848692274338
290.000000000000000 0.697723969530986
291.000000000000000 0.700588590642907
292.000000000000000 0.703442453603567
293.000000000000000 0.706285457486675
294.000000000000000 0.709117502451150
295.000000000000000 0.711938489745988
296.000000000000000 0.714748321715017
297.000000000000000 0.717546901801563
298.000000000000000 0.720334134553000
299.000000000000000 0.723109925625201
300.000000000000000 0.725874181786883
301.000000000000000 0.728626810923850
302.000000000000000 0.731367722043129
303.000000000000000 0.734096825277003
304.000000000000000 0.736814031886938
305.000000000000000 0.739519254267404
306.000000000000000 0.742212405949591
307.000000000000000 0.744893401605023
308.000000000000000 0.747562157049061
309.000000000000000 0.750218589244302
310.000000000000000 0.752862616303875
311.000000000000000 0.755494157494625
312.000000000000000 0.758113133240198
313.000000000000000 0.760719465124014
314.000000000000000 0.763313075892137
315.000000000000000 0.765893889456035
316.000000000000000 0.768461830895240
317.000000000000000 0.771016826459894
318.000000000000000 0.773558803573192
319.000000000000000 0.776087690833721
320.000000000000000 0.778603418017687
321.000000000000000 0.781105916081038
322.000000000000000 0.783595117161483
323.000000000000000 0.786070954580400
324.000000000000000 0.788533362844637
325.000000000000000 0.790982277648213
326.000000000000000 0.793417635873907
327.000000000000000 0.795839375594737
328.000000000000000 0.798247436075344
329.000000000000000 0.800641757773259
330.000000000000000 0.803022282340068
331.000000000000000 0.805388952622472
332.000000000000000 0.807741712663236
333.000000000000000 0.810080507702041
334.000000000000000 0.812405284176220
335.000000000000000 0.814715989721394
336.000000000000000 0.817012573172003
337.000000000000000 0.819294984561728
338.000000000000000 0.821563175123812
339.000000000000000 0.823817097291271
340.000000000000000 0.826056704697007
341.000000000000000 0.828281952173807
342.000000000000000 0.830492795754247
343.000000000000000 0.832689192670486
344.000000000000000 0.834871101353956
345.000000000000000 0.837038481434953
346.000000000000000 0.839191293742118
347.000000000000000 0.841329500301820
348.000000000000000 0.843453064337431
349.000000000000000 0.845561950268504
350.000000000000000 0.847656123709843
351.000000000000000 0.849735551470477
352.000000000000000 0.851800201552522
353.000000000000000 0.853850043149955
354.000000000000000 0.855885046647274
355.000000000000000 0.857905183618066
356.000000000000000 0.859910426823467
357.000000000000000 0.861900750210533
358.000000000000000 0.863876128910494
359.000000000000000 0.865836539236928
360.000000000000000 0.867781958683818
361.000000000000000 0.869712365923525
362.000000000000000 0.871627740804650
363.000000000000000 0.873528064349809
364.000000000000000 0.875413318753303
365.000000000000000 0.877283487378693
366.000000000000000 0.879138554756280
367.000000000000000 0.880978506580486
368.000000000000000 0.882803329707141
369.000000000000000 0.884613012150674
370.000000000000000 0.886407543081211
371.000000000000000 0.888186912821573
372.000000000000000 0.889951112844185
373.000000000000000 0.891700135767895
374.000000000000000 0.893433975354687
375.000000000000000 0.895152626506318
376.000000000000000 0.896856085260849
377.000000000000000 0.898544348789093
378.000000000000000 0.900217415390971
379.000000000000000 0.901875284491773
380.000000000000000 0.903517956638334
381.000000000000000 0.905145433495121
382.000000000000000 0.906757717840226
383.000000000000000 0.908354813561276
384.000000000000000 0.909936725651255
385.000000000000000 0.911503460204237
386.000000000000000 0.913055024411030
387.000000000000000 0.914591426554746
388.000000000000000 0.916112676006267
389.000000000000000 0.917618783219647
390.000000000000000 0.919109759727413
391.000000000000000 0.920585618135792
392.000000000000000 0.922046372119854
393.000000000000000 0.923492036418572
394.000000000000000 0.924922626829800
395.000000000000000 0.926338160205169
396.000000000000000 0.927738654444912
397.000000000000000 0.929124128492592
398.000000000000000 0.930494602329772
399.000000000000000 0.931850096970591
400.000000000000000 0.933190634456270
401.000000000000000 0.934516237849540
402.000000000000000 0.935826931228997
403.000000000000000 0.937122739683371
404.000000000000000 0.938403689305738
405.000000000000000 0.939669807187642
406.000000000000000 0.940921121413153
407.000000000000000 0.942157661052848
408.000000000000000 0.943379456157729
409.000000000000000 0.944586537753053
410.000000000000000 0.945778937832114
411.000000000000000 0.946956689349938
412.000000000000000 0.948119826216915
413.000000000000000 0.949268383292370
414.000000000000000 0.950402396378055
415.000000000000000 0.951521902211585
416.000000000000000 0.952626938459801
417.000000000000000 0.953717543712074
418.000000000000000 0.954793757473542
419.000000000000000 0.955855620158287
420.000000000000000 0.956903173082442
421.000000000000000 0.957936458457249
422.000000000000000 0.958955519382042
423.000000000000000 0.959960399837185
424.000000000000000 0.960951144676938
425.000000000000000 0.961927799622273
426.000000000000000 0.962890411253627
427.000000000000000 0.963839027003606
428.000000000000000 0.964773695149625
429.000000000000000 0.965694464806499
430.000000000000000 0.966601385918974
431.000000000000000 0.967494509254214
432.000000000000000 0.968373886394229
433.000000000000000 0.969239569728248
434.000000000000000 0.970091612445054
435.000000000000000 0.970930068525255
436.000000000000000 0.971754992733516
437.000000000000000 0.972566440610740
438.000000000000000 0.973364468466200
439.000000000000000 0.974149133369626
440.000000000000000 0.974920493143250
441.000000000000000 0.975678606353800
442.000000000000000 0.976423532304456
443.000000000000000 0.977155331026759
444.000000000000000 0.977874063272484
445.000000000000000 0.978579790505464
446.000000000000000 0.979272574893381
447.000000000000000 0.979952479299515
448.000000000000000 0.980619567274453
449.000000000000000 0.981273903047766
450.000000000000000 0.981915551519642
451.000000000000000 0.982544578252490
452.000000000000000 0.983161049462506
453.000000000000000 0.983765032011208
454.000000000000000 0.984356593396931
455.000000000000000 0.984935801746303
456.000000000000000 0.985502725805676
457.000000000000000 0.986057434932537
458.000000000000000 0.986599999086881
459.000000000000000 0.987130488822569
460.000000000000000 0.987648975278643
461.000000000000000 0.988155530170624
462.000000000000000 0.988650225781784
463.000000000000000 0.989133134954391
464.000000000000000 0.989604331080929
465.000000000000000 0.990063888095302
466.000000000000000 0.990511880464005
467.000000000000000 0.990948383177287
468.000000000000000 0.991373471740282
469.000000000000000 0.991787222164131
470.000000000000000 0.992189710957077
471.000000000000000 0.992581015115551
472.000000000000000 0.992961212115233
473.000000000000000 0.993330379902107
474.000000000000000 0.993688596883492
475.000000000000000 0.994035941919067
476.000000000000000 0.994372494311880
477.000000000000000 0.994698333799344
478.000000000000000 0.995013540544227
479.000000000000000 0.995318195125623
480.000000000000000 0.995612378529926
481.000000000000000 0.995896172141786
482.000000000000000 0.996169657735063
483.000000000000000 0.996432917463772
484.000000000000000 0.996686033853025
485.000000000000000 0.996929089789964
486.000000000000000 0.997162168514699
487.000000000000000 0.997385353611235
488.000000000000000 0.997598728998401
489.000000000000000 0.997802378920775
490.000000000000000 0.997996387939616
491.000000000000000 0.998180840923787
492.000000000000000 0.998355823040691
493.000000000000000 0.998521419747200
494.000000000000000 0.998677716780592
495.000000000000000 0.998824800149493
496.000000000000000 0.998962756124823
497.000000000000000 0.999091671230748
498.000000000000000 0.999211632235641
499.000000000000000 0.999322726143049
500.000000000000000 0.999425040182668
501.000000000000000 0.999518661801335
502.000000000000000 0.999603678654018
503.000000000000000 0.999680178594829
504.000000000000000 0.999748249668043
505.000000000000000 0.999807980099133
506.000000000000000 0.999859458285819
507.000000000000000 0.999902772789128
508.000000000000000 0.999938012324477
509.000000000000000 0.999965265752765
510.000000000000000 0.999984622071486
511.000000000000000 0.999996170405865
512.000000000000000 1.000000000000000
513.000000000000000 0.999996200208040
514.000000000000000 0.999984860485373
515.000000000000000 0.999966070379836
516.000000000000000 0.999939919522955
517.000000000000000 0.999906497621199
518.000000000000000 0.999865894447265
519.000000000000000 0.999818199831384
520.000000000000000 0.999763503652653
521.000000000000000 0.999701895830398
522.000000000000000 0.999633466315553
523.000000000000000 0.999558305082083
524.000000000000000 0.999476502118419
525.000000000000000 0.999388147418940
526.000000000000000 0.999293330975466
527.000000000000000 0.999192142768799
528.000000000000000 0.999084672760289
529.000000000000000 0.998971010883429
530.000000000000000 0.998851247035488
531.000000000000000 0.998725471069181
532.000000000000000 0.998593772784364
533.000000000000000 0.998456241919777
534.000000000000000 0.998312968144811
535.000000000000000 0.998164041051322
536.000000000000000 0.998009550145478
537.000000000000000 0.997849584839643
538.000000000000000 0.997684234444307
539.000000000000000 0.997513588160044
540.000000000000000 0.997337735069527
541.000000000000000 0.997156764129568
542.000000000000000 0.996970764163209
543.000000000000000 0.996779823851856
544.000000000000000 0.996584031727451
545.000000000000000 0.996383476164693
546.000000000000000 0.996178245373301
547.000000000000000 0.995968427390322
548.000000000000000 0.995754110072488
549.000000000000000 0.995535381088614
550.000000000000000 0.995312327912051
551.000000000000000 0.995085037813177
552.000000000000000 0.994853597851948
553.000000000000000 0.994618094870488
554.000000000000000 0.994378615485730
555.000000000000000 0.994135246082118
556.000000000000000 0.993888072804343
557.000000000000000 0.993637181550146
558.000000000000000 0.993382657963160
559.000000000000000 0.993124587425817
560.000000000000000 0.992863055052295
561.000000000000000 0.992598145681533
562.000000000000000 0.992329943870288
563.000000000000000 0.992058533886251
564.000000000000000 0.991783999701225
565.000000000000000 0.991506424984346
566.000000000000000 0.991225893095371
567.000000000000000 0.990942487078019
568.000000000000000 0.990656289653371
569.000000000000000 0.990367383213322
570.000000000000000 0.990075849814102
571.000000000000000 0.989781771169846
572.000000000000000 0.989485228646229
573.000000000000000 0.989186303254159
574.000000000000000 0.988885075643529
575.000000000000000 0.988581626097037
576.000000000000000 0.988276034524052
577.000000000000000 0.987968380454562
578.000000000000000 0.987658743033165
579.000000000000000 0.987347201013135
580.000000000000000 0.987033832750548
581.000000000000000 0.986718716198466
582.000000000000000 0.986401928901193
583.000000000000000 0.986083547988589
584.000000000000000 0.985763650170451
585.000000000000000 0.985442311730960
586.000000000000000 0.985119608523191
587.000000000000000 0.984795615963689
588.000000000000000 0.984470409027114
589.000000000000000 0.984144062240946
590.000000000000000 0.983816649680266
591.000000000000000 0.983488244962593
592.000000000000000 0.983158921242800
593.000000000000000 0.982828751208086
594.000000000000000 0.982497807073026
595.000000000000000 0.982166160574685
596.000000000000000 0.981833882967797
597.000000000000000 0.981501045020021
598.000000000000000 0.981167717007257
599.000000000000000 0.980833968709042
600.000000000000000 0.980499869404004
601.000000000000000 0.980165487865393
602.000000000000000 0.979830892356684
603.000000000000000 0.979496150627243
604.000000000000000 0.979161329908071
605.000000000000000 0.978826496907613
606.000000000000000 0.978491717807642
607.000000000000000 0.978157058259213
608.000000000000000 0.977822583378688
609.000000000000000 0.977488357743832
610.000000000000000 0.977154445389984
611.000000000000000 0.976820909806296
612.000000000000000 0.976487813932045
613.000000000000000 0.976155220153022
614.000000000000000 0.975823190297983
615.000000000000000 0.975491785635187
616.000000000000000 0.975161066868992
617.000000000000000 0.974831094136535
618.000000000000000 0.974501927004478
619.000000000000000 0.974173624465833
620.000000000000000 0.973846244936851
621.000000000000000 0.973519846253994
622.000000000000000 0.973194485670978
623.000000000000000 0.972870219855883
624.000000000000000 0.972547104888342
625.000000000000000 0.972225196256806
626.000000000000000 0.971904548855876
627.000000000000000 0.971585216983710
628.000000000000000 0.971267254339510
629.000000000000000 0.970950714021074
630.000000000000000 0.970635648522426
631.000000000000000 0.970322109731521
632.000000000000000 0.970010148928019
633.000000000000000 0.969699816781139
634.000000000000000 0.969391163347579
635.000000000000000 0.969084238069515
636.000000000000000 0.968779089772674
637.000000000000000 0.968475766664476
638.000000000000000 0.968174316332254
639.000000000000000 0.967874785741544
640.000000000000000 0.967577221234452
641.000000000000000 0.967281668528090
642.000000000000000 0.966988172713088
643.000000000000000 0.966696778252179
644.000000000000000 0.966407528978858
645.000000000000000 0.966120468096107
646.000000000000000 0.965835638175204
647.000000000000000 0.965553081154598
648.000000000000000 0.965272838338853
649.000000000000000 0.964994950397675
650.000000000000000 0.964719457364999
651.000000000000000 0.964446398638161
652.000000000000000 0.964175812977130
653.000000000000000 0.963907738503817
654.000000000000000 0.963642212701460
655.000000000000000 0.963379272414074
656.000000000000000 0.963118953845971
657.000000000000000 0.962861292561361
658.000000000000000 0.962606323484013
659.000000000000000 0.962354080896992
660.000000000000000 0.962104598442465
661.000000000000000 0.961857909121580
662.000000000000000 0.961614045294413
663.000000000000000 0.961373038679979
664.000000000000000 0.961134920356326
665.000000000000000 0.960899720760686
666.000000000000000 0.960667469689700
667.000000000000000 0.960438196299711
668.000000000000000 0.960211929107128
669.000000000000000 0.959988695988852
670.000000000000000 0.959768524182780
671.000000000000000 0.959551440288363
672.000000000000000 0.959337470267245
673.000000000000000 0.959126639443962
674.000000000000000 0.958918972506705
675.000000000000000 0.958714493508157
676.000000000000000 0.958513225866392
677.000000000000000 0.958315192365837
678.000000000000000 0.958120415158307
679.000000000000000 0.957928915764097
680.000000000000000 0.957740715073144
681.000000000000000 0.957555833346249
682.000000000000000 0.957374290216372
683.000000000000000 0.957196104689977
684.000000000000000 0.957021295148452
685.000000000000000 0.956849879349588
686.000000000000000 0.956681874429117
687.000000000000000 0.956517296902320
688.000000000000000 0.956356162665686
689.000000000000000 0.956198486998644
690.000000000000000 0.956044284565349
691.000000000000000 0.955893569416525
692.000000000000000 0.955746354991381
693.000000000000000 0.955602654119573
694.000000000000000 0.955462479023232
695.000000000000000 0.955325841319053
696.000000000000000 0.955192752020432
697.000000000000000 0.955063221539678
698.000000000000000 0.954937259690264
699.000000000000000 0.954814875689146
700.000000000000000 0.954696078159140
701.000000000000000 0.954580875131346
702.000000000000000 0.954469274047636
703.000000000000000 0.954361281763194
704.000000000000000 0.954256904549109
705.000000000000000 0.954156148095026
706.000000000000000 0.954059017511848
707.000000000000000 0.953965517334492
708.000000000000000 0.953875651524696
709.000000000000000 0.953789423473883
710.000000000000000 0.953706836006073
711.000000000000000 0.953627891380842
712.000000000000000 0.953552591296344
713.000000000000000 0.953480936892371
714.000000000000000 0.953412928753467
715.000000000000000 0.953348566912094
716.000000000000000 0.953287850851842
717.000000000000000 0.953230779510691
718.000000000000000 0.953177351284316
719.000000000000000 0.953127564029444
720.000000000000000 0.953081415067252
721.000000000000000 0.953038901186818
722.000000000000000 0.953000018648609
723.000000000000000 0.952964763188022
724.000000000000000 0.952933130018962
725.000000000000000 0.952905113837467
726.000000000000000 0.952880708825377
727.000000000000000 0.952859908654046
728.000000000000000 0.952842706488088
729.000000000000000 0.952829094989180
730.000000000000000 0.952819066319887
731.000000000000000 0.952812612147544
732.000000000000000 0.952809723648165
733.000000000000000 0.952810391510401
734.000000000000000 0.952814605939527
735.000000000000000 0.952822356661474
736.000000000000000 0.952833632926896
737.000000000000000 0.952848423515273
738.000000000000000 0.952866716739048
739.000000000000000 0.952888500447807
740.000000000000000 0.952913762032485
741.000000000000000 0.952942488429610
742.000000000000000 0.952974666125582
743.000000000000000 0.953010281160984
744.000000000000000 0.953049319134921
745.000000000000000 0.953091765209402
746.000000000000000 0.953137604113739
747.000000000000000 0.953186820148986
748.000000000000000 0.953239397192408
749.000000000000000 0.953295318701973
750.000000000000000 0.953354567720879
751.000000000000000 0.953417126882104
752.000000000000000 0.953482978412988
753.000000000000000 0.953552104139841
754.000000000000000 0.953624485492572
755.000000000000000 0.953700103509351
756.000000000000000 0.953778938841291
757.000000000000000 0.953860971757155
758.000000000000000 0.953946182148091
759.000000000000000 0.954034549532382
760.000000000000000 0.954126053060224
761.000000000000000 0.954220671518528
762.000000000000000 0.954318383335736
763.000000000000000 0.954419166586662
764.000000000000000 0.954522998997353
765.000000000000000 0.954629857949970
766.000000000000000 0.954739720487680
767.000000000000000 0.954852563319581
768.000000000000000 0.954968362825628
769.000000000000000 0.955087095061584
770.000000000000000 0.955208735763990
771.000000000000000 0.955333260355142
772.000000000000000 0.955460643948091
773.000000000000000 0.955590861351651
774.000000000000000 0.955723887075421
775.000000000000000 0.955859695334829
776.000000000000000 0.955998260056172
777.000000000000000 0.956139554881684
778.000000000000000 0.956283553174602
779.000000000000000 0.956430228024254
780.000000000000000 0.956579552251144
781.000000000000000 0.956731498412059
782.000000000000000 0.956886038805174
783.000000000000000 0.957043145475171
784.000000000000000 0.957202790218364
785.000000000000000 0.957364944587827
786.000000000000000 0.957529579898533
787.000000000000000 0.957696667232499
788.000000000000000 0.957866177443926
789.000000000000000 0.958038081164355
790.000000000000000 0.958212348807821
791.000000000000000 0.958388950576010
792.000000000000000 0.958567856463415
793.000000000000000 0.958749036262505
794.000000000000000 0.958932459568878
795.000000000000000 0.959118095786431
796.000000000000000 0.959305914132517
797.000000000000000 0.959495883643111
798.000000000000000 0.959687973177967
799.000000000000000 0.959882151425776
800.000000000000000 0.960078386909325
801.000000000000000 0.960276647990644
802.000000000000000 0.960476902876157
803.000000000000000 0.960679119621829
804.000000000000000 0.960883266138299
805.000000000000000 0.961089310196017
806.000000000000000 0.961297219430370
807.000000000000000 0.961506961346804
808.000000000000000 0.961718503325934
809.000000000000000 0.961931812628654
810.000000000000000 0.962146856401226
811.000000000000000 0.962363601680376
812.000000000000000 0.962582015398365
813.000000000000000 0.962802064388060
814.000000000000000 0.963023715387991
815.000000000000000 0.963246935047396
816.000000000000000 0.963471689931251
817.000000000000000 0.963697946525299
818.000000000000000 0.963925671241049
819.000000000000000 0.964154830420779
820.000000000000000 0.964385390342508
821.000000000000000 0.964617317224969
822.000000000000000 0.964850577232556
823.000000000000000 0.965085136480259
824.000000000000000 0.965320961038584
825.000000000000000 0.965558016938453
826.000000000000000 0.965796270176089
827.000000000000000 0.966035686717883
828.000000000000000 0.966276232505244
829.000000000000000 0.966517873459424
830.000000000000000 0.966760575486334
831.000000000000000 0.967004304481328
832.000000000000000 0.967249026333977
833.000000000000000 0.967494706932818
834.000000000000000 0.967741312170079
835.000000000000000 0.967988807946385
836.000000000000000 0.968237160175446
837.000000000000000 0.968486334788711
838.000000000000000 0.968736297740010
839.000000000000000 0.968987015010164
840.000000000000000 0.969238452611578
841.000000000000000 0.969490576592804
842.000000000000000 0.969743353043079
843.000000000000000 0.969996748096839
844.000000000000000 0.970250727938210
845.000000000000000 0.970505258805464
846.000000000000000 0.970760306995460
847.000000000000000 0.971015838868042
848.000000000000000 0.971271820850428
849.000000000000000 0.971528219441553
850.000000000000000 0.971785001216394
851.000000000000000 0.972042132830264
852.000000000000000 0.972299581023075
853.000000000000000 0.972557312623569
854.000000000000000 0.972815294553527
855.000000000000000 0.973073493831935
856.000000000000000 0.973331877579130
857.000000000000000 0.973590413020911
858.000000000000000 0.973849067492612
859.000000000000000 0.974107808443152
860.000000000000000 0.974366603439048
861.000000000000000 0.974625420168394
862.000000000000000 0.974884226444808
863.000000000000000 0.975142990211346
864.000000000000000 0.975401679544383
865.000000000000000 0.975660262657453
866.000000000000000 0.975918707905064
867.000000000000000 0.976176983786468
868.000000000000000 0.976435058949408
869.000000000000000 0.976692902193813
870.000000000000000 0.976950482475472
871.000000000000000 0.977207768909662
872.000000000000000 0.977464730774744
873.000000000000000 0.977721337515722
874.000000000000000 0.977977558747761
875.000000000000000 0.978233364259670
876.000000000000000 0.978488724017350
877.000000000000000 0.978743608167195
878.000000000000000 0.978997987039467
879.000000000000000 0.979251831151620
880.000000000000000 0.979505111211596
881.000000000000000 0.979757798121070
882.000000000000000 0.980009862978669
883.000000000000000 0.980261277083137
884.000000000000000 0.980512011936475
885.000000000000000 0.980762039247025
886.000000000000000 0.981011330932530
887.000000000000000 0.981259859123137
888.000000000000000 0.981507596164371
889.000000000000000 0.981754514620066
890.000000000000000 0.982000587275247
891.000000000000000 0.982245787138983
892.000000000000000 0.982490087447183
893.000000000000000 0.982733461665367
894.000000000000000 0.982975883491381
895.000000000000000 0.983217326858076
896.000000000000000 0.983457765935945
897.000000000000000 0.983697175135716
898.000000000000000 0.983935529110900
899.000000000000000 0.984172802760301
900.000000000000000 0.984408971230478
901.000000000000000 0.984644009918170
902.000000000000000 0.984877894472667
903.000000000000000 0.985110600798149
904.000000000000000 0.985342105055977
905.000000000000000 0.985572383666936
906.000000000000000 0.985801413313440
907.000000000000000 0.986029170941692
908.000000000000000 0.986255633763795
909.000000000000000 0.986480779259827
910.000000000000000 0.986704585179864
911.000000000000000 0.986927029545963
912.000000000000000 0.987148090654099
913.000000000000000 0.987367747076060
914.000000000000000 0.987585977661290
915.000000000000000 0.987802761538698
916.000000000000000 0.988018078118416
917.000000000000000 0.988231907093508
918.000000000000000 0.988444228441647
919.000000000000000 0.988655022426732
920.000000000000000 0.988864269600473
921.000000000000000 0.989071950803921
922.000000000000000 0.989278047168960
923.000000000000000 0.989482540119753
924.000000000000000 0.989685411374136
925.000000000000000 0.989886642944977
926.000000000000000 0.990086217141486
927.000000000000000 0.990284116570476
928.000000000000000 0.990480324137582
929.000000000000000 0.990674823048440
930.000000000000000 0.990867596809813
931.000000000000000 0.991058629230675
932.000000000000000 0.991247904423252
933.000000000000000 0.991435406804016
934.000000000000000 0.991621121094635
935.000000000000000 0.991805032322878
936.000000000000000 0.991987125823473
937.000000000000000 0.992167387238927
938.000000000000000 0.992345802520291
939.000000000000000 0.992522357927894
940.000000000000000 0.992697040032016
941.000000000000000 0.992869835713531
942.000000000000000 0.993040732164499
943.000000000000000 0.993209716888714
944.000000000000000 0.993376777702210
945.000000000000000 0.993541902733719
946.000000000000000 0.993705080425091
947.000000000000000 0.993866299531663
948.000000000000000 0.994025549122593
949.000000000000000 0.994182818581139
950.000000000000000 0.994338097604908
951.000000000000000 0.994491376206050
952.000000000000000 0.994642644711414
953.000000000000000 0.994791893762662
954.000000000000000 0.994939114316337
955.000000000000000 0.995084297643892
956.000000000000000 0.995227435331669
957.000000000000000 0.995368519280847
958.000000000000000 0.995507541707336
959.000000000000000 0.995644495141638
960.000000000000000 0.995779372428659
961.000000000000000 0.995912166727484
962.000000000000000 0.996042871511110
963.000000000000000 0.996171480566134
964.000000000000000 0.996297987992403
965.000000000000000 0.996422388202623
966.000000000000000 0.996544675921927
967.000000000000000 0.996664846187399
968.000000000000000 0.996782894347561
969.000000000000000 0.996898816061823
970.000000000000000 0.997012607299884
971.000000000000000 0.997124264341101
972.000000000000000 0.997233783773816
973.000000000000000 0.997341162494643
974.000000000000000 0.997446397707718
975.000000000000000 0.997549486923906
976.000000000000000 0.997650427959973
977.000000000000000 0.997749218937724
978.000000000000000 0.997845858283088
979.000000000000000 0.997940344725185
980.000000000000000 0.998032677295339
981.000000000000000 0.998122855326062
982.000000000000000 0.998210878450001
983.000000000000000 0.998296746598842
984.000000000000000 0.998380460002190
985.000000000000000 0.998462019186393
986.000000000000000 0.998541424973355
987.000000000000000 0.998618678479288
988.000000000000000 0.998693781113451
989.000000000000000 0.998766734576838
990.000000000000000 0.998837540860838
991.000000000000000 0.998906202245862
992.000000000000000 0.998972721299931
993.000000000000000 0.999037100877234
994.000000000000000 0.999099344116653
995.000000000000000 0.999159454440247
996.000000000000000 0.999217435551719
997.000000000000000 0.999273291434830
998.000000000000000 0.999327026351800
999.000000000000000 0.999378644841662
1000.000000000000000 0.999428151718595
1001.000000000000000 0.999475552070222
1002.000000000000000 0.999520851255873
1003.000000000000000 0.999564054904824
1004.000000000000000 0.999605168914503
1005.000000000000000 0.999644199448664
1006.000000000000000 0.999681152935536
1007.000000000000000 0.999716036065939
1008.000000000000000 0.999748855791372
1009.000000000000000 0.999779619322073
1010.000000000000000 0.999808334125054
1011.000000000000000 0.999835007922100
1012.000000000000000 0.999859648687750
1013.000000000000000 0.999882264647243
1014.000000000000000 0.999902864274445
1015.000000000000000 0.999921456289742
1016.000000000000000 0.999938049657912
1017.000000000000000 0.999952653585972
1018.000000000000000 0.999965277520995
1019.000000000000000 0.999975931147908
1020.000000000000000 0.999984624387259
1021.000000000000000 0.999991367392967
1022.000000000000000 0.999996170550045
1023.000000000000000 0.999999044472298
1024.000000000000000 1.000000000000000
1025.000000000000000 0.999999048197549
1026.000000000000000 0.999996200351099
1027.000000000000000 0.999991467966171
1028.000000000000000 0.999984862765242
1029.000000000000000 0.999976396685312
1030.000000000000000 0.999966081875453
1031.000000000000000 0.999953930694335
1032.000000000000000 0.999939955707738
1033.000000000000000 0.999924169686033
1034.000000000000000 0.999906585601659
1035.000000000000000 0.999887216626570
1036.000000000000000 0.999866076129667
1037.000000000000000 0.999843177674217
1038.000000000000000 0.999818535015247
1039.000000000000000 0.999792162096926
1040.000000000000000 0.999764073049930
1041.000000000000000 0.999734282188789
1042.000000000000000 0.999702804009222
1043.000000000000000 0.999669653185449
1044.000000000000000 0.999634844567499
1045.000000000000000 0.999598393178496
1046.000000000000000 0.999560314211932
1047.000000000000000 0.999520623028925
1048.000000000000000 0.999479335155472
1049.000000000000000 0.999436466279677
1050.000000000000000 0.999392032248978
1051.000000000000000 0.999346049067350
1052.000000000000000 0.999298532892512
1053.000000000000000 0.999249500033104
1054.000000000000000 0.999198966945873
1055.000000000000000 0.999146950232830
1056.000000000000000 0.999093466638414
1057.000000000000000 0.999038533046633
1058.000000000000000 0.998982166478203
1059.000000000000000 0.998924384087676
1060.000000000000000 0.998865203160563
1061.000000000000000 0.998804641110443
1062.000000000000000 0.998742715476072
1063.000000000000000 0.998679443918478
1064.000000000000000 0.998614844218052
1065.000000000000000 0.998548934271638
1066.000000000000000 0.998481732089608
1067.000000000000000 0.998413255792936
1068.000000000000000 0.998343523610273
1069.000000000000000 0.998272553875002
1070.000000000000000 0.998200365022309
1071.000000000000000 0.998126975586232
1072.000000000000000 0.998052404196717
1073.000000000000000 0.997976669576670
1074.000000000000000 0.997899790539003
1075.000000000000000 0.997821785983681
1076.000000000000000 0.997742674894765
1077.000000000000000 0.997662476337455
1078.000000000000000 0.997581209455135
1079.000000000000000 0.997498893466409
1080.000000000000000 0.997415547662148
1081.000000000000000 0.997331191402527
1082.000000000000000 0.997245844114071
1083.000000000000000 0.997159525286696
1084.000000000000000 0.997072254470755
1085.000000000000000 0.996984051274085
1086.000000000000000 0.996894935359055
1087.000000000000000 0.996804926439618
1088.000000000000000 0.996714044278368
1089.000000000000000 0.996622308683594
1090.000000000000000 0.996529739506348
1091.000000000000000 0.996436356637504
1092.000000000000000 0.996342180004834
1093.000000000000000 0.996247229570083
1094.000000000000000 0.996151525326049
1095.000000000000000 0.996055087293671
1096.000000000000000 0.995957935519118
1097.000000000000000 0.995860090070897
1098.000000000000000 0.995761571036949
1099.000000000000000 0.995662398521770
1100.000000000000000 0.995562592643529
1101.000000000000000 0.995462173531198
1102.000000000000000 0.995361161321686
1103.000000000000000 0.995259576156990
1104.000000000000000 0.995157438181347
1105.000000000000000 0.995054767538398
1106.000000000000000 0.994951584368363
1107.000000000000000 0.994847908805224
1108.000000000000000 0.994743760973922
1109.000000000000000 0.994639160987559
1110.000000000000000 0.994534128944618
1111.000000000000000 0.994428684926185
1112.000000000000000 0.994322848993195
1113.000000000000000 0.994216641183681
1114.000000000000000 0.994110081510038
1115.000000000000000 0.994003189956300
1116.000000000000000 0.993895986475430
1117.000000000000000 0.993788490986623
1118.000000000000000 0.993680723372627
1119.000000000000000 0.993572703477068
1120.000000000000000 0.993464451101801
1121.000000000000000 0.993355986004269
1122.000000000000000 0.993247327894876
1123.000000000000000 0.993138496434382
1124.000000000000000 0.993029511231307
1125.000000000000000 0.992920391839353
1126.000000000000000 0.992811157754842
1127.000000000000000 0.992701828414176
1128.000000000000000 0.992592423191301
1129.000000000000000 0.992482961395203
1130.000000000000000 0.992373462267412
1131.000000000000000 0.992263944979524
1132.000000000000000 0.992154428630746
1133.000000000000000 0.992044932245456
1134.000000000000000 0.991935474770778
1135.000000000000000 0.991826075074187
1136.000000000000000 0.991716751941117
1137.000000000000000 0.991607524072603
1138.000000000000000 0.991498410082936
1139.000000000000000 0.991389428497333
1140.000000000000000 0.991280597749641
1141.000000000000000 0.991171936180044
1142.000000000000000 0.991063462032805
1143.000000000000000 0.990955193454021
1144.000000000000000 0.990847148489401
1145.000000000000000 0.990739345082068
1146.000000000000000 0.990631801070374
1147.000000000000000 0.990524534185750
1148.000000000000000 0.990417562050565
1149.000000000000000 0.990310902176015
1150.000000000000000 0.990204571960035
1151.000000000000000 0.990098588685224
1152.000000000000000 0.989992969516806
1153.000000000000000 0.989887731500607
1154.000000000000000 0.989782891561051
1155.000000000000000 0.989678466499193
1156.000000000000000 0.989574472990756
1157.000000000000000 0.989470927584216
1158.000000000000000 0.989367846698885
1159.000000000000000 0.989265246623041
1160.000000000000000 0.989163143512067
1161.000000000000000 0.989061553386623
1162.000000000000000 0.988960492130839
1163.000000000000000 0.988859975490531
1164.000000000000000 0.988760019071449
1165.000000000000000 0.988660638337545
1166.000000000000000 0.988561848609265
1167.000000000000000 0.988463665061872
1168.000000000000000 0.988366102723790
1169.000000000000000 0.988269176474976
1170.000000000000000 0.988172901045315
1171.000000000000000 0.988077291013051
1172.000000000000000 0.987982360803226
1173.000000000000000 0.987888124686165
1174.000000000000000 0.987794596775976
1175.000000000000000 0.987701791029077
1176.000000000000000 0.987609721242757
1177.000000000000000 0.987518401053753
1178.000000000000000 0.987427843936865
1179.000000000000000 0.987338063203591
1180.000000000000000 0.987249072000789
1181.000000000000000 0.987160883309375
1182.000000000000000 0.987073509943033
1183.000000000000000 0.986986964546969
1184.000000000000000 0.986901259596680
1185.000000000000000 0.986816407396759
1186.000000000000000 0.986732420079721
1187.000000000000000 0.986649309604863
1188.000000000000000 0.986567087757145
1189.000000000000000 0.986485766146108
1190.000000000000000 0.986405356204810
1191.000000000000000 0.986325869188798
1192.000000000000000 0.986247316175103
1193.000000000000000 0.986169708061267
1194.000000000000000 0.986093055564394
1195.000000000000000 0.986017369220232
1196.000000000000000 0.985942659382287
1197.000000000000000 0.985868936220955
1198.000000000000000 0.985796209722691
1199.000000000000000 0.985724489689205
1200.000000000000000 0.985653785736685
1201.000000000000000 0.985584107295047
1202.000000000000000 0.985515463607218
1203.000000000000000 0.985447863728440
1204.000000000000000 0.985381316525613
1205.000000000000000 0.985315830676655
1206.000000000000000 0.985251414669902
1207.000000000000000 0.985188076803523
1208.000000000000000 0.985125825184977
1209.000000000000000 0.985064667730490
1210.000000000000000 0.985004612164562
1211.000000000000000 0.984945666019506
1212.000000000000000 0.984887836635010
1213.000000000000000 0.984831131157730
1214.000000000000000 0.984775556540913
1215.000000000000000 0.984721119544044
1216.000000000000000 0.984667826732527
1217.000000000000000 0.984615684477388
1218.000000000000000 0.984564698955012
1219.000000000000000 0.984514876146903
1220.000000000000000 0.984466221839475
1221.000000000000000 0.984418741623872
1222.000000000000000 0.984372440895812
1223.000000000000000 0.984327324855461
1224.000000000000000 0.984283398507341
1225.000000000000000 0.984240666660250
1226.000000000000000 0.984199133927228
1227.000000000000000 0.984158804725539
1228.000000000000000 0.984119683276681
1229.000000000000000 0.984081773606431
1230.000000000000000 0.984045079544911
1231.000000000000000 0.984009604726679
1232.000000000000000 0.983975352590856
1233.000000000000000 0.983942326381271
1234.000000000000000 0.983910529146640
1235.000000000000000 0.983879963740767
1236.000000000000000 0.983850632822773
1237.000000000000000 0.983822538857354
1238.000000000000000 0.983795684115062
1239.000000000000000 0.983770070672614
1240.000000000000000 0.983745700413230
1241.000000000000000 0.983722575026992
1242.000000000000000 0.983700696011230
1243.000000000000000 0.983680064670942
1244.000000000000000 0.983660682119223
1245.000000000000000 0.983642549277742
1246.000000000000000 0.983625666877221
1247.000000000000000 0.983610035457959
1248.000000000000000 0.983595655370367
1249.000000000000000 0.983582526775539
1250.000000000000000 0.983570649645838
1251.000000000000000 0.983560023765516
1252.000000000000000 0.983550648731352
1253.000000000000000 0.983542523953314
1254.000000000000000 0.983535648655254
1255.000000000000000 0.983530021875615
1256.000000000000000 0.983525642468170
1257.000000000000000 0.983522509102786
1258.000000000000000 0.983520620266202
1259.000000000000000 0.983519974262839
1260.000000000000000 0.983520569215634
1261.000000000000000 0.983522403066890
1262.000000000000000 0.983525473579152
1263.000000000000000 0.983529778336109
1264.000000000000000 0.983535314743517
1265.000000000000000 0.983542080030138
1266.000000000000000 0.983550071248709
1267.000000000000000 0.983559285276930
1268.000000000000000 0.983569718818475
1269.000000000000000 0.983581368404020
1270.000000000000000 0.983594230392297
1271.000000000000000 0.983608300971168
1272.000000000000000 0.983623576158717
1273.000000000000000 0.983640051804369
1274.000000000000000 0.983657723590020
1275.000000000000000 0.983676587031198
1276.000000000000000 0.983696637478233
1277.000000000000000 0.983717870117457
1278.000000000000000 0.983740279972417
1279.000000000000000 0.983763861905108
1280.000000000000000 0.983788610617226
1281.000000000000000 0.983814520651443
1282.000000000000000 0.983841586392696
1283.000000000000000 0.983869802069494
1284.000000000000000 0.983899161755247
1285.000000000000000 0.983929659369614
1286.000000000000000 0.983961288679858
1287.000000000000000 0.983994043302236
1288.000000000000000 0.984027916703388
1289.000000000000000 0.984062902201756
1290.000000000000000 0.984098992969014
1291.000000000000000 0.984136182031514
1292.000000000000000 0.984174462271753
1293.000000000000000 0.984213826429850
1294.000000000000000 0.984254267105040
1295.000000000000000 0.984295776757190
1296.000000000000000 0.984338347708321
1297.000000000000000 0.984381972144147
1298.000000000000000 0.984426642115637
1299.000000000000000 0.984472349540581
1300.000000000000000 0.984519086205172
1301.000000000000000 0.984566843765610
1302.000000000000000 0.984615613749709
1303.000000000000000 0.984665387558523
1304.000000000000000 0.984716156467986
1305.000000000000000 0.984767911630563
1306.000000000000000 0.984820644076910
1307.000000000000000 0.984874344717555
1308.000000000000000 0.984929004344582
1309.000000000000000 0.984984613633333
1310.000000000000000 0.985041163144119
1311.000000000000000 0.985098643323941
1312.000000000000000 0.985157044508226
1313.000000000000000 0.985216356922569
1314.000000000000000 0.985276570684489
1315.000000000000000 0.985337675805191
1316.000000000000000 0.985399662191345
1317.000000000000000 0.985462519646866
1318.000000000000000 0.985526237874710
1319.000000000000000 0.985590806478674
1320.000000000000000 0.985656214965210
1321.000000000000000 0.985722452745244
1322.000000000000000 0.985789509136002
1323.000000000000000 0.985857373362847
1324.000000000000000 0.985926034561123
1325.000000000000000 0.985995481778006
1326.000000000000000 0.986065703974360
1327.000000000000000 0.986136690026603
1328.000000000000000 0.986208428728580
1329.000000000000000 0.986280908793435
1330.000000000000000 0.986354118855501
1331.000000000000000 0.986428047472185
1332.000000000000000 0.986502683125864
1333.000000000000000 0.986578014225782
1334.000000000000000 0.986654029109959
1335.000000000000000 0.986730716047097
1336.000000000000000 0.986808063238493
1337.000000000000000 0.986886058819959
1338.000000000000000 0.986964690863738
1339.000000000000000 0.987043947380434
1340.000000000000000 0.987123816320937
1341.000000000000000 0.987204285578354
1342.000000000000000 0.987285342989941
1343.000000000000000 0.987366976339038
1344.000000000000000 0.987449173357012
1345.000000000000000 0.987531921725187
1346.000000000000000 0.987615209076793
1347.000000000000000 0.987699022998904
1348.000000000000000 0.987783351034381
1349.000000000000000 0.987868180683818
1350.000000000000000 0.987953499407482
1351.000000000000000 0.988039294627260
1352.000000000000000 0.988125553728604
1353.000000000000000 0.988212264062471
1354.000000000000000 0.988299412947268
1355.000000000000000 0.988386987670795
1356.000000000000000 0.988474975492182
1357.000000000000000 0.988563363643832
1358.000000000000000 0.988652139333358
1359.000000000000000 0.988741289745513
1360.000000000000000 0.988830802044132
1361.000000000000000 0.988920663374054
1362.000000000000000 0.989010860863055
1363.000000000000000 0.989101381623770
1364.000000000000000 0.989192212755617
1365.000000000000000 0.989283341346709
1366.000000000000000 0.989374754475775
1367.000000000000000 0.989466439214064
1368.000000000000000 0.989558382627252
1369.000000000000000 0.989650571777342
1370.000000000000000 0.989742993724563
1371.000000000000000 0.989835635529254
1372.000000000000000 0.989928484253755
1373.000000000000000 0.990021526964284
1374.000000000000000 0.990114750732811
1375.000000000000000 0.990208142638923
1376.000000000000000 0.990301689771690
1377.000000000000000 0.990395379231515
1378.000000000000000 0.990489198131982
1379.000000000000000 0.990583133601698
1380.000000000000000 0.990677172786126
1381.000000000000000 0.990771302849409
1382.000000000000000 0.990865510976188
1383.000000000000000 0.990959784373411
1384.000000000000000 0.991054110272135
1385.000000000000000 0.991148475929320
1386.000000000000000 0.991242868629609
1387.000000000000000 0.991337275687107
1388.000000000000000 0.991431684447143
1389.000000000000000 0.991526082288031
1390.000000000000000 0.991620456622811
1391.000000000000000 0.991714794900988
1392.000000000000000 0.991809084610263
1393.000000000000000 0.991903313278240
1394.000000000000000 0.991997468474142
1395.000000000000000 0.992091537810498
1396.000000000000000 0.992185508944831
1397.000000000000000 0.992279369581331
1398.000000000000000 0.992373107472515
1399.000000000000000 0.992466710420877
1400.000000000000000 0.992560166280529
1401.000000000000000 0.992653462958825
1402.000000000000000 0.992746588417974
1403.000000000000000 0.992839530676644
1404.000000000000000 0.992932277811552
1405.000000000000000 0.993024817959036
1406.000000000000000 0.993117139316624
1407.000000000000000 0.993209230144581
1408.000000000000000 0.993301078767449
1409.000000000000000 0.993392673575566
1410.000000000000000 0.993484003026581
1411.000000000000000 0.993575055646948
1412.000000000000000 0.993665820033408
1413.000000000000000 0.993756284854458
1414.000000000000000 0.993846438851803
1415.000000000000000 0.993936270841797
1416.000000000000000 0.994025769716868
1417.000000000000000 0.994114924446925
1418.000000000000000 0.994203724080754
1419.000000000000000 0.994292157747400
1420.000000000000000 0.994380214657525
1421.000000000000000 0.994467884104765
1422.000000000000000 0.994555155467055
1423.000000000000000 0.994642018207955
1424.000000000000000 0.994728461877941
1425.000000000000000 0.994814476115700
1426.000000000000000 0.994900050649396
1427.000000000000000 0.994985175297919
1428.000000000000000 0.995069839972129
1429.000000000000000 0.995154034676068
1430.000000000000000 0.995237749508171
1431.000000000000000 0.995320974662445
1432.000000000000000 0.995403700429645
1433.000000000000000 0.995485917198421
1434.000000000000000 0.995567615456457
1435.000000000000000 0.995648785791587
1436.000000000000000 0.995729418892895
1437.000000000000000 0.995809505551801
1438.000000000000000 0.995889036663120
1439.000000000000000 0.995968003226118
1440.000000000000000 0.996046396345534
1441.000000000000000 0.996124207232596
1442.000000000000000 0.996201427206015
1443.000000000000000 0.996278047692956
1444.000000000000000 0.996354060230001
1445.000000000000000 0.996429456464085
1446.000000000000000 0.996504228153418
1447.000000000000000 0.996578367168384
1448.000000000000000 0.996651865492431
1449.000000000000000 0.996724715222927
1450.000000000000000 0.996796908572016
1451.000000000000000 0.996868437867437
1452.000000000000000 0.996939295553340
1453.000000000000000 0.997009474191069
1454.000000000000000 0.997078966459938
1455.000000000000000 0.997147765157980
1456.000000000000000 0.997215863202680
1457.000000000000000 0.997283253631690
1458.000000000000000 0.997349929603522
1459.000000000000000 0.997415884398222
1460.000000000000000 0.997481111418029
1461.000000000000000 0.997545604188009
1462.000000000000000 0.997609356356672
1463.000000000000000 0.997672361696571
1464.000000000000000 0.997734614104880
1465.000000000000000 0.997796107603953
1466.000000000000000 0.997856836341861
1467.000000000000000 0.997916794592914
1468.000000000000000 0.997975976758163
1469.000000000000000 0.998034377365877
1470.000000000000000 0.998091991072003
1471.000000000000000 0.998148812660615
1472.000000000000000 0.998204837044325
1473.000000000000000 0.998260059264697
1474.000000000000000 0.998314474492620
1475.000000000000000 0.998368078028674
1476.000000000000000 0.998420865303477
1477.000000000000000 0.998472831878003
1478.000000000000000 0.998523973443890
1479.000000000000000 0.998574285823722
1480.000000000000000 0.998623764971297
1481.000000000000000 0.998672406971869
1482.000000000000000 0.998720208042375
1483.000000000000000 0.998767164531641
1484.000000000000000 0.998813272920569
1485.000000000000000 0.998858529822304
1486.000000000000000 0.998902931982382
1487.000000000000000 0.998946476278854
1488.000000000000000 0.998989159722403
1489.000000000000000 0.999030979456424
1490.000000000000000 0.999071932757102
1491.000000000000000 0.999112017033455
1492.000000000000000 0.999151229827374
1493.000000000000000 0.999189568813626
1494.000000000000000 0.999227031799854
1495.000000000000000 0.999263616726546
1496.000000000000000 0.999299321666994
1497.000000000000000 0.999334144827227
1498.000000000000000 0.999368084545926
1499.000000000000000 0.999401139294326
1500.000000000000000 0.999433307676093
1501.000000000000000 0.999464588427183
1502.000000000000000 0.999494980415685
1503.000000000000000 0.999524482641644
1504.000000000000000 0.999553094236864
1505.000000000000000 0.999580814464695
1506.000000000000000 0.999607642719799
1507.000000000000000 0.999633578527899
1508.000000000000000 0.999658621545512
1509.000000000000000 0.999682771559661
1510.000000000000000 0.999706028487565
1511.000000000000000 0.999728392376323
1512.000000000000000 0.999749863402566
1513.000000000000000 0.999770441872101
1514.000000000000000 0.999790128219533
1515.000000000000000 0.999808923007874
1516.000000000000000 0.999826826928124
1517.000000000000000 0.999843840798847
1518.000000000000000 0.999859965565723
1519.000000000000000 0.999875202301083
1520.000000000000000 0.999889552203430
1521.000000000000000 0.999903016596938
1522.000000000000000 0.999915596930938
1523.000000000000000 0.999927294779391
1524.000000000000000 0.999938111840330
1525.000000000000000 0.999948049935306
1526.000000000000000 0.999957111008799
1527.000000000000000 0.999965297127625
1528.000000000000000 0.999972610480317
1529.000000000000000 0.999979053376505
1530.000000000000000 0.999984628246259
1531.000000000000000 0.999989337639437
1532.000000000000000 0.999993184225003
1533.000000000000000 0.999996170790337
1534.000000000000000 0.999998300240525
1535.000000000000000 0.999999575597640
1536.000000000000000 1.000000000000000
1537.000000000000000 0.999999576701417
1538.000000000000000 0.999998309070430
1539.000000000000000 0.999996200589521
1540.000000000000000 0.999993254854319
1541.000000000000000 0.999989475572792
1542.000000000000000 0.999984866564414
1543.000000000000000 0.999979431759335
1544.000000000000000 0.999973175197521
1545.000000000000000 0.999966101027890
1546.000000000000000 0.999958213507431
1547.000000000000000 0.999949517000311
1548.000000000000000 0.999940015976966
1549.000000000000000 0.999929715013183
1550.000000000000000 0.999918618789165
1551.000000000000000 0.999906732088586
1552.000000000000000 0.999894059797636
1553.000000000000000 0.999880606904042
1554.000000000000000 0.999866378496092
1555.000000000000000 0.999851379761639
1556.000000000000000 0.999835615987091
1557.000000000000000 0.999819092556395
1558.000000000000000 0.999801814950004
1559.000000000000000 0.999783788743839
1560.000000000000000 0.999765019608233
1561.000000000000000 0.999745513306867
1562.000000000000000 0.999725275695699
1563.000000000000000 0.999704312721874
1564.000000000000000 0.999682630422630
1565.000000000000000 0.999660234924193
1566.000000000000000 0.999637132440657
1567.000000000000000 0.999613329272864
1568.000000000000000 0.999588831807261
1569.000000000000000 0.999563646514758
1570.000000000000000 0.999537779949575
1571.000000000000000 0.999511238748072
1572.000000000000000 0.999484029627583
1573.000000000000000 0.999456159385227
1574.000000000000000 0.999427634896724
1575.000000000000000 0.999398463115190
1576.000000000000000 0.999368651069936
1577.000000000000000 0.999338205865245
1578.000000000000000 0.999307134679159
1579.000000000000000 0.999275444762237
1580.000000000000000 0.999243143436326
1581.000000000000000 0.999210238093310
1582.000000000000000 0.999176736193860
1583.000000000000000 0.999142645266174
1584.000000000000000 0.999107972904710
1585.000000000000000 0.999072726768915
1586.000000000000000 0.999036914581945
1587.000000000000000 0.999000544129381
1588.000000000000000 0.998963623257936
1589.000000000000000 0.998926159874162
1590.000000000000000 0.998888161943143
1591.000000000000000 0.998849637487195
1592.000000000000000 0.998810594584547
1593.000000000000000 0.998771041368025
1594.000000000000000 0.998730986023735
1595.000000000000000 0.998690436789728
1596.000000000000000 0.998649401954678
1597.000000000000000 0.998607889856542
1598.000000000000000 0.998565908881223
1599.000000000000000 0.998523467461227
1600.000000000000000 0.998480574074317
1601.000000000000000 0.998437237242166
1602.000000000000000 0.998393465529002
1603.000000000000000 0.998349267540254
1604.000000000000000 0.998304651921196
1605.000000000000000 0.998259627355585
1606.000000000000000 0.998214202564297
1607.000000000000000 0.998168386303967
1608.000000000000000 0.998122187365618
1609.000000000000000 0.998075614573295
1610.000000000000000 0.998028676782697
1611.000000000000000 0.997981382879803
1612.000000000000000 0.997933741779501
1613.000000000000000 0.997885762424217
1614.000000000000000 0.997837453782540
1615.000000000000000 0.997788824847848
1616.000000000000000 0.997739884636937
1617.000000000000000 0.997690642188640
1618.000000000000000 0.997641106562459
1619.000000000000000 0.997591286837189
1620.000000000000000 0.997541192109545
1621.000000000000000 0.997490831492788
1622.000000000000000 0.997440214115356
1623.000000000000000 0.997389349119490
1624.000000000000000 0.997338245659869
1625.000000000000000 0.997286912902236
1626.000000000000000 0.997235360022040
1627.000000000000000 0.997183596203064
1628.000000000000000 0.997131630636067
1629.000000000000000 0.997079472517424
1630.000000000000000 0.997027131047765
1631.000000000000000 0.996974615430626
1632.000000000000000 0.996921934871090
1633.000000000000000 0.996869098574446
1634.000000000000000 0.996816115744834
1635.000000000000000 0.996762995583909
1636.000000000000000 0.996709747289502
1637.000000000000000 0.996656380054281
1638.000000000000000 0.996602903064422
1639.000000000000000 0.996549325498281
1640.000000000000000 0.996495656525074
1641.000000000000000 0.996441905303555
1642.000000000000000 0.996388080980704
1643.000000000000000 0.996334192690417
1644.000000000000000 0.996280249552204
1645.000000000000000 0.996226260669889
1646.000000000000000 0.996172235130317
1647.000000000000000 0.996118182002067
1648.000000000000000 0.996064110334166
1649.000000000000000 0.996010029154820
1650.000000000000000 0.995955947470136
1651.000000000000000 0.995901874262864
1652.000000000000000 0.995847818491136
1653.000000000000000 0.995793789087216
1654.000000000000000 0.995739794956257
1655.000000000000000 0.995685844975059
1656.000000000000000 0.995631947990846
1657.000000000000000 0.995578112820036
1658.000000000000000 0.995524348247027
1659.000000000000000 0.995470663022991
1660.000000000000000 0.995417065864671
1661.000000000000000 0.995363565453189
1662.000000000000000 0.995310170432860
1663.000000000000000 0.995256889410018
1664.000000000000000 0.995203730951842
1665.000000000000000 0.995150703585203
1666.000000000000000 0.995097815795508
1667.000000000000000 0.995045076025557
1668.000000000000000 0.994992492674413
1669.000000000000000 0.994940074096271
1670.000000000000000 0.994887828599349
1671.000000000000000 0.994835764444776
1672.000000000000000 0.994783889845498
1673.000000000000000 0.994732212965192
1674.000000000000000 0.994680741917182
1675.000000000000000 0.994629484763378
1676.000000000000000 0.994578449513214
1677.000000000000000 0.994527644122602
1678.000000000000000 0.994477076492894
1679.000000000000000 0.994426754469853
1680.000000000000000 0.994376685842637
1681.000000000000000 0.994326878342797
1682.000000000000000 0.994277339643272
1683.000000000000000 0.994228077357415
1684.000000000000000 0.994179099038011
1685.000000000000000 0.994130412176319
1686.000000000000000 0.994082024201119
1687.000000000000000 0.994033942477771
1688.000000000000000 0.993986174307287
1689.000000000000000 0.993938726925414
1690.000000000000000 0.993891607501728
1691.000000000000000 0.993844823138738
1692.000000000000000 0.993798380871009
1693.000000000000000 0.993752287664284
1694.000000000000000 0.993706550414634
1695.000000000000000 0.993661175947607
1696.000000000000000 0.993616171017392
1697.000000000000000 0.993571542306005
1698.000000000000000 0.993527296422472
1699.000000000000000 0.993483439902035
1700.000000000000000 0.993439979205370
1701.000000000000000 0.993396920717813
1702.000000000000000 0.993354270748601
1703.000000000000000 0.993312035530127
1704.000000000000000 0.993270221217207
1705.000000000000000 0.993228833886358
1706.000000000000000 0.993187879535094
1707.000000000000000 0.993147364081228
1708.000000000000000 0.993107293362196
1709.000000000000000 0.993067673134385
1710.000000000000000 0.993028509072482
1711.000000000000000 0.992989806768830
1712.000000000000000 0.992951571732802
1713.000000000000000 0.992913809390190
1714.000000000000000 0.992876525082600
1715.000000000000000 0.992839724066867
1716.000000000000000 0.992803411514483
1717.000000000000000 0.992767592511037
1718.000000000000000 0.992732272055668
1719.000000000000000 0.992697455060536
1720.000000000000000 0.992663146350301
1721.000000000000000 0.992629350661622
1722.000000000000000 0.992596072642666
1723.000000000000000 0.992563316852630
1724.000000000000000 0.992531087761283
1725.000000000000000 0.992499389748513
1726.000000000000000 0.992468227103898
1727.000000000000000 0.992437604026283
1728.000000000000000 0.992407524623377
1729.000000000000000 0.992377992911360
1730.000000000000000 0.992349012814506
1731.000000000000000 0.992320588164820
1732.000000000000000 0.992292722701690
1733.000000000000000 0.992265420071553
1734.000000000000000 0.992238683827574
1735.000000000000000 0.992212517429340
1736.000000000000000 0.992186924242569
1737.000000000000000 0.992161907538834
1738.000000000000000 0.992137470495299
1739.000000000000000 0.992113616194469
1740.000000000000000 0.992090347623960
1741.000000000000000 0.992067667676275
1742.000000000000000 0.992045579148601
1743.000000000000000 0.992024084742618
1744.000000000000000 0.992003187064320
1745.000000000000000 0.991982888623856
1746.000000000000000 0.991963191835379
1747.000000000000000 0.991944099016914
1748.000000000000000 0.991925612390237
1749.000000000000000 0.991907734080773
1750.000000000000000 0.991890466117500
1751.000000000000000 0.991873810432878
1752.000000000000000 0.991857768862781
1753.000000000000000 0.991842343146455
1754.000000000000000 0.991827534926478
1755.000000000000000 0.991813345748743
1756.000000000000000 0.991799777062455
1757.000000000000000 0.991786830220133
1758.000000000000000 0.991774506477638
1759.000000000000000 0.991762806994208
1760.000000000000000 0.991751732832505
1761.000000000000000 0.991741284958687
1762.000000000000000 0.991731464242477
1763.000000000000000 0.991722271457265
1764.000000000000000 0.991713707280206
1765.000000000000000 0.991705772292344
1766.000000000000000 0.991698466978746
1767.000000000000000 0.991691791728645
1768.000000000000000 0.991685746835608
1769.000000000000000 0.991680332497704
1770.000000000000000 0.991675548817696
1771.000000000000000 0.991671395803242
1772.000000000000000 0.991667873367107
1773.000000000000000 0.991664981327395
1774.000000000000000 0.991662719407791
1775.000000000000000 0.991661087237813
1776.000000000000000 0.991660084353079
1777.000000000000000 0.991659710195595
1778.000000000000000 0.991659964114042
1779.000000000000000 0.991660845364085
1780.000000000000000 0.991662353108697
1781.000000000000000 0.991664486418486
1782.000000000000000 0.991667244272043
1783.000000000000000 0.991670625556304
1784.000000000000000 0.991674629066913
1785.000000000000000 0.991679253508613
1786.000000000000000 0.991684497495638
1787.000000000000000 0.991690359552119
1788.000000000000000 0.991696838112510
1789.000000000000000 0.991703931522015
1790.000000000000000 0.991711638037037
1791.000000000000000 0.991719955825630
1792.000000000000000 0.991728882967972
1793.000000000000000 0.991738417456843
1794.000000000000000 0.991748557198114
1795.000000000000000 0.991759300011257
1796.000000000000000 0.991770643629855
1797.000000000000000 0.991782585702130
1798.000000000000000 0.991795123791481
1799.000000000000000 0.991808255377032
1800.000000000000000 0.991821977854193
1801.000000000000000 0.991836288535231
1802.000000000000000 0.991851184649851
1803.000000000000000 0.991866663345791
1804.000000000000000 0.991882721689420
1805.000000000000000 0.991899356666360
1806.000000000000000 0.991916565182103
1807.000000000000000 0.991934344062651
1808.000000000000000 0.991952690055156
1809.000000000000000 0.991971599828581
1810.000000000000000 0.991991069974358
1811.000000000000000 0.992011097007070
1812.000000000000000 0.992031677365132
1813.000000000000000 0.992052807411483
1814.000000000000000 0.992074483434296
1815.000000000000000 0.992096701647686
1816.000000000000000 0.992119458192434
1817.000000000000000 0.992142749136720
1818.000000000000000 0.992166570476861
1819.000000000000000 0.992190918138064
1820.000000000000000 0.992215787975181
1821.000000000000000 0.992241175773477
1822.000000000000000 0.992267077249408
1823.000000000000000 0.992293488051399
1824.000000000000000 0.992320403760643
1825.000000000000000 0.992347819891896
1826.000000000000000 0.992375731894287
1827.000000000000000 0.992404135152135
1828.000000000000000 0.992433024985772
1829.000000000000000 0.992462396652371
1830.000000000000000 0.992492245346791
1831.000000000000000 0.992522566202418
1832.000000000000000 0.992553354292021
1833.000000000000000 0.992584604628609
1834.000000000000000 0.992616312166304
1835.000000000000000 0.992648471801207
1836.000000000000000 0.992681078372284
1837.000000000000000 0.992714126662253
1838.000000000000000 0.992747611398473
1839.000000000000000 0.992781527253847
1840.000000000000000 0.992815868847727
1841.000000000000000 0.992850630746824
1842.000000000000000 0.992885807466126
1843.000000000000000 0.992921393469820
1844.000000000000000 0.992957383172222
1845.000000000000000 0.992993770938708
1846.000000000000000 0.993030551086652
1847.000000000000000 0.993067717886374
1848.000000000000000 0.993105265562084
1849.000000000000000 0.993143188292836
1850.000000000000000 0.993181480213488
1851.000000000000000 0.993220135415662
1852.000000000000000 0.993259147948711
1853.000000000000000 0.993298511820690
1854.000000000000000 0.993338220999331
1855.000000000000000 0.993378269413018
1856.000000000000000 0.993418650951774
1857.000000000000000 0.993459359468244
1858.000000000000000 0.993500388778682
1859.000000000000000 0.993541732663948
1860.000000000000000 0.993583384870499
1861.000000000000000 0.993625339111388
1862.000000000000000 0.993667589067267
1863.000000000000000 0.993710128387389
1864.000000000000000 0.993752950690612
1865.000000000000000 0.993796049566413
1866.000000000000000 0.993839418575891
1867.000000000000000 0.993883051252786
1868.000000000000000 0.993926941104490
1869.000000000000000 0.993971081613064
1870.000000000000000 0.994015466236256
1871.000000000000000 0.994060088408518
1872.000000000000000 0.994104941542030
1873.000000000000000 0.994150019027718
1874.000000000000000 0.994195314236278
1875.000000000000000 0.994240820519199
1876.000000000000000 0.994286531209787
1877.000000000000000 0.994332439624187
1878.000000000000000 0.994378539062413
1879.000000000000000 0.994424822809368
1880.000000000000000 0.994471284135871
1881.000000000000000 0.994517916299681
1882.000000000000000 0.994564712546523
1883.000000000000000 0.994611666111112
1884.000000000000000 0.994658770218174
1885.000000000000000 0.994706018083475
1886.000000000000000 0.994753402914835
1887.000000000000000 0.994800917913157
1888.000000000000000 0.994848556273443
1889.000000000000000 0.994896311185813
1890.000000000000000 0.994944175836525
1891.000000000000000 0.994992143408986
1892.000000000000000 0.995040207084771
1893.000000000000000 0.995088360044634
1894.000000000000000 0.995136595469516
1895.000000000000000 0.995184906541557
1896.000000000000000 0.995233286445098
1897.000000000000000 0.995281728367689
1898.000000000000000 0.995330225501083
1899.000000000000000 0.995378771042244
1900.000000000000000 0.995427358194332
1901.000000000000000 0.995475980167703
1902.000000000000000 0.995524630180897
1903.000000000000000 0.995573301461619
1904.000000000000000 0.995621987247728
1905.000000000000000 0.995670680788214
1906.000000000000000 0.995719375344171
1907.000000000000000 0.995768064189773
1908.000000000000000 0.995816740613238
1909.000000000000000 0.995865397917793
1910.000000000000000 0.995914029422634
1911.000000000000000 0.995962628463883
1912.000000000000000 0.996011188395533
1913.000000000000000 0.996059702590399
1914.000000000000000 0.996108164441061
1915.000000000000000 0.996156567360793
1916.000000000000000 0.996204904784502
1917.000000000000000 0.996253170169653
1918.000000000000000 0.996301356997186
1919.000000000000000 0.996349458772439
1920.000000000000000 0.996397469026050
1921.000000000000000 0.996445381314872
1922.000000000000000 0.996493189222862
1923.000000000000000 0.996540886361982
1924.000000000000000 0.996588466373084
1925.000000000000000 0.996635922926788
1926.000000000000000 0.996683249724365
1927.000000000000000 0.996730440498598
1928.000000000000000 0.996777489014648
1929.000000000000000 0.996824389070911
1930.000000000000000 0.996871134499866
1931.000000000000000 0.996917719168917
1932.000000000000000 0.996964136981232
1933.000000000000000 0.997010381876566
1934.000000000000000 0.997056447832090
1935.000000000000000 0.997102328863200
1936.000000000000000 0.997148019024327
1937.000000000000000 0.997193512409736
1938.000000000000000 0.997238803154319
1939.000000000000000 0.997283885434381
1940.000000000000000 0.997328753468415
1941.000000000000000 0.997373401517872
1942.000000000000000 0.997417823887924
1943.000000000000000 0.997462014928219
1944.000000000000000 0.997505969033620
1945.000000000000000 0.997549680644952
1946.000000000000000 0.997593144249722
1947.000000000000000 0.997636354382846
1948.000000000000000 0.997679305627360
1949.000000000000000 0.997721992615122
1950.000000000000000 0.997764410027512
1951.000000000000000 0.997806552596111
1952.000000000000000 0.997848415103388
1953.000000000000000 0.997889992383362
1954.000000000000000 0.997931279322264
1955.000000000000000 0.997972270859193
1956.000000000000000 0.998012961986751
1957.000000000000000 0.998053347751679
1958.000000000000000 0.998093423255482
1959.000000000000000 0.998133183655043
1960.000000000000000 0.998172624163224
1961.000000000000000 0.998211740049469
1962.000000000000000 0.998250526640383
1963.000000000000000 0.998288979320314
1964.000000000000000 0.998327093531917
1965.000000000000000 0.998364864776710
1966.000000000000000 0.998402288615626
1967.000000000000000 0.998439360669546
1968.000000000000000 0.998476076619829
1969.000000000000000 0.998512432208830
1970.000000000000000 0.998548423240408
1971.000000000000000 0.998584045580422
1972.000000000000000 0.998619295157219
1973.000000000000000 0.998654167962114
1974.000000000000000 0.998688660049855
1975.000000000000000 0.998722767539081
1976.000000000000000 0.998756486612768
1977.000000000000000 0.998789813518665
1978.000000000000000 0.998822744569723
1979.000000000000000 0.998855276144507
1980.000000000000000 0.998887404687604
1981.000000000000000 0.998919126710016
1982.000000000000000 0.998950438789543
1983.000000000000000 0.998981337571159
1984.000000000000000 0.999011819767376
1985.000000000000000 0.999041882158591
1986.000000000000000 0.999071521593432
1987.000000000000000 0.999100734989089
1988.000000000000000 0.999129519331631
1989.000000000000000 0.999157871676318
1990.000000000000000 0.999185789147901
1991.000000000000000 0.999213268940904
1992.000000000000000 0.999240308319908
1993.000000000000000 0.999266904619813
1994.000000000000000 0.999293055246094
1995.000000000000000 0.999318757675047
1996.000000000000000 0.999344009454018
1997.000000000000000 0.999368808201634
1998.000000000000000 0.999393151608006
1999.000000000000000 0.999417037434935
2000.000000000000000 0.999440463516100
2001.000000000000000 0.999463427757238
2002.000000000000000 0.999485928136310
2003.000000000000000 0.999507962703661
2004.000000000000000 0.999529529582164
2005.000000000000000 0.999550626967356
2006.000000000000000 0.999571253127561
2007.000000000000000 0.999591406404006
2008.000000000000000 0.999611085210919
2009.000000000000000 0.999630288035626
2010.000000000000000 0.999649013438627
2011.000000000000000 0.999667260053665
2012.000000000000000 0.999685026587791
2013.000000000000000 0.999702311821405
2014.000000000000000 0.999719114608295
2015.000000000000000 0.999735433875664
2016.000000000000000 0.999751268624145
2017.000000000000000 0.999766617927806
2018.000000000000000 0.999781480934140
2019.000000000000000 0.999795856864052
2020.000000000000000 0.999809745011831
2021.000000000000000 0.999823144745106
2022.000000000000000 0.999836055504803
2023.000000000000000 0.999848476805081
2024.000000000000000 0.999860408233265
2025.000000000000000 0.999871849449758
2026.000000000000000 0.999882800187957
2027.000000000000000 0.999893260254144
2028.000000000000000 0.999903229527377
2029.000000000000000 0.999912707959364
2030.000000000000000 0.999921695574333
2031.000000000000000 0.999930192468881
2032.000000000000000 0.999938198811827
2033.000000000000000 0.999945714844039
2034.000000000000000 0.999952740878267
2035.000000000000000 0.999959277298950
2036.000000000000000 0.999965324562026
2037.000000000000000 0.999970883194721
2038.000000000000000 0.999975953795339
2039.000000000000000 0.999980537033030
2040.000000000000000 0.999984633647558
2041.000000000000000 0.999988244449054
2042.000000000000000 0.999991370317761
2043.000000000000000 0.999994012203765
2044.000000000000000 0.999996171126725
2045.000000000000000 0.999997848175583
2046.000000000000000 0.999999044508273
2047.000000000000000 0.999999761351415
