0.000000000000000000e+00 0.000000000000000000e+00
1.000000000000000000e+00 9.867242968738243469e-02
2.000000000000000000e+00 3.492343555729207072e-01
3.000000000000000000e+00 6.430078215512919915e-01
4.000000000000000000e+00 8.717015099509305420e-01
5.000000000000000000e+00 9.834937794207213591e-01
6.000000000000000000e+00 9.967685980584435335e-01
7.000000000000000000e+00 9.695243924727320328e-01
8.000000000000000000e+00 9.529308341511713021e-01
9.000000000000000000e+00 9.631545599882683772e-01
1.000000000000000000e+01 9.855945811424210445e-01
1.100000000000000000e+01 9.991948650286383016e-01
1.200000000000000000e+01 9.968845383080446876e-01
1.300000000000000000e+01 9.875524950334682028e-01
1.400000000000000000e+01 9.835606261906159054e-01
1.500000000000000000e+01 9.886205821651811165e-01
1.600000000000000000e+01 9.966631770642829791e-01
1.700000000000000000e+01 9.999970018180625031e-01
1.800000000000000000e+01 9.970703767717310484e-01
1.900000000000000000e+01 9.926739432257435380e-01
2.000000000000000000e+01 9.919948990782420095e-01
2.100000000000000000e+01 9.954615375617799078e-01
2.200000000000000000e+01 9.992190570701479091e-01
2.300000000000000000e+01 9.997413077436381190e-01
2.400000000000000000e+01 9.973156175298130144e-01
2.500000000000000000e+01 9.951377834517090015e-01
2.600000000000000000e+01 9.956285838817021672e-01
2.700000000000000000e+01 9.980960602804652693e-01
2.800000000000000000e+01 9.998977793343922782e-01
2.900000000000000000e+01 9.994222938957973978e-01
3.000000000000000000e+01 9.976067054765249686e-01
3.100000000000000000e+01 9.966393407604882126e-01
3.200000000000000000e+01 9.975423130478208167e-01
3.300000000000000000e+01 9.992580848676698713e-01
3.400000000000000000e+01 9.999970026193042427e-01
3.500000000000000000e+01 9.991854803538766649e-01
3.600000000000000000e+01 9.979280430168800953e-01
3.700000000000000000e+01 9.976702255698293165e-01
3.800000000000000000e+01 9.986497635209226065e-01
3.900000000000000000e+01 9.997734213377362789e-01
4.000000000000000000e+01 9.999006546250951422e-01
4.100000000000000000e+01 9.990486710650154922e-01
4.200000000000000000e+01 9.982631357469220479e-01
4.300000000000000000e+01 9.984184705188313691e-01
4.400000000000000000e+01 9.993100973792535813e-01
4.500000000000000000e+01 9.999681442207615234e-01
4.600000000000000000e+01 9.997522264779108436e-01
4.700000000000000000e+01 9.990023846864320989e-01
4.800000000000000000e+01 9.985957680548039894e-01
4.900000000000000000e+01 9.989704220875873508e-01
5.000000000000000000e+01 9.996949864935553709e-01
5.100000000000000000e+01 9.999970039543265576e-01
5.200000000000000000e+01 9.996127804910757142e-01
5.300000000000000000e+01 9.990300218956637002e-01
5.400000000000000000e+01 9.989111092141971238e-01
5.500000000000000000e+01 9.993726711570209975e-01
5.600000000000000000e+01 9.999003059736447652e-01
5.700000000000000000e+01 9.999437919268535646e-01
5.800000000000000000e+01 9.995088623526073857e-01
5.900000000000000000e+01 9.991131199224270176e-01
6.000000000000000000e+01 9.991966595164802900e-01
6.100000000000000000e+01 9.996550292745036703e-01
6.200000000000000000e+01 9.999868525244115514e-01
6.300000000000000000e+01 9.998579241088559888e-01
6.400000000000000000e+01 9.994499812965405017e-01
6.500000000000000000e+01 9.992332824306754402e-01
6.600000000000000000e+01 9.994429632383898809e-01
6.700000000000000000e+01 9.998400446031567856e-01
6.800000000000000000e+01 9.999970058225585712e-01
6.900000000000000000e+01 9.997696050765091380e-01
7.000000000000000000e+01 9.994361426326806574e-01
7.100000000000000000e+01 9.993732813693563255e-01
7.200000000000000000e+01 9.996440388848287784e-01
7.300000000000000000e+01 9.999470719583739564e-01
7.400000000000000000e+01 9.999620479924663519e-01
7.500000000000000000e+01 9.996968609844537612e-01
7.600000000000000000e+01 9.994617272592608570e-01
7.700000000000000000e+01 9.995178875138159835e-01
7.800000000000000000e+01 9.997975046933142984e-01
7.900000000000000000e+01 9.999938713725438078e-01
8.000000000000000000e+01 9.999055250298615194e-01
8.100000000000000000e+01 9.996492385791272417e-01
8.200000000000000000e+01 9.995178936338794395e-01
8.300000000000000000e+01 9.996545178046648550e-01
8.400000000000000000e+01 9.999044060129241851e-01
8.500000000000000000e+01 9.999970082232016999e-01
8.600000000000000000e+01 9.998448702955385903e-01
8.700000000000000000e+01 9.996300814909550025e-01
8.800000000000000000e+01 9.995943017217676640e-01
8.900000000000000000e+01 9.997736781381127980e-01
9.000000000000000000e+01 9.999687780193398101e-01
9.100000000000000000e+01 9.999716771951352445e-01
9.200000000000000000e+01 9.997922924070999917e-01
9.300000000000000000e+01 9.996381886224787738e-01
9.400000000000000000e+01 9.996804502628670042e-01
9.500000000000000000e+01 9.998691697706449943e-01
9.600000000000000000e+01 9.999969997076695316e-01
9.700000000000000000e+01 9.999312926970916893e-01
9.800000000000000000e+01 9.997554052858594886e-01
9.900000000000000000e+01 9.996691916776125897e-01
1.000000000000000000e+02 9.997667209674775401e-01
1.010000000000000000e+02 9.999380458302102870e-01
1.020000000000000000e+02 9.999970111552298757e-01
1.030000000000000000e+02 9.998870511042192710e-01
1.040000000000000000e+02 9.997378268106928978e-01
1.050000000000000000e+02 9.997167763399169571e-01
1.060000000000000000e+02 9.998451490631757865e-01
1.070000000000000000e+02 9.999803297090080756e-01
1.080000000000000000e+02 9.999774743370554164e-01
1.090000000000000000e+02 9.998475910419872825e-01
1.100000000000000000e+02 9.997398398618502213e-01
1.110000000000000000e+02 9.997737722026144302e-01
1.120000000000000000e+02 9.999099190876677978e-01
1.130000000000000000e+02 9.999985311288530632e-01
1.140000000000000000e+02 9.999469578245265833e-01
1.150000000000000000e+02 9.998188240883609801e-01
1.160000000000000000e+02 9.997591343186866819e-01
1.170000000000000000e+02 9.998330927699112802e-01
1.180000000000000000e+02 9.999575886839161543e-01
1.190000000000000000e+02 9.999970146173903229e-01
1.200000000000000000e+02 9.999132178885007383e-01
1.210000000000000000e+02 9.998039670142905289e-01
1.220000000000000000e+02 9.997916051273617599e-01
1.230000000000000000e+02 9.998884931041844837e-01
1.240000000000000000e+02 9.999870574602403028e-01
1.250000000000000000e+02 9.999812870651687557e-01
1.260000000000000000e+02 9.998826340461604012e-01
1.270000000000000000e+02 9.998037735360686407e-01
