0.000000000000000000e+00 0.000000000000000000e+00
1.000000000000000000e+00 1.278516923334194200e-02
2.000000000000000000e+00 5.035879644821650292e-02
3.000000000000000000e+00 1.104391777451468881e-01
4.000000000000000000e+00 1.894305308612979077e-01
5.000000000000000000e+00 2.827129755142083756e-01
6.000000000000000000e+00 3.850094944935741337e-01
7.000000000000000000e+00 4.907957513944529726e-01
8.000000000000000000e+00 5.947152654306491204e-01
9.000000000000000000e+00 6.919628619546691617e-01
1.000000000000000000e+01 7.786034180176868436e-01
1.100000000000000000e+01 8.518002015525224513e-01
1.200000000000000000e+01 9.099367256512554958e-01
1.300000000000000000e+01 9.526269384598008427e-01
1.400000000000000000e+01 9.806195672744534297e-01
1.500000000000000000e+01 9.956123785299260120e-01
1.600000000000000000e+01 1.000000000000000000e+00
1.700000000000000000e+01 9.965840317274510252e-01
1.800000000000000000e+01 9.882760345240519939e-01
1.900000000000000000e+01 9.778225833786878818e-01
2.000000000000000000e+01 9.675772212344518897e-01
2.100000000000000000e+01 9.593374702672453624e-01
2.200000000000000000e+01 9.542569045491088309e-01
2.300000000000000000e+01 9.528336329268963789e-01
2.400000000000000000e+01 9.549683628256276924e-01
2.500000000000000000e+01 9.600783869093251210e-01
2.600000000000000000e+01 9.672490263339773575e-01
2.700000000000000000e+01 9.754016795443830601e-01
2.800000000000000000e+01 9.834577659359449164e-01
2.900000000000000000e+01 9.904803241375819134e-01
3.000000000000000000e+01 9.957793724286587711e-01
3.100000000000000000e+01 9.989727212999306438e-01
3.200000000000000000e+01 1.000000000000000000e+00
3.300000000000000000e+01 9.990934666384144736e-01
3.400000000000000000e+01 9.967140442783675169e-01
3.500000000000000000e+01 9.934644511018010382e-01
3.600000000000000000e+01 9.899929695168061539e-01
3.700000000000000000e+01 9.869012595966801804e-01
3.800000000000000000e+01 9.846678267325267297e-01
3.900000000000000000e+01 9.835956553703669725e-01
4.000000000000000000e+01 9.837886106172260003e-01
4.100000000000000000e+01 9.851570445082261651e-01
4.200000000000000000e+01 9.874491733570117669e-01
4.300000000000000000e+01 9.903016897716901967e-01
4.400000000000000000e+01 9.933010787674487752e-01
4.500000000000000000e+01 9.960463963455340464e-01
4.600000000000000000e+01 9.982048370443256102e-01
4.700000000000000000e+01 9.995530942368643368e-01
4.800000000000000000e+01 1.000000000000000000e+00
4.900000000000000000e+01 9.995888318072608802e-01
5.000000000000000000e+01 9.984805740743171176e-01
5.100000000000000000e+01 9.969219348710904871e-01
5.200000000000000000e+01 9.952037309518420027e-01
5.300000000000000000e+01 9.936161710173924133e-01
5.400000000000000000e+01 9.924075246233774461e-01
5.500000000000000000e+01 9.917517328325051729e-01
5.600000000000000000e+01 9.917288829679724582e-01
5.700000000000000000e+01 9.923204037606426775e-01
5.800000000000000000e+01 9.934186509517742847e-01
5.900000000000000000e+01 9.948485562734430410e-01
6.000000000000000000e+01 9.963974690260501976e-01
6.100000000000000000e+01 9.978484151033878424e-01
6.200000000000000000e+01 9.990118197673758527e-01
6.300000000000000000e+01 9.997512686241454283e-01
6.400000000000000000e+01 1.000000000000000000e+00
6.500000000000000000e+01 9.997663396850255957e-01
6.600000000000000000e+01 9.991279695100534486e-01
6.700000000000000000e+01 9.982165187346193624e-01
6.800000000000000000e+01 9.971952613524612818e-01
6.900000000000000000e+01 9.962335274916730432e-01
7.000000000000000000e+01 9.954817024085241828e-01
7.100000000000000000e+01 9.950503852049847886e-01
7.200000000000000000e+01 9.949964847584030769e-01
7.300000000000000000e+01 9.953178817448542492e-01
7.400000000000000000e+01 9.959569652669409967e-01
7.500000000000000000e+01 9.968120576689520895e-01
7.600000000000000000e+01 9.977546552101420607e-01
7.700000000000000000e+01 9.986496799797109913e-01
7.800000000000000000e+01 9.993756468089731726e-01
7.900000000000000000e+01 9.998418178447737725e-01
8.000000000000000000e+01 1.000000000000000000e+00
8.100000000000000000e+01 9.998495328713966623e-01
8.200000000000000000e+01 9.994350736445259953e-01
8.300000000000000000e+01 9.988378505733351842e-01
8.400000000000000000e+01 9.981619739928827562e-01
8.500000000000000000e+01 9.975180379775577810e-01
8.600000000000000000e+01 9.970065362090005934e-01
8.700000000000000000e+01 9.967035264656266547e-01
8.800000000000000000e+01 9.966505393837243876e-01
8.900000000000000000e+01 9.968500179040939990e-01
9.000000000000000000e+01 9.972667088644159294e-01
9.100000000000000000e+01 9.978345398367172159e-01
9.200000000000000000e+01 9.984677325725166419e-01
9.300000000000000000e+01 9.990743383743445616e-01
9.400000000000000000e+01 9.995701035746710206e-01
9.500000000000000000e+01 9.998906133151505005e-01
9.600000000000000000e+01 1.000000000000000000e+00
9.700000000000000000e+01 9.998950776032770049e-01
9.800000000000000000e+01 9.996044809647847140e-01
9.900000000000000000e+01 9.991831397408127424e-01
1.000000000000000000e+02 9.987030888493780845e-01
1.010000000000000000e+02 9.982421159090143492e-01
1.020000000000000000e+02 9.978720051712580696e-01
1.030000000000000000e+02 9.976481281759193021e-01
1.040000000000000000e+02 9.976018654759210014e-01
1.050000000000000000e+02 9.977368700061975959e-01
1.060000000000000000e+02 9.980295783020441958e-01
1.070000000000000000e+02 9.984337343338156590e-01
1.080000000000000000e+02 9.988881077240895356e-01
1.090000000000000000e+02 9.993261470078028674e-01
1.100000000000000000e+02 9.996860690236192282e-01
1.110000000000000000e+02 9.999198754296918512e-01
1.120000000000000000e+02 1.000000000000000000e+00
1.130000000000000000e+02 9.999226865979508050e-01
1.140000000000000000e+02 9.997077127720678247e-01
1.150000000000000000e+02 9.993946277958190016e-01
1.160000000000000000e+02 9.990361837465651096e-01
1.170000000000000000e+02 9.986900302715943090e-01
1.180000000000000000e+02 9.984099642201786917e-01
1.190000000000000000e+02 9.982380475826797550e-01
1.200000000000000000e+02 9.981987345130250988e-01
1.210000000000000000e+02 9.982958125686993700e-01
1.220000000000000000e+02 9.985125196050637086e-01
1.230000000000000000e+02 9.988147150762016757e-01
1.240000000000000000e+02 9.991565354119263942e-01
1.250000000000000000e+02 9.994876129663812225e-01
1.260000000000000000e+02 9.997607353984500067e-01
1.270000000000000000e+02 9.999387925580776049e-01
1.280000000000000000e+02 1.000000000000000000e+00
1.290000000000000000e+02 9.999406757508102483e-01
1.300000000000000000e+02 9.997752328512303777e-01
1.310000000000000000e+02 9.995334743080068751e-01
1.320000000000000000e+02 9.992556754186053825e-01
1.330000000000000000e+02 9.989862527213440035e-01
1.340000000000000000e+02 9.987670050012122935e-01
1.350000000000000000e+02 9.986309460531318516e-01
1.360000000000000000e+02 9.985976306762306409e-01
1.370000000000000000e+02 9.986706266619600481e-01
1.380000000000000000e+02 9.988374470595341448e-01
1.390000000000000000e+02 9.990718815997027269e-01
1.400000000000000000e+02 9.993383106374378322e-01
1.410000000000000000e+02 9.995973015743526702e-01
1.420000000000000000e+02 9.998116165039572234e-01
1.430000000000000000e+02 9.999517230754185748e-01
1.440000000000000000e+02 1.000000000000000000e+00
1.450000000000000000e+02 9.999530456679778245e-01
1.460000000000000000e+02 9.998217974847903866e-01
1.470000000000000000e+02 9.996295040307143775e-01
1.480000000000000000e+02 9.994079112716298674e-01
1.490000000000000000e+02 9.991922807255463335e-01
1.500000000000000000e+02 9.990160151911897657e-01
1.510000000000000000e+02 9.989057055312630107e-01
1.520000000000000000e+02 9.988773276050710859e-01
1.530000000000000000e+02 9.989341275500162043e-01
1.540000000000000000e+02 9.990664674397777834e-01
1.550000000000000000e+02 9.992536035125018090e-01
1.560000000000000000e+02 9.994670812168713336e-01
1.570000000000000000e+02 9.996751978822551177e-01
1.580000000000000000e+02 9.998478382945759080e-01
1.590000000000000000e+02 9.999609503251150056e-01
1.600000000000000000e+02 1.000000000000000000e+00
1.610000000000000000e+02 9.999619144774211099e-01
1.620000000000000000e+02 9.998552596854821672e-01
1.630000000000000000e+02 9.996986695998986150e-01
1.640000000000000000e+02 9.995178051938496955e-01
1.650000000000000000e+02 9.993413342291223023e-01
1.660000000000000000e+02 9.991965576209089761e-01
1.670000000000000000e+02 9.991053459004742843e-01
1.680000000000000000e+02 9.990809869964414336e-01
1.690000000000000000e+02 9.991263958481260143e-01
1.700000000000000000e+02 9.992339218616529406e-01
1.710000000000000000e+02 9.993867454734056688e-01
1.720000000000000000e+02 9.995616173774263258e-01
1.730000000000000000e+02 9.997324986668351121e-01
1.740000000000000000e+02 9.998745354467496460e-01
1.750000000000000000e+02 9.999677644136892862e-01
1.760000000000000000e+02 1.000000000000000000e+00
1.770000000000000000e+02 9.999684887857650528e-01
1.780000000000000000e+02 9.998801109451392888e-01
1.790000000000000000e+02 9.997501311631880050e-01
1.800000000000000000e+02 9.995997187806722195e-01
1.810000000000000000e+02 9.994526365003466584e-01
1.820000000000000000e+02 9.993316127823260731e-01
1.830000000000000000e+02 9.992549491420564811e-01
1.840000000000000000e+02 9.992338662862583210e-01
1.850000000000000000e+02 9.992709712729971328e-01
1.860000000000000000e+02 9.993600515031150211e-01
1.870000000000000000e+02 9.994871979292474506e-01
1.880000000000000000e+02 9.996330604485564875e-01
1.890000000000000000e+02 9.997758728087037250e-01
1.900000000000000000e+02 9.998947765979444569e-01
1.910000000000000000e+02 9.999729389317516537e-01
1.920000000000000000e+02 1.000000000000000000e+00
1.930000000000000000e+02 9.999734968769425913e-01
1.940000000000000000e+02 9.998990709742212601e-01
1.950000000000000000e+02 9.997894530598213647e-01
1.960000000000000000e+02 9.996624033864478509e-01
1.970000000000000000e+02 9.995379377048585479e-01
1.980000000000000000e+02 9.994352704265322407e-01
1.990000000000000000e+02 9.993699399464237576e-01
2.000000000000000000e+02 9.993515444246889867e-01
2.010000000000000000e+02 9.993824160743132179e-01
2.020000000000000000e+02 9.994574145133263698e-01
2.030000000000000000e+02 9.995648480765817467e-01
2.040000000000000000e+02 9.996883623724956980e-01
2.050000000000000000e+02 9.998094932206950114e-01
2.060000000000000000e+02 9.999104872086387319e-01
2.070000000000000000e+02 9.999769606097980157e-01
2.080000000000000000e+02 1.000000000000000000e+00
2.090000000000000000e+02 9.999773994452790804e-01
2.100000000000000000e+02 9.999138647434420157e-01
2.110000000000000000e+02 9.998201736843221887e-01
2.120000000000000000e+02 9.997114384232329565e-01
2.130000000000000000e+02 9.996047482727822286e-01
2.140000000000000000e+02 9.995165591274732808e-01
2.150000000000000000e+02 9.994602269728140032e-01
2.160000000000000000e+02 9.994440538620448233e-01
2.170000000000000000e+02 9.994701308547289109e-01
2.180000000000000000e+02 9.995341373159196685e-01
2.190000000000000000e+02 9.996261092218230448e-01
2.200000000000000000e+02 9.997320431506979688e-01
2.210000000000000000e+02 9.998360793718332751e-01
2.220000000000000000e+02 9.999229249895664751e-01
2.230000000000000000e+02 9.999801481061197928e-01
2.240000000000000000e+02 1.000000000000000000e+00
2.250000000000000000e+02 9.999804994601330099e-01
2.260000000000000000e+02 9.999256291641043237e-01
2.270000000000000000e+02 9.998446302586835310e-01
2.280000000000000000e+02 9.997505172455712907e-01
2.290000000000000000e+02 9.996580504640997233e-01
2.300000000000000000e+02 9.995814809414322877e-01
2.310000000000000000e+02 9.995324111583052673e-01
2.320000000000000000e+02 9.995180918732825548e-01
2.330000000000000000e+02 9.995404039827281428e-01
2.340000000000000000e+02 9.995956669917774873e-01
2.350000000000000000e+02 9.996752888073853205e-01
2.360000000000000000e+02 9.997671446512097493e-01
2.370000000000000000e+02 9.998574650180652723e-01
2.380000000000000000e+02 9.999329396791503122e-01
2.390000000000000000e+02 9.999827171297637207e-01
2.400000000000000000e+02 1.000000000000000000e+00
2.410000000000000000e+02 9.999830027921219333e-01
2.420000000000000000e+02 9.999351382280204925e-01
2.430000000000000000e+02 9.998644168842775182e-01
2.440000000000000000e+02 9.997821635396025863e-01
2.450000000000000000e+02 9.997012548835960688e-01
2.460000000000000000e+02 9.996341519895857175e-01
2.470000000000000000e+02 9.995910274192058020e-01
2.480000000000000000e+02 9.995782677059632526e-01
2.490000000000000000e+02 9.995975708749589295e-01
2.500000000000000000e+02 9.996457654688283290e-01
2.510000000000000000e+02 9.997153668098578416e-01
2.520000000000000000e+02 9.997957748880981210e-01
2.530000000000000000e+02 9.998749230983097203e-01
2.540000000000000000e+02 9.999411221276240935e-01
2.550000000000000000e+02 9.999848179187886821e-01
