0.000000000000000000e+00 0.000000000000000000e+00
1.000000000000000000e+00 3.208635955039174092e-03
2.000000000000000000e+00 1.278516923334194200e-02
3.000000000000000000e+00 2.858249322904504730e-02
4.000000000000000000e+00 5.035879644821628087e-02
5.000000000000000000e+00 7.778252725571033199e-02
6.000000000000000000e+00 1.104391777451468881e-01
7.000000000000000000e+00 1.478397252075223101e-01
8.000000000000000000e+00 1.894305308612979077e-01
9.000000000000000000e+00 2.346044619145374321e-01
1.000000000000000000e+01 2.827129755142085976e-01
1.100000000000000000e+01 3.330788823872178339e-01
1.200000000000000000e+01 3.850094944935739116e-01
1.300000000000000000e+01 4.378098550957675306e-01
1.400000000000000000e+01 4.907957513944528616e-01
1.500000000000000000e+01 5.433062191746269587e-01
1.600000000000000000e+01 5.947152654306488984e-01
1.700000000000000000e+01 6.444425581809380965e-01
1.800000000000000000e+01 6.919628619546689396e-01
1.900000000000000000e+01 7.368140318869382810e-01
2.000000000000000000e+01 7.786034180176866215e-01
2.100000000000000000e+01 8.170125731720030426e-01
2.200000000000000000e+01 8.518002015525222292e-01
2.300000000000000000e+01 8.828033297071408159e-01
2.400000000000000000e+01 9.099367256512552737e-01
2.500000000000000000e+01 9.331906344562697075e-01
2.600000000000000000e+01 9.526269384598007317e-01
2.700000000000000000e+01 9.683738863942287223e-01
2.800000000000000000e+01 9.806195672744534297e-01
2.900000000000000000e+01 9.896043310809291560e-01
3.000000000000000000e+01 9.956123785299259010e-01
3.100000000000000000e+01 9.989627561248231036e-01
3.200000000000000000e+01 1.000000000000000000e+00
3.300000000000000000e+01 9.990846727602893385e-01
3.400000000000000000e+01 9.965840317274510252e-01
3.500000000000000000e+01 9.928630550522949960e-01
3.600000000000000000e+01 9.882760345240521049e-01
3.700000000000000000e+01 9.831589212427996882e-01
3.800000000000000000e+01 9.778225833786878818e-01
3.900000000000000000e+01 9.725471048883422842e-01
4.000000000000000000e+01 9.675772212344518897e-01
4.100000000000000000e+01 9.631189538459712374e-01
4.200000000000000000e+01 9.593374702672453624e-01
4.300000000000000000e+01 9.563561626656860160e-01
4.400000000000000000e+01 9.542569045491088309e-01
4.500000000000000000e+01 9.530814150672517471e-01
4.600000000000000000e+01 9.528336329268963789e-01
4.700000000000000000e+01 9.534829784129882357e-01
4.800000000000000000e+01 9.549683628256276924e-01
4.900000000000000000e+01 9.572027902183636305e-01
5.000000000000000000e+01 9.600783869093251210e-01
5.100000000000000000e+01 9.634716899312513183e-01
5.200000000000000000e+01 9.672490263339773575e-01
5.300000000000000000e+01 9.712718208504284023e-01
5.400000000000000000e+01 9.754016795443829491e-01
5.500000000000000000e+01 9.795051112115958913e-01
5.600000000000000000e+01 9.834577659359448054e-01
5.700000000000000000e+01 9.871480906540992528e-01
5.800000000000000000e+01 9.904803241375818024e-01
5.900000000000000000e+01 9.933767777022098899e-01
6.000000000000000000e+01 9.957793724286587711e-01
6.100000000000000000e+01 9.976504279599734959e-01
6.200000000000000000e+01 9.989727212999306438e-01
6.300000000000000000e+01 9.997488557913718488e-01
6.400000000000000000e+01 1.000000000000000000e+00
6.500000000000000000e+01 9.997640730499302020e-01
6.600000000000000000e+01 9.990934666384144736e-01
6.700000000000000000e+01 9.980524041967167026e-01
6.800000000000000000e+01 9.967140442783675169e-01
6.900000000000000000e+01 9.951574381813469428e-01
7.000000000000000000e+01 9.934644511018010382e-01
7.100000000000000000e+01 9.917167519411165255e-01
7.200000000000000000e+01 9.899929695168061539e-01
7.300000000000000000e+01 9.883661027237901076e-01
7.400000000000000000e+01 9.869012595966801804e-01
7.500000000000000000e+01 9.856537857366850508e-01
7.600000000000000000e+01 9.846678267325267297e-01
7.700000000000000000e+01 9.839753525908558895e-01
7.800000000000000000e+01 9.835956553703669725e-01
7.900000000000000000e+01 9.835353147435171861e-01
8.000000000000000000e+01 9.837886106172260003e-01
8.100000000000000000e+01 9.843383477083205157e-01
8.200000000000000000e+01 9.851570445082261651e-01
8.300000000000000000e+01 9.862084287285796114e-01
8.400000000000000000e+01 9.874491733570117669e-01
8.500000000000000000e+01 9.888308020441319846e-01
8.600000000000000000e+01 9.903016897716901967e-01
8.700000000000000000e+01 9.918090846102626257e-01
8.800000000000000000e+01 9.933010787674487752e-01
8.900000000000000000e+01 9.947284618779407284e-01
9.000000000000000000e+01 9.960463963455339353e-01
9.100000000000000000e+01 9.972158632026799641e-01
9.200000000000000000e+01 9.982048370443254992e-01
9.300000000000000000e+01 9.989891597224027642e-01
9.400000000000000000e+01 9.995530942368643368e-01
9.500000000000000000e+01 9.998895522034298988e-01
9.600000000000000000e+01 1.000000000000000000e+00
9.700000000000000000e+01 9.998940597976357925e-01
9.800000000000000000e+01 9.995888318072608802e-01
9.900000000000000000e+01 9.991079729047098734e-01
1.000000000000000000e+02 9.984805740743171176e-01
1.010000000000000000e+02 9.977398846369368579e-01
1.020000000000000000e+02 9.969219348710904871e-01
1.030000000000000000e+02 9.960641103341661973e-01
1.040000000000000000e+02 9.952037309518420027e-01
1.050000000000000000e+02 9.943766858426373867e-01
1.060000000000000000e+02 9.936161710173924133e-01
1.070000000000000000e+02 9.929515717328022406e-01
1.080000000000000000e+02 9.924075246233774461e-01
1.090000000000000000e+02 9.920031870643198912e-01
1.100000000000000000e+02 9.917517328325051729e-01
1.110000000000000000e+02 9.916600843530793963e-01
1.120000000000000000e+02 9.917288829679724582e-01
1.130000000000000000e+02 9.919526900551562942e-01
1.140000000000000000e+02 9.923204037606426775e-01
1.150000000000000000e+02 9.928158688477266569e-01
1.160000000000000000e+02 9.934186509517742847e-01
1.170000000000000000e+02 9.941049415420303292e-01
1.180000000000000000e+02 9.948485562734430410e-01
1.190000000000000000e+02 9.956219872477281019e-01
1.200000000000000000e+02 9.963974690260501976e-01
1.210000000000000000e+02 9.971480190243268149e-01
1.220000000000000000e+02 9.978484151033878424e-01
1.230000000000000000e+02 9.984760766198289561e-01
1.240000000000000000e+02 9.990118197673758527e-01
1.250000000000000000e+02 9.994404635160999417e-01
1.260000000000000000e+02 9.997512686241454283e-01
1.270000000000000000e+02 9.999381988118268838e-01
1.280000000000000000e+02 1.000000000000000000e+00
1.290000000000000000e+02 9.999401002725770704e-01
1.300000000000000000e+02 9.997663396850255957e-01
1.310000000000000000e+02 9.994905449821724908e-01
1.320000000000000000e+02 9.991279695100534486e-01
1.330000000000000000e+02 9.986966229397588046e-01
1.340000000000000000e+02 9.982165187346193624e-01
1.350000000000000000e+02 9.977088694943850866e-01
1.360000000000000000e+02 9.971952613524612818e-01
1.370000000000000000e+02 9.966968384791452529e-01
1.380000000000000000e+02 9.962335274916730432e-01
1.390000000000000000e+02 9.958233292670592984e-01
1.400000000000000000e+02 9.954817024085241828e-01
1.410000000000000000e+02 9.952210585740749460e-01
1.420000000000000000e+02 9.950503852049847886e-01
1.430000000000000000e+02 9.949750060792357242e-01
1.440000000000000000e+02 9.949964847584030769e-01
1.450000000000000000e+02 9.951126705975881226e-01
1.460000000000000000e+02 9.953178817448542492e-01
1.470000000000000000e+02 9.956032146564479657e-01
1.480000000000000000e+02 9.959569652669409967e-01
1.490000000000000000e+02 9.963651432263795904e-01
1.500000000000000000e+02 9.968120576689519785e-01
1.510000000000000000e+02 9.972809508975517545e-01
1.520000000000000000e+02 9.977546552101420607e-01
1.530000000000000000e+02 9.982162478762514057e-01
1.540000000000000000e+02 9.986496799797109913e-01
1.550000000000000000e+02 9.990403564279455306e-01
1.560000000000000000e+02 9.993756468089731726e-01
1.570000000000000000e+02 9.996453098478259580e-01
1.580000000000000000e+02 9.998418178447737725e-01
1.590000000000000000e+02 9.999605715215361679e-01
1.600000000000000000e+02 1.000000000000000000e+00
1.610000000000000000e+02 9.999615450266562400e-01
1.620000000000000000e+02 9.998495328713966623e-01
1.630000000000000000e+02 9.996709414143950534e-01
1.640000000000000000e+02 9.994350736445259953e-01
1.650000000000000000e+02 9.991531519993165356e-01
1.660000000000000000e+02 9.988378505733351842e-01
1.670000000000000000e+02 9.985027841276190586e-01
1.680000000000000000e+02 9.981619739928827562e-01
1.690000000000000000e+02 9.978293113481697674e-01
1.700000000000000000e+02 9.975180379775577810e-01
1.710000000000000000e+02 9.972402634919754760e-01
1.720000000000000000e+02 9.970065362090005934e-01
1.730000000000000000e+02 9.968254824922712087e-01
1.740000000000000000e+02 9.967035264656266547e-01
1.750000000000000000e+02 9.966446987531196733e-01
1.760000000000000000e+02 9.966505393837243876e-01
1.770000000000000000e+02 9.967200963744228259e-01
1.780000000000000000e+02 9.968500179040939990e-01
1.790000000000000000e+02 9.970347325461497157e-01
1.800000000000000000e+02 9.972667088644159294e-01
1.810000000000000000e+02 9.975367829055539204e-01
1.820000000000000000e+02 9.978345398367172159e-01
1.830000000000000000e+02 9.981487342534884899e-01
1.840000000000000000e+02 9.984677325725166419e-01
1.850000000000000000e+02 9.987799604539129295e-01
1.860000000000000000e+02 9.990743383743445616e-01
1.870000000000000000e+02 9.993406892728242674e-01
1.880000000000000000e+02 9.995701035746710206e-01
1.890000000000000000e+02 9.997552488015190031e-01
1.900000000000000000e+02 9.998906133151505005e-01
1.910000000000000000e+02 9.999726764243291877e-01
1.920000000000000000e+02 1.000000000000000000e+00
1.930000000000000000e+02 9.999732397818990037e-01
1.940000000000000000e+02 9.998950776032770049e-01
1.950000000000000000e+02 9.997700786966222664e-01
1.960000000000000000e+02 9.996044809647847140e-01
1.970000000000000000e+02 9.994059255116439777e-01
1.980000000000000000e+02 9.991831397408128534e-01
1.990000000000000000e+02 9.989455858825577739e-01
2.000000000000000000e+02 9.987030888493780845e-01
2.010000000000000000e+02 9.984654578207241560e-01
2.020000000000000000e+02 9.982421159090143492e-01
2.030000000000000000e+02 9.980417516748489870e-01
2.040000000000000000e+02 9.978720051712580696e-01
2.050000000000000000e+02 9.977391996552333886e-01
2.060000000000000000e+02 9.976481281759193021e-01
2.070000000000000000e+02 9.976019020120491243e-01
2.080000000000000000e+02 9.976018654759210014e-01
2.090000000000000000e+02 9.976475790232433027e-01
2.100000000000000000e+02 9.977368700061975959e-01
2.110000000000000000e+02 9.978659478787804682e-01
2.120000000000000000e+02 9.980295783020441958e-01
2.130000000000000000e+02 9.982213084874882458e-01
2.140000000000000000e+02 9.984337343338156590e-01
2.150000000000000000e+02 9.986587985162806991e-01
2.160000000000000000e+02 9.988881077240895356e-01
2.170000000000000000e+02 9.991132567379891194e-01
2.180000000000000000e+02 9.993261470078028674e-01
2.190000000000000000e+02 9.995192878209668841e-01
2.200000000000000000e+02 9.996860690236192282e-01
2.210000000000000000e+02 9.998209955250518810e-01
2.220000000000000000e+02 9.999198754296918512e-01
2.230000000000000000e+02 9.999799555317009370e-01
2.240000000000000000e+02 1.000000000000000000e+00
2.250000000000000000e+02 9.999803102940435506e-01
2.260000000000000000e+02 9.999226865979508050e-01
2.270000000000000000e+02 9.998303332577589408e-01
2.280000000000000000e+02 9.997077127720678247e-01
2.290000000000000000e+02 9.995603547449780635e-01
2.300000000000000000e+02 9.993946277958190016e-01
2.310000000000000000e+02 9.992174836778765501e-01
2.320000000000000000e+02 9.990361837465651096e-01
2.330000000000000000e+02 9.988580184091635505e-01
2.340000000000000000e+02 9.986900302715943090e-01
2.350000000000000000e+02 9.985387513765296985e-01
2.360000000000000000e+02 9.984099642201786917e-01
2.370000000000000000e+02 9.983084951754737091e-01
2.380000000000000000e+02 9.982380475826797550e-01
2.390000000000000000e+02 9.982010801511579379e-01
2.400000000000000000e+02 9.981987345130250988e-01
2.410000000000000000e+02 9.982308138515916252e-01
2.420000000000000000e+02 9.982958125686993700e-01
2.430000000000000000e+02 9.983909950297411573e-01
2.440000000000000000e+02 9.985125196050637086e-01
2.450000000000000000e+02 9.986556025784065760e-01
2.460000000000000000e+02 9.988147150762016757e-01
2.470000000000000000e+02 9.989838050355698273e-01
2.480000000000000000e+02 9.991565354119263942e-01
2.490000000000000000e+02 9.993265293549324912e-01
2.500000000000000000e+02 9.994876129663812225e-01
2.510000000000000000e+02 9.996340464942047310e-01
2.520000000000000000e+02 9.997607353984500067e-01
2.530000000000000000e+02 9.998634136205699630e-01
2.540000000000000000e+02 9.999387925580776049e-01
2.550000000000000000e+02 9.999846706441515298e-01
2.560000000000000000e+02 1.000000000000000000e+00
2.570000000000000000e+02 9.999849083049849874e-01
2.580000000000000000e+02 9.999406757508102483e-01
2.590000000000000000e+02 9.998696686459512817e-01
2.600000000000000000e+02 9.997752328512303777e-01
2.610000000000000000e+02 9.996615516974411975e-01
2.620000000000000000e+02 9.995334743080068751e-01
2.630000000000000000e+02 9.993963212788267159e-01
2.640000000000000000e+02 9.992556754186053825e-01
2.650000000000000000e+02 9.991171657018879104e-01
2.660000000000000000e+02 9.989862527213441146e-01
2.670000000000000000e+02 9.988680237451620370e-01
2.680000000000000000e+02 9.987670050012122935e-01
2.690000000000000000e+02 9.986869980446813067e-01
2.700000000000000000e+02 9.986309460531318516e-01
2.710000000000000000e+02 9.986008346742867303e-01
2.720000000000000000e+02 9.985976306762306409e-01
2.730000000000000000e+02 9.986212601714002934e-01
2.740000000000000000e+02 9.986706266619600481e-01
2.750000000000000000e+02 9.987436676431230564e-01
2.760000000000000000e+02 9.988374470595341448e-01
2.770000000000000000e+02 9.989482795914041979e-01
2.780000000000000000e+02 9.990718815997026159e-01
2.790000000000000000e+02 9.992035426242606988e-01
2.800000000000000000e+02 9.993383106374378322e-01
2.810000000000000000e+02 9.994711838317038577e-01
2.820000000000000000e+02 9.995973015743526702e-01
2.830000000000000000e+02 9.997121272981481788e-01
2.840000000000000000e+02 9.998116165039572234e-01
2.850000000000000000e+02 9.998923637111610807e-01
2.860000000000000000e+02 9.999517230754185748e-01
2.870000000000000000e+02 9.999878984646645153e-01
2.880000000000000000e+02 1.000000000000000000e+00
2.890000000000000000e+02 9.999880653803948638e-01
2.900000000000000000e+02 9.999530456679778245e-01
2.910000000000000000e+02 9.998967565621457165e-01
2.920000000000000000e+02 9.998217974847903866e-01
2.930000000000000000e+02 9.997314419874593350e-01
2.940000000000000000e+02 9.996295040307143775e-01
2.950000000000000000e+02 9.995201855390424273e-01
2.960000000000000000e+02 9.994079112716298674e-01
2.970000000000000000e+02 9.992971574489573072e-01
2.980000000000000000e+02 9.991922807255463335e-01
2.990000000000000000e+02 9.990973539979289830e-01
3.000000000000000000e+02 9.990160151911897657e-01
3.010000000000000000e+02 9.989513345935605582e-01
3.020000000000000000e+02 9.989057055312630107e-01
3.030000000000000000e+02 9.988807622271704822e-01
3.040000000000000000e+02 9.988773276050710859e-01
3.050000000000000000e+02 9.988953926290168317e-01
3.060000000000000000e+02 9.989341275500162043e-01
3.070000000000000000e+02 9.989919242168212588e-01
3.080000000000000000e+02 9.990664674397777834e-01
3.090000000000000000e+02 9.991548323202401605e-01
3.100000000000000000e+02 9.992536035125018090e-01
3.110000000000000000e+02 9.993590116046677796e-01
3.120000000000000000e+02 9.994670812168713336e-01
3.130000000000000000e+02 9.995737850395040036e-01
3.140000000000000000e+02 9.996751978822551177e-01
3.150000000000000000e+02 9.997676448796311011e-01
3.160000000000000000e+02 9.998478382945759080e-01
3.170000000000000000e+02 9.999129978648315653e-01
3.180000000000000000e+02 9.999609503251150056e-01
3.190000000000000000e+02 9.999902045836416287e-01
3.200000000000000000e+02 1.000000000000000000e+00
3.210000000000000000e+02 9.999903262646514523e-01
3.220000000000000000e+02 9.999619144774211099e-01
3.230000000000000000e+02 9.999162001211462369e-01
3.240000000000000000e+02 9.998552596854821672e-01
3.250000000000000000e+02 9.997817236750901060e-01
3.260000000000000000e+02 9.996986695998986150e-01
3.270000000000000000e+02 9.996094992615208730e-01
3.280000000000000000e+02 9.995178051938496955e-01
3.290000000000000000e+02 9.994272314688064096e-01
3.300000000000000000e+02 9.993413342291223023e-01
3.310000000000000000e+02 9.992634472555823599e-01
3.320000000000000000e+02 9.991965576209089761e-01
3.330000000000000000e+02 9.991431960384815625e-01
3.340000000000000000e+02 9.991053459004742843e-01
3.350000000000000000e+02 9.990843742420520979e-01
3.360000000000000000e+02 9.990809869964414336e-01
3.370000000000000000e+02 9.990952099544267995e-01
3.380000000000000000e+02 9.991263958481260143e-01
3.390000000000000000e+02 9.991732569809798070e-01
3.400000000000000000e+02 9.992339218616529406e-01
3.410000000000000000e+02 9.993060134051896526e-01
3.420000000000000000e+02 9.993867454734056688e-01
3.430000000000000000e+02 9.994730338669693959e-01
3.440000000000000000e+02 9.995616173774263258e-01
3.450000000000000000e+02 9.996491841758888830e-01
3.460000000000000000e+02 9.997324986668350011e-01
3.470000000000000000e+02 9.998085239739670227e-01
3.480000000000000000e+02 9.998745354467496460e-01
3.490000000000000000e+02 9.999282209705918634e-01
3.500000000000000000e+02 9.999677644136892862e-01
3.510000000000000000e+02 9.999919092266780218e-01
3.520000000000000000e+02 1.000000000000000000e+00
3.530000000000000000e+02 9.999920006471118006e-01
3.540000000000000000e+02 9.999684887857650528e-01
3.550000000000000000e+02 9.999306267997545294e-01
3.560000000000000000e+02 9.998801109451392888e-01
3.570000000000000000e+02 9.998191006848339280e-01
3.580000000000000000e+02 9.997501311631880050e-01
3.590000000000000000e+02 9.996760123411144727e-01
3.600000000000000000e+02 9.995997187806722195e-01
3.610000000000000000e+02 9.995242743795327289e-01
3.620000000000000000e+02 9.994526365003466584e-01
3.630000000000000000e+02 9.993875839140378137e-01
3.640000000000000000e+02 9.993316127823260731e-01
3.650000000000000000e+02 9.992868445525328047e-01
3.660000000000000000e+02 9.992549491420564811e-01
3.670000000000000000e+02 9.992370861712114305e-01
3.680000000000000000e+02 9.992338662862583210e-01
3.690000000000000000e+02 9.992453338277060837e-01
3.700000000000000000e+02 9.992709712729971328e-01
3.710000000000000000e+02 9.993097250493034878e-01
3.720000000000000000e+02 9.993600515031150211e-01
3.730000000000000000e+02 9.994199810590808086e-01
3.740000000000000000e+02 9.994871979292474506e-01
3.750000000000000000e+02 9.995591321700627585e-01
3.760000000000000000e+02 9.996330604485564875e-01
3.770000000000000000e+02 9.997062115862010989e-01
3.780000000000000000e+02 9.997758728087037250e-01
3.790000000000000000e+02 9.998394926461204868e-01
3.800000000000000000e+02 9.998947765979443458e-01
3.810000000000000000e+02 9.999397719941242046e-01
3.820000000000000000e+02 9.999729389317516537e-01
3.830000000000000000e+02 9.999932047299794347e-01
3.840000000000000000e+02 1.000000000000000000e+00
3.850000000000000000e+02 9.999932751468102454e-01
3.860000000000000000e+02 9.999734968769425913e-01
3.870000000000000000e+02 9.999416250521740990e-01
3.880000000000000000e+02 9.998990709742212601e-01
3.890000000000000000e+02 9.998476388814598881e-01
3.900000000000000000e+02 9.997894530598213647e-01
3.910000000000000000e+02 9.997268734933391077e-01
3.920000000000000000e+02 9.996624033864478509e-01
3.930000000000000000e+02 9.995985921657963846e-01
3.940000000000000000e+02 9.995379377048585479e-01
3.950000000000000000e+02 9.994827915062897139e-01
3.960000000000000000e+02 9.994352704265322407e-01
3.970000000000000000e+02 9.993971782417957472e-01
3.980000000000000000e+02 9.993699399464237576e-01
3.990000000000000000e+02 9.993545511605724796e-01
4.000000000000000000e+02 9.993515444246889867e-01
4.010000000000000000e+02 9.993609734971442560e-01
4.020000000000000000e+02 9.993824160743132179e-01
4.030000000000000000e+02 9.994149946463015688e-01
4.040000000000000000e+02 9.994574145133263698e-01
4.050000000000000000e+02 9.995080173435076931e-01
4.060000000000000000e+02 9.995648480765817467e-01
4.070000000000000000e+02 9.996257324910809983e-01
4.080000000000000000e+02 9.996883623724956980e-01
4.090000000000000000e+02 9.997503849602474846e-01
4.100000000000000000e+02 9.998094932206950114e-01
4.110000000000000000e+02 9.998635134955475845e-01
4.120000000000000000e+02 9.999104872086387319e-01
4.130000000000000000e+02 9.999487435726249762e-01
4.140000000000000000e+02 9.999769606097980157e-01
4.150000000000000000e+02 9.999942122725269389e-01
4.160000000000000000e+02 1.000000000000000000e+00
4.170000000000000000e+02 9.999942676571603739e-01
4.180000000000000000e+02 9.999773994452790804e-01
4.190000000000000000e+02 9.999502010266463348e-01
4.200000000000000000e+02 9.999138647434420157e-01
4.210000000000000000e+02 9.998699204088297154e-01
4.220000000000000000e+02 9.998201736843221887e-01
4.230000000000000000e+02 9.997666345116508202e-01
4.240000000000000000e+02 9.997114384232329565e-01
4.250000000000000000e+02 9.996567638002218370e-01
4.260000000000000000e+02 9.996047482727822286e-01
4.270000000000000000e+02 9.995574074599699044e-01
4.280000000000000000e+02 9.995165591274732808e-01
4.290000000000000000e+02 9.994837556061485495e-01
4.300000000000000000e+02 9.994602269728140032e-01
4.310000000000000000e+02 9.994468370611392372e-01
4.320000000000000000e+02 9.994440538620448233e-01
4.330000000000000000e+02 9.994519353098810788e-01
4.340000000000000000e+02 9.994701308547289109e-01
4.350000000000000000e+02 9.994978986154640088e-01
4.360000000000000000e+02 9.995341373159196685e-01
4.370000000000000000e+02 9.995774316500000145e-01
4.380000000000000000e+02 9.996261092218230448e-01
4.390000000000000000e+02 9.996783067824216440e-01
4.400000000000000000e+02 9.997320431506979688e-01
4.410000000000000000e+02 9.997852959751090118e-01
4.420000000000000000e+02 9.998360793718332751e-01
4.430000000000000000e+02 9.998825194685394546e-01
4.440000000000000000e+02 9.999229249895664751e-01
4.450000000000000000e+02 9.999558502332486221e-01
4.460000000000000000e+02 9.999801481061197928e-01
4.470000000000000000e+02 9.999950112789511847e-01
4.480000000000000000e+02 1.000000000000000000e+00
4.490000000000000000e+02 9.999950556229183496e-01
4.500000000000000000e+02 9.999804994601330099e-01
4.510000000000000000e+02 9.999570171358009851e-01
4.520000000000000000e+02 9.999256291641043237e-01
4.530000000000000000e+02 9.998876489977602811e-01
4.540000000000000000e+02 9.998446302586835310e-01
4.550000000000000000e+02 9.997983052604041410e-01
4.560000000000000000e+02 9.997505172455714018e-01
4.570000000000000000e+02 9.997031489804359961e-01
4.580000000000000000e+02 9.996580504640997233e-01
4.590000000000000000e+02 9.996169685200320121e-01
4.600000000000000000e+02 9.995814809414322877e-01
4.610000000000000000e+02 9.995529376650362785e-01
4.620000000000000000e+02 9.995324111583052673e-01
4.630000000000000000e+02 9.995206578344549841e-01
4.640000000000000000e+02 9.995180918732825548e-01
4.650000000000000000e+02 9.995247723404522278e-01
4.660000000000000000e+02 9.995404039827281428e-01
4.670000000000000000e+02 9.995643515514821553e-01
4.680000000000000000e+02 9.995956669917774873e-01
4.690000000000000000e+02 9.996331283489748865e-01
4.700000000000000000e+02 9.996752888073853205e-01
4.710000000000000000e+02 9.997205339022772197e-01
4.720000000000000000e+02 9.997671446512097493e-01
4.730000000000000000e+02 9.998133641438310404e-01
4.740000000000000000e+02 9.998574650180652723e-01
4.750000000000000000e+02 9.998978152384770945e-01
4.760000000000000000e+02 9.999329396791503122e-01
4.770000000000000000e+02 9.999615751945425401e-01
4.780000000000000000e+02 9.999827171297637207e-01
4.790000000000000000e+02 9.999956555656397406e-01
4.800000000000000000e+02 1.000000000000000000e+00
4.810000000000000000e+02 9.999956916188811329e-01
4.820000000000000000e+02 9.999830027921219333e-01
4.830000000000000000e+02 9.999625239185691017e-01
4.840000000000000000e+02 9.999351382280204925e-01
4.850000000000000000e+02 9.999019856017914432e-01
4.860000000000000000e+02 9.998644168842775182e-01
4.870000000000000000e+02 9.998239405088150678e-01
4.880000000000000000e+02 9.997821635396025863e-01
4.890000000000000000e+02 9.997407294274240908e-01
4.900000000000000000e+02 9.997012548835960688e-01
4.910000000000000000e+02 9.996652682906113085e-01
4.920000000000000000e+02 9.996341519895857175e-01
4.930000000000000000e+02 9.996090906175758573e-01
4.940000000000000000e+02 9.995910274192058020e-01
4.950000000000000000e+02 9.995806301369831726e-01
4.960000000000000000e+02 9.995782677059632526e-01
4.970000000000000000e+02 9.995839985559809016e-01
4.980000000000000000e+02 9.995975708749589295e-01
4.990000000000000000e+02 9.996184347272146775e-01
5.000000000000000000e+02 9.996457654688283290e-01
5.010000000000000000e+02 9.996784974751847797e-01
5.020000000000000000e+02 9.997153668098578416e-01
5.030000000000000000e+02 9.997549611334579645e-01
5.040000000000000000e+02 9.997957748880981210e-01
5.050000000000000000e+02 9.998362676072352073e-01
5.060000000000000000e+02 9.998749230983097203e-01
5.070000000000000000e+02 9.999103072300665751e-01
5.080000000000000000e+02 9.999411221276240935e-01
5.090000000000000000e+02 9.999662547328405093e-01
5.100000000000000000e+02 9.999848179187886821e-01
5.110000000000000000e+02 9.999961826457310909e-01
