0.000000000000000 1024.000000000000000
1.000000000000000 0.000003137458806
2.000000000000000 0.000012549787975
3.000000000000000 0.000028236845758
4.000000000000000 0.000050198395914
5.000000000000000 0.000078434107710
6.000000000000000 0.000112943555929
7.000000000000000 0.000153726220878
8.000000000000000 0.000200781488403
9.000000000000000 0.000254108649894
10.000000000000000 0.000313706902304
11.000000000000000 0.000379575348166
12.000000000000000 0.000451712995607
13.000000000000000 0.000530118758372
14.000000000000000 0.000614791455842
15.000000000000000 0.000705729813064
16.000000000000000 0.000802932460769
17.000000000000000 0.000906397935405
18.000000000000000 0.001016124679165
19.000000000000000 0.001132111040019
20.000000000000000 0.001254355271743
21.000000000000000 0.001382855533963
22.000000000000000 0.001517609892184
23.000000000000000 0.001658616317833
24.000000000000000 0.001805872688296
25.000000000000000 0.001959376786969
26.000000000000000 0.002119126303292
27.000000000000000 0.002285118832805
28.000000000000000 0.002457351877191
29.000000000000000 0.002635822844326
30.000000000000000 0.002820529048336
31.000000000000000 0.003011467709646
32.000000000000000 0.003208635955039
33.000000000000000 0.003412030817715
34.000000000000000 0.003621649237345
35.000000000000000 0.003837488060141
36.000000000000000 0.004059544038911
37.000000000000000 0.004287813833134
38.000000000000000 0.004522294009015
39.000000000000000 0.004762981039569
40.000000000000000 0.005009871304677
41.000000000000000 0.005262961091172
42.000000000000000 0.005522246592905
43.000000000000000 0.005787723910826
44.000000000000000 0.006059389053061
45.000000000000000 0.006337237934992
46.000000000000000 0.006621266379340
47.000000000000000 0.006911470116252
48.000000000000000 0.007207844783383
49.000000000000000 0.007510385925982
50.000000000000000 0.007819088996989
51.000000000000000 0.008133949357120
52.000000000000000 0.008454962274965
53.000000000000000 0.008782122927080
54.000000000000000 0.009115426398085
55.000000000000000 0.009454867680764
56.000000000000000 0.009800441676164
57.000000000000000 0.010152143193702
58.000000000000000 0.010509966951263
59.000000000000000 0.010873907575312
60.000000000000000 0.011243959600998
61.000000000000000 0.011620117472269
62.000000000000000 0.012002375541976
63.000000000000000 0.012390728071997
64.000000000000000 0.012785169233342
65.000000000000000 0.013185693106279
66.000000000000000 0.013592293680447
67.000000000000000 0.014004964854981
68.000000000000000 0.014423700438633
69.000000000000000 0.014848494149895
70.000000000000000 0.015279339617128
71.000000000000000 0.015716230378691
72.000000000000000 0.016159159883067
73.000000000000000 0.016608121488998
74.000000000000000 0.017063108465616
75.000000000000000 0.017524113992583
76.000000000000000 0.017991131160223
77.000000000000000 0.018464152969663
78.000000000000000 0.018943172332976
79.000000000000000 0.019428182073317
80.000000000000000 0.019919174925077
81.000000000000000 0.020416143534018
82.000000000000000 0.020919080457431
83.000000000000000 0.021427978164279
84.000000000000000 0.021942829035350
85.000000000000000 0.022463625363412
86.000000000000000 0.022990359353365
87.000000000000000 0.023523023122398
88.000000000000000 0.024061608700152
89.000000000000000 0.024606108028872
90.000000000000000 0.025156512963575
91.000000000000000 0.025712815272214
92.000000000000000 0.026275006635837
93.000000000000000 0.026843078648760
94.000000000000000 0.027417022818736
95.000000000000000 0.027996830567119
96.000000000000000 0.028582493229045
97.000000000000000 0.029174002053598
98.000000000000000 0.029771348203990
99.000000000000000 0.030374522757740
100.000000000000000 0.030983516706846
101.000000000000000 0.031598320957973
102.000000000000000 0.032218926332632
103.000000000000000 0.032845323567365
104.000000000000000 0.033477503313930
105.000000000000000 0.034115456139488
106.000000000000000 0.034759172526793
107.000000000000000 0.035408642874385
108.000000000000000 0.036063857496779
109.000000000000000 0.036724806624660
110.000000000000000 0.037391480405079
111.000000000000000 0.038063868901651
112.000000000000000 0.038741962094754
113.000000000000000 0.039425749881729
114.000000000000000 0.040115222077083
115.000000000000000 0.040810368412692
116.000000000000000 0.041511178538010
117.000000000000000 0.042217642020270
118.000000000000000 0.042929748344698
119.000000000000000 0.043647486914725
120.000000000000000 0.044370847052190
121.000000000000000 0.045099817997566
122.000000000000000 0.045834388910165
123.000000000000000 0.046574548868360
124.000000000000000 0.047320286869804
125.000000000000000 0.048071591831647
126.000000000000000 0.048828452590760
127.000000000000000 0.049590857903955
128.000000000000000 0.050358796448216
129.000000000000000 0.051132256820919
130.000000000000000 0.051911227540064
131.000000000000000 0.052695697044501
132.000000000000000 0.053485653694164
133.000000000000000 0.054281085770302
134.000000000000000 0.055081981475715
135.000000000000000 0.055888328934986
136.000000000000000 0.056700116194723
137.000000000000000 0.057517331223791
138.000000000000000 0.058339961913561
139.000000000000000 0.059167996078142
140.000000000000000 0.060001421454633
141.000000000000000 0.060840225703361
142.000000000000000 0.061684396408132
143.000000000000000 0.062533921076475
144.000000000000000 0.063388787139893
145.000000000000000 0.064248981954114
146.000000000000000 0.065114492799342
147.000000000000000 0.065985306880511
148.000000000000000 0.066861411327539
149.000000000000000 0.067742793195588
150.000000000000000 0.068629439465316
151.000000000000000 0.069521337043143
152.000000000000000 0.070418472761508
153.000000000000000 0.071320833379128
154.000000000000000 0.072228405581269
155.000000000000000 0.073141175980008
156.000000000000000 0.074059131114495
157.000000000000000 0.074982257451229
158.000000000000000 0.075910541384319
159.000000000000000 0.076843969235762
160.000000000000000 0.077782527255710
161.000000000000000 0.078726201622745
162.000000000000000 0.079674978444154
163.000000000000000 0.080628843756205
164.000000000000000 0.081587783524424
165.000000000000000 0.082551783643874
166.000000000000000 0.083520829939439
167.000000000000000 0.084494908166096
168.000000000000000 0.085474004009210
169.000000000000000 0.086458103084807
170.000000000000000 0.087447190939868
171.000000000000000 0.088441253052612
172.000000000000000 0.089440274832783
173.000000000000000 0.090444241621942
174.000000000000000 0.091453138693758
175.000000000000000 0.092466951254296
176.000000000000000 0.093485664442316
177.000000000000000 0.094509263329562
178.000000000000000 0.095537732921063
179.000000000000000 0.096571058155425
180.000000000000000 0.097609223905135
181.000000000000000 0.098652214976854
182.000000000000000 0.099700016111725
183.000000000000000 0.100752611985668
184.000000000000000 0.101809987209688
185.000000000000000 0.102872126330179
186.000000000000000 0.103939013829228
187.000000000000000 0.105010634124923
188.000000000000000 0.106086971571661
189.000000000000000 0.107168010460457
190.000000000000000 0.108253735019256
191.000000000000000 0.109344129413240
192.000000000000000 0.110439177745147
193.000000000000000 0.111538864055582
194.000000000000000 0.112643172323332
195.000000000000000 0.113752086465681
196.000000000000000 0.114865590338732
197.000000000000000 0.115983667737720
198.000000000000000 0.117106302397335
199.000000000000000 0.118233477992042
200.000000000000000 0.119365178136404
201.000000000000000 0.120501386385402
202.000000000000000 0.121642086234762
203.000000000000000 0.122787261121279
204.000000000000000 0.123936894423145
205.000000000000000 0.125090969460272
206.000000000000000 0.126249469494624
207.000000000000000 0.127412377730548
208.000000000000000 0.128579677315101
209.000000000000000 0.129751351338379
210.000000000000000 0.130927382833859
211.000000000000000 0.132107754778724
212.000000000000000 0.133292450094199
213.000000000000000 0.134481451645892
214.000000000000000 0.135674742244124
215.000000000000000 0.136872304644270
216.000000000000000 0.138074121547097
217.000000000000000 0.139280175599104
218.000000000000000 0.140490449392863
219.000000000000000 0.141704925467357
220.000000000000000 0.142923586308327
221.000000000000000 0.144146414348615
222.000000000000000 0.145373391968505
223.000000000000000 0.146604501496071
224.000000000000000 0.147839725207522
225.000000000000000 0.149079045327552
226.000000000000000 0.150322444029683
227.000000000000000 0.151569903436619
228.000000000000000 0.152821405620592
229.000000000000000 0.154076932603714
230.000000000000000 0.155336466358332
231.000000000000000 0.156599988807374
232.000000000000000 0.157867481824708
233.000000000000000 0.159138927235493
234.000000000000000 0.160414306816537
235.000000000000000 0.161693602296647
236.000000000000000 0.162976795356993
237.000000000000000 0.164263867631462
238.000000000000000 0.165554800707014
239.000000000000000 0.166849576124047
240.000000000000000 0.168148175376752
241.000000000000000 0.169450579913475
242.000000000000000 0.170756771137078
243.000000000000000 0.172066730405305
244.000000000000000 0.173380439031139
245.000000000000000 0.174697878283172
246.000000000000000 0.176019029385963
247.000000000000000 0.177343873520410
248.000000000000000 0.178672391824110
249.000000000000000 0.180004565391730
250.000000000000000 0.181340375275374
251.000000000000000 0.182679802484947
252.000000000000000 0.184022827988528
253.000000000000000 0.185369432712741
254.000000000000000 0.186719597543119
255.000000000000000 0.188073303324480
256.000000000000000 0.189430530861298
257.000000000000000 0.190791260918071
258.000000000000000 0.192155474219701
259.000000000000000 0.193523151451859
260.000000000000000 0.194894273261368
261.000000000000000 0.196268820256572
262.000000000000000 0.197646773007709
263.000000000000000 0.199028112047295
264.000000000000000 0.200412817870494
265.000000000000000 0.201800870935498
266.000000000000000 0.203192251663903
267.000000000000000 0.204586940441087
268.000000000000000 0.205984917616592
269.000000000000000 0.207386163504501
270.000000000000000 0.208790658383816
271.000000000000000 0.210198382498843
272.000000000000000 0.211609316059569
273.000000000000000 0.213023439242045
274.000000000000000 0.214440732188768
275.000000000000000 0.215861175009064
276.000000000000000 0.217284747779471
277.000000000000000 0.218711430544119
278.000000000000000 0.220141203315120
279.000000000000000 0.221574046072948
280.000000000000000 0.223009938766823
281.000000000000000 0.224448861315102
282.000000000000000 0.225890793605657
283.000000000000000 0.227335715496269
284.000000000000000 0.228783606815007
285.000000000000000 0.230234447360622
286.000000000000000 0.231688216902928
287.000000000000000 0.233144895183196
288.000000000000000 0.234604461914537
289.000000000000000 0.236066896782293
290.000000000000000 0.237532179444426
291.000000000000000 0.239000289531906
292.000000000000000 0.240471206649102
293.000000000000000 0.241944910374170
294.000000000000000 0.243421380259448
295.000000000000000 0.244900595831839
296.000000000000000 0.246382536593210
297.000000000000000 0.247867182020776
298.000000000000000 0.249354511567498
299.000000000000000 0.250844504662471
300.000000000000000 0.252337140711315
301.000000000000000 0.253832399096571
302.000000000000000 0.255330259178093
303.000000000000000 0.256830700293438
304.000000000000000 0.258333701758262
305.000000000000000 0.259839242866711
306.000000000000000 0.261347302891817
307.000000000000000 0.262857861085891
308.000000000000000 0.264370896680916
309.000000000000000 0.265886388888944
310.000000000000000 0.267404316902485
311.000000000000000 0.268924659894908
312.000000000000000 0.270447397020832
313.000000000000000 0.271972507416521
314.000000000000000 0.273499970200281
315.000000000000000 0.275029764472853
316.000000000000000 0.276561869317811
317.000000000000000 0.278096263801954
318.000000000000000 0.279632926975704
319.000000000000000 0.281171837873504
320.000000000000000 0.282712975514209
321.000000000000000 0.284256318901482
322.000000000000000 0.285801847024198
323.000000000000000 0.287349538856828
324.000000000000000 0.288899373359846
325.000000000000000 0.290451329480119
326.000000000000000 0.292005386151305
327.000000000000000 0.293561522294248
328.000000000000000 0.295119716817378
329.000000000000000 0.296679948617105
330.000000000000000 0.298242196578212
331.000000000000000 0.299806439574258
332.000000000000000 0.301372656467971
333.000000000000000 0.302940826111644
334.000000000000000 0.304510927347530
335.000000000000000 0.306082939008244
336.000000000000000 0.307656839917153
337.000000000000000 0.309232608888774
338.000000000000000 0.310810224729175
339.000000000000000 0.312389666236361
340.000000000000000 0.313970912200683
341.000000000000000 0.315553941405222
342.000000000000000 0.317138732626191
343.000000000000000 0.318725264633332
344.000000000000000 0.320313516190306
345.000000000000000 0.321903466055096
346.000000000000000 0.323495092980394
347.000000000000000 0.325088375714004
348.000000000000000 0.326683292999233
349.000000000000000 0.328279823575286
350.000000000000000 0.329877946177662
351.000000000000000 0.331477639538550
352.000000000000000 0.333078882387218
353.000000000000000 0.334681653450415
354.000000000000000 0.336285931452759
355.000000000000000 0.337891695117133
356.000000000000000 0.339498923165081
357.000000000000000 0.341107594317196
358.000000000000000 0.342717687293520
359.000000000000000 0.344329180813929
360.000000000000000 0.345942053598535
361.000000000000000 0.347556284368071
362.000000000000000 0.349171851844285
363.000000000000000 0.350788734750334
364.000000000000000 0.352406911811176
365.000000000000000 0.354026361753958
366.000000000000000 0.355647063308409
367.000000000000000 0.357268995207231
368.000000000000000 0.358892136186490
369.000000000000000 0.360516464986003
370.000000000000000 0.362141960349733
371.000000000000000 0.363768601026173
372.000000000000000 0.365396365768739
373.000000000000000 0.367025233336157
374.000000000000000 0.368655182492852
375.000000000000000 0.370286192009335
376.000000000000000 0.371918240662591
377.000000000000000 0.373551307236467
378.000000000000000 0.375185370522060
379.000000000000000 0.376820409318100
380.000000000000000 0.378456402431336
381.000000000000000 0.380093328676927
382.000000000000000 0.381731166878820
383.000000000000000 0.383369895870141
384.000000000000000 0.385009494493574
385.000000000000000 0.386649941601748
386.000000000000000 0.388291216057620
387.000000000000000 0.389933296734855
388.000000000000000 0.391576162518213
389.000000000000000 0.393219792303928
390.000000000000000 0.394864165000086
391.000000000000000 0.396509259527016
392.000000000000000 0.398155054817657
393.000000000000000 0.399801529817950
394.000000000000000 0.401448663487209
395.000000000000000 0.403096434798504
396.000000000000000 0.404744822739035
397.000000000000000 0.406393806310516
398.000000000000000 0.408043364529546
399.000000000000000 0.409693476427989
400.000000000000000 0.411344121053346
401.000000000000000 0.412995277469137
402.000000000000000 0.414646924755270
403.000000000000000 0.416299042008413
404.000000000000000 0.417951608342378
405.000000000000000 0.419604602888482
406.000000000000000 0.421258004795924
407.000000000000000 0.422911793232161
408.000000000000000 0.424565947383269
409.000000000000000 0.426220446454325
410.000000000000000 0.427875269669764
411.000000000000000 0.429530396273760
412.000000000000000 0.431185805530585
413.000000000000000 0.432841476724982
414.000000000000000 0.434497389162529
415.000000000000000 0.436153522170009
416.000000000000000 0.437809855095768
417.000000000000000 0.439466367310087
418.000000000000000 0.441123038205545
419.000000000000000 0.442779847197378
420.000000000000000 0.444436773723845
421.000000000000000 0.446093797246590
422.000000000000000 0.447750897251000
423.000000000000000 0.449408053246569
424.000000000000000 0.451065244767255
425.000000000000000 0.452722451371840
426.000000000000000 0.454379652644287
427.000000000000000 0.456036828194096
428.000000000000000 0.457693957656665
429.000000000000000 0.459351020693641
430.000000000000000 0.461007996993273
431.000000000000000 0.462664866270774
432.000000000000000 0.464321608268666
433.000000000000000 0.465978202757135
434.000000000000000 0.467634629534383
435.000000000000000 0.469290868426978
436.000000000000000 0.470946899290204
437.000000000000000 0.472602702008408
438.000000000000000 0.474258256495352
439.000000000000000 0.475913542694554
440.000000000000000 0.477568540579639
441.000000000000000 0.479223230154684
442.000000000000000 0.480877591454557
443.000000000000000 0.482531604545268
444.000000000000000 0.484185249524307
445.000000000000000 0.485838506520985
446.000000000000000 0.487491355696777
447.000000000000000 0.489143777245659
448.000000000000000 0.490795751394453
449.000000000000000 0.492447258403154
450.000000000000000 0.494098278565277
451.000000000000000 0.495748792208188
452.000000000000000 0.497398779693439
453.000000000000000 0.499048221417103
454.000000000000000 0.500697097810107
455.000000000000000 0.502345389338561
456.000000000000000 0.503993076504095
457.000000000000000 0.505640139844183
458.000000000000000 0.507286559932473
459.000000000000000 0.508932317379118
460.000000000000000 0.510577392831099
461.000000000000000 0.512221766972554
462.000000000000000 0.513865420525101
463.000000000000000 0.515508334248160
464.000000000000000 0.517150488939279
465.000000000000000 0.518791865434456
466.000000000000000 0.520432444608454
467.000000000000000 0.522072207375125
468.000000000000000 0.523711134687730
469.000000000000000 0.525349207539250
470.000000000000000 0.526986406962708
471.000000000000000 0.528622714031481
472.000000000000000 0.530258109859615
473.000000000000000 0.531892575602139
474.000000000000000 0.533526092455371
475.000000000000000 0.535158641657239
476.000000000000000 0.536790204487578
477.000000000000000 0.538420762268451
478.000000000000000 0.540050296364444
479.000000000000000 0.541678788182982
480.000000000000000 0.543306219174627
481.000000000000000 0.544932570833386
482.000000000000000 0.546557824697012
483.000000000000000 0.548181962347303
484.000000000000000 0.549804965410407
485.000000000000000 0.551426815557117
486.000000000000000 0.553047494503171
487.000000000000000 0.554666984009547
488.000000000000000 0.556285265882758
489.000000000000000 0.557902321975150
490.000000000000000 0.559518134185190
491.000000000000000 0.561132684457761
492.000000000000000 0.562745954784451
493.000000000000000 0.564357927203842
494.000000000000000 0.565968583801800
495.000000000000000 0.567577906711759
496.000000000000000 0.569185878115009
497.000000000000000 0.570792480240979
498.000000000000000 0.572397695367521
499.000000000000000 0.574001505821189
500.000000000000000 0.575603893977523
501.000000000000000 0.577204842261325
502.000000000000000 0.578804333146941
503.000000000000000 0.580402349158533
504.000000000000000 0.581998872870358
505.000000000000000 0.583593886907037
506.000000000000000 0.585187373943836
507.000000000000000 0.586779316706929
508.000000000000000 0.588369697973672
509.000000000000000 0.589958500572873
510.000000000000000 0.591545707385055
511.000000000000000 0.593131301342728
512.000000000000000 0.594715265430649
513.000000000000000 0.596297582686086
514.000000000000000 0.597878236199083
515.000000000000000 0.599457209112717
516.000000000000000 0.601034484623361
517.000000000000000 0.602610045980939
518.000000000000000 0.604183876489185
519.000000000000000 0.605755959505894
520.000000000000000 0.607326278443183
521.000000000000000 0.608894816767737
522.000000000000000 0.610461558001063
523.000000000000000 0.612026485719740
524.000000000000000 0.613589583555666
525.000000000000000 0.615150835196306
526.000000000000000 0.616710224384937
527.000000000000000 0.618267734920891
528.000000000000000 0.619823350659801
529.000000000000000 0.621377055513841
530.000000000000000 0.622928833451961
531.000000000000000 0.624478668500135
532.000000000000000 0.626026544741588
533.000000000000000 0.627572446317040
534.000000000000000 0.629116357424933
535.000000000000000 0.630658262321670
536.000000000000000 0.632198145321841
537.000000000000000 0.633735990798457
538.000000000000000 0.635271783183175
539.000000000000000 0.636805506966529
540.000000000000000 0.638337146698149
541.000000000000000 0.639866686986993
542.000000000000000 0.641394112501561
543.000000000000000 0.642919407970124
544.000000000000000 0.644442558180938
545.000000000000000 0.645963547982465
546.000000000000000 0.647482362283587
547.000000000000000 0.648998986053823
548.000000000000000 0.650513404323544
549.000000000000000 0.652025602184181
550.000000000000000 0.653535564788440
551.000000000000000 0.655043277350505
552.000000000000000 0.656548725146255
553.000000000000000 0.658051893513460
554.000000000000000 0.659552767851993
555.000000000000000 0.661051333624027
556.000000000000000 0.662547576354243
557.000000000000000 0.664041481630025
558.000000000000000 0.665533035101660
559.000000000000000 0.667022222482536
560.000000000000000 0.668509029549334
561.000000000000000 0.669993442142227
562.000000000000000 0.671475446165067
563.000000000000000 0.672955027585581
564.000000000000000 0.674432172435556
565.000000000000000 0.675906866811026
566.000000000000000 0.677379096872464
567.000000000000000 0.678848848844961
568.000000000000000 0.680316109018410
569.000000000000000 0.681780863747689
570.000000000000000 0.683243099452841
571.000000000000000 0.684702802619248
572.000000000000000 0.686159959797815
573.000000000000000 0.687614557605139
574.000000000000000 0.689066582723684
575.000000000000000 0.690516021901956
576.000000000000000 0.691962861954669
577.000000000000000 0.693407089762917
578.000000000000000 0.694848692274338
579.000000000000000 0.696287656503286
580.000000000000000 0.697723969530986
581.000000000000000 0.699157618505705
582.000000000000000 0.700588590642907
583.000000000000000 0.702016873225415
584.000000000000000 0.703442453603567
585.000000000000000 0.704865319195375
586.000000000000000 0.706285457486675
587.000000000000000 0.707702856031285
588.000000000000000 0.709117502451150
589.000000000000000 0.710529384436500
590.000000000000000 0.711938489745988
591.000000000000000 0.713344806206843
592.000000000000000 0.714748321715017
593.000000000000000 0.716149024235318
594.000000000000000 0.717546901801563
595.000000000000000 0.718941942516710
596.000000000000000 0.720334134553000
597.000000000000000 0.721723466152093
598.000000000000000 0.723109925625201
599.000000000000000 0.724493501353225
600.000000000000000 0.725874181786883
601.000000000000000 0.727251955446844
602.000000000000000 0.728626810923850
603.000000000000000 0.729998736878853
604.000000000000000 0.731367722043129
605.000000000000000 0.732733755218411
606.000000000000000 0.734096825277003
607.000000000000000 0.735456921161908
608.000000000000000 0.736814031886938
609.000000000000000 0.738168146536840
610.000000000000000 0.739519254267404
611.000000000000000 0.740867344305580
612.000000000000000 0.742212405949591
613.000000000000000 0.743554428569040
614.000000000000000 0.744893401605023
615.000000000000000 0.746229314570232
616.000000000000000 0.747562157049061
617.000000000000000 0.748891918697714
618.000000000000000 0.750218589244302
619.000000000000000 0.751542158488946
620.000000000000000 0.752862616303875
621.000000000000000 0.754179952633523
622.000000000000000 0.755494157494625
623.000000000000000 0.756805220976311
624.000000000000000 0.758113133240198
625.000000000000000 0.759417884520479
626.000000000000000 0.760719465124014
627.000000000000000 0.762017865430416
628.000000000000000 0.763313075892137
629.000000000000000 0.764605087034550
630.000000000000000 0.765893889456035
631.000000000000000 0.767179473828056
632.000000000000000 0.768461830895240
633.000000000000000 0.769740951475458
634.000000000000000 0.771016826459894
635.000000000000000 0.772289446813126
636.000000000000000 0.773558803573192
637.000000000000000 0.774824887851666
638.000000000000000 0.776087690833721
639.000000000000000 0.777347203778202
640.000000000000000 0.778603418017687
641.000000000000000 0.779856324958553
642.000000000000000 0.781105916081038
643.000000000000000 0.782352182939302
644.000000000000000 0.783595117161483
645.000000000000000 0.784834710449759
646.000000000000000 0.786070954580400
647.000000000000000 0.787303841403820
648.000000000000000 0.788533362844637
649.000000000000000 0.789759510901714
650.000000000000000 0.790982277648213
651.000000000000000 0.792201655231645
652.000000000000000 0.793417635873907
653.000000000000000 0.794630211871334
654.000000000000000 0.795839375594737
655.000000000000000 0.797045119489445
656.000000000000000 0.798247436075344
657.000000000000000 0.799446317946912
658.000000000000000 0.800641757773259
659.000000000000000 0.801833748298155
660.000000000000000 0.803022282340068
661.000000000000000 0.804207352792191
662.000000000000000 0.805388952622472
663.000000000000000 0.806567074873640
664.000000000000000 0.807741712663236
665.000000000000000 0.808912859183628
666.000000000000000 0.810080507702041
667.000000000000000 0.811244651560574
668.000000000000000 0.812405284176220
669.000000000000000 0.813562399040883
670.000000000000000 0.814715989721394
671.000000000000000 0.815866049859526
672.000000000000000 0.817012573172003
673.000000000000000 0.818155553450516
674.000000000000000 0.819294984561728
675.000000000000000 0.820430860447283
676.000000000000000 0.821563175123812
677.000000000000000 0.822691922682936
678.000000000000000 0.823817097291271
679.000000000000000 0.824938693190427
680.000000000000000 0.826056704697007
681.000000000000000 0.827171126202606
682.000000000000000 0.828281952173807
683.000000000000000 0.829389177152174
684.000000000000000 0.830492795754247
685.000000000000000 0.831592802671530
686.000000000000000 0.832689192670486
687.000000000000000 0.833781960592516
688.000000000000000 0.834871101353956
689.000000000000000 0.835956609946053
690.000000000000000 0.837038481434953
691.000000000000000 0.838116710961680
692.000000000000000 0.839191293742118
693.000000000000000 0.840262225066987
694.000000000000000 0.841329500301820
695.000000000000000 0.842393114886940
696.000000000000000 0.843453064337431
697.000000000000000 0.844509344243111
698.000000000000000 0.845561950268504
699.000000000000000 0.846610878152803
700.000000000000000 0.847656123709843
701.000000000000000 0.848697682828065
702.000000000000000 0.849735551470477
703.000000000000000 0.850769725674619
704.000000000000000 0.851800201552522
705.000000000000000 0.852826975290671
706.000000000000000 0.853850043149955
707.000000000000000 0.854869401465632
708.000000000000000 0.855885046647274
709.000000000000000 0.856896975178729
710.000000000000000 0.857905183618066
711.000000000000000 0.858909668597524
712.000000000000000 0.859910426823467
713.000000000000000 0.860907455076323
714.000000000000000 0.861900750210533
715.000000000000000 0.862890309154492
716.000000000000000 0.863876128910494
717.000000000000000 0.864858206554671
718.000000000000000 0.865836539236928
719.000000000000000 0.866811124180887
720.000000000000000 0.867781958683818
721.000000000000000 0.868749040116575
722.000000000000000 0.869712365923525
723.000000000000000 0.870671933622486
724.000000000000000 0.871627740804650
725.000000000000000 0.872579785134515
726.000000000000000 0.873528064349809
727.000000000000000 0.874472576261417
728.000000000000000 0.875413318753303
729.000000000000000 0.876350289782433
730.000000000000000 0.877283487378693
731.000000000000000 0.878212909644813
732.000000000000000 0.879138554756280
733.000000000000000 0.880060420961254
734.000000000000000 0.880978506580486
735.000000000000000 0.881892810007227
736.000000000000000 0.882803329707141
737.000000000000000 0.883710064218217
738.000000000000000 0.884613012150674
739.000000000000000 0.885512172186872
740.000000000000000 0.886407543081211
741.000000000000000 0.887299123660044
742.000000000000000 0.888186912821573
743.000000000000000 0.889070909535751
744.000000000000000 0.889951112844185
745.000000000000000 0.890827521860032
746.000000000000000 0.891700135767895
747.000000000000000 0.892568953823719
748.000000000000000 0.893433975354687
749.000000000000000 0.894295199759110
750.000000000000000 0.895152626506318
751.000000000000000 0.896006255136552
752.000000000000000 0.896856085260849
753.000000000000000 0.897702116560932
754.000000000000000 0.898544348789093
755.000000000000000 0.899382781768079
756.000000000000000 0.900217415390971
757.000000000000000 0.901048249621070
758.000000000000000 0.901875284491773
759.000000000000000 0.902698520106453
760.000000000000000 0.903517956638334
761.000000000000000 0.904333594330372
762.000000000000000 0.905145433495121
763.000000000000000 0.905953474514613
764.000000000000000 0.906757717840226
765.000000000000000 0.907558163992554
766.000000000000000 0.908354813561276
767.000000000000000 0.909147667205026
768.000000000000000 0.909936725651255
769.000000000000000 0.910721989696098
770.000000000000000 0.911503460204237
771.000000000000000 0.912281138108761
772.000000000000000 0.913055024411030
773.000000000000000 0.913825120180534
774.000000000000000 0.914591426554746
775.000000000000000 0.915353944738985
776.000000000000000 0.916112676006267
777.000000000000000 0.916867621697163
778.000000000000000 0.917618783219647
779.000000000000000 0.918366162048951
780.000000000000000 0.919109759727413
781.000000000000000 0.919849577864327
782.000000000000000 0.920585618135792
783.000000000000000 0.921317882284553
784.000000000000000 0.922046372119854
785.000000000000000 0.922771089517273
786.000000000000000 0.923492036418572
787.000000000000000 0.924209214831533
788.000000000000000 0.924922626829800
789.000000000000000 0.925632274552718
790.000000000000000 0.926338160205169
791.000000000000000 0.927040286057412
792.000000000000000 0.927738654444912
793.000000000000000 0.928433267768177
794.000000000000000 0.929124128492592
795.000000000000000 0.929811239148248
796.000000000000000 0.930494602329772
797.000000000000000 0.931174220696158
798.000000000000000 0.931850096970591
799.000000000000000 0.932522233940278
800.000000000000000 0.933190634456270
801.000000000000000 0.933855301433287
802.000000000000000 0.934516237849540
803.000000000000000 0.935173446746557
804.000000000000000 0.935826931228997
805.000000000000000 0.936476694464473
806.000000000000000 0.937122739683371
807.000000000000000 0.937765070178666
808.000000000000000 0.938403689305738
809.000000000000000 0.939038600482186
810.000000000000000 0.939669807187642
811.000000000000000 0.940297312963586
812.000000000000000 0.940921121413153
813.000000000000000 0.941541236200947
814.000000000000000 0.942157661052848
815.000000000000000 0.942770399755823
816.000000000000000 0.943379456157729
817.000000000000000 0.943984834167119
818.000000000000000 0.944586537753053
819.000000000000000 0.945184570944894
820.000000000000000 0.945778937832114
821.000000000000000 0.946369642564097
822.000000000000000 0.946956689349938
823.000000000000000 0.947540082458239
824.000000000000000 0.948119826216915
825.000000000000000 0.948695925012985
826.000000000000000 0.949268383292370
827.000000000000000 0.949837205559690
828.000000000000000 0.950402396378055
829.000000000000000 0.950963960368863
830.000000000000000 0.951521902211585
831.000000000000000 0.952076226643564
832.000000000000000 0.952626938459801
833.000000000000000 0.953174042512743
834.000000000000000 0.953717543712074
835.000000000000000 0.954257447024501
836.000000000000000 0.954793757473542
837.000000000000000 0.955326480139307
838.000000000000000 0.955855620158287
839.000000000000000 0.956381182723133
840.000000000000000 0.956903173082442
841.000000000000000 0.957421596540538
842.000000000000000 0.957936458457249
843.000000000000000 0.958447764247690
844.000000000000000 0.958955519382042
845.000000000000000 0.959459729385327
846.000000000000000 0.959960399837185
847.000000000000000 0.960457536371654
848.000000000000000 0.960951144676938
849.000000000000000 0.961441230495189
850.000000000000000 0.961927799622273
851.000000000000000 0.962410857907547
852.000000000000000 0.962890411253627
853.000000000000000 0.963366465616164
854.000000000000000 0.963839027003606
855.000000000000000 0.964308101476974
856.000000000000000 0.964773695149625
857.000000000000000 0.965235814187022
858.000000000000000 0.965694464806499
859.000000000000000 0.966149653277025
860.000000000000000 0.966601385918974
861.000000000000000 0.967049669103882
862.000000000000000 0.967494509254214
863.000000000000000 0.967935912843127
864.000000000000000 0.968373886394229
865.000000000000000 0.968808436481338
866.000000000000000 0.969239569728248
867.000000000000000 0.969667292808482
868.000000000000000 0.970091612445054
869.000000000000000 0.970512535410223
870.000000000000000 0.970930068525255
871.000000000000000 0.971344218660173
872.000000000000000 0.971754992733516
873.000000000000000 0.972162397712094
874.000000000000000 0.972566440610740
875.000000000000000 0.972967128492062
876.000000000000000 0.973364468466200
877.000000000000000 0.973758467690571
878.000000000000000 0.974149133369626
879.000000000000000 0.974536472754598
880.000000000000000 0.974920493143250
881.000000000000000 0.975301201879627
882.000000000000000 0.975678606353800
883.000000000000000 0.976052714001619
884.000000000000000 0.976423532304456
885.000000000000000 0.976791068788951
886.000000000000000 0.977155331026759
887.000000000000000 0.977516326634297
888.000000000000000 0.977874063272484
889.000000000000000 0.978228548646487
890.000000000000000 0.978579790505464
891.000000000000000 0.978927796642306
892.000000000000000 0.979272574893381
893.000000000000000 0.979614133138271
894.000000000000000 0.979952479299515
895.000000000000000 0.980287621342351
896.000000000000000 0.980619567274453
897.000000000000000 0.980948325145671
898.000000000000000 0.981273903047766
899.000000000000000 0.981596309114155
900.000000000000000 0.981915551519642
901.000000000000000 0.982231638480156
902.000000000000000 0.982544578252490
903.000000000000000 0.982854379134033
904.000000000000000 0.983161049462506
905.000000000000000 0.983464597615701
906.000000000000000 0.983765032011208
907.000000000000000 0.984062361106153
908.000000000000000 0.984356593396931
909.000000000000000 0.984647737418938
910.000000000000000 0.984935801746303
911.000000000000000 0.985220794991619
912.000000000000000 0.985502725805676
913.000000000000000 0.985781602877191
914.000000000000000 0.986057434932537
915.000000000000000 0.986330230735474
916.000000000000000 0.986599999086881
917.000000000000000 0.986866748824481
918.000000000000000 0.987130488822569
919.000000000000000 0.987391227991747
920.000000000000000 0.987648975278643
921.000000000000000 0.987903739665645
922.000000000000000 0.988155530170624
923.000000000000000 0.988404355846664
924.000000000000000 0.988650225781784
925.000000000000000 0.988893149098669
926.000000000000000 0.989133134954391
927.000000000000000 0.989370192540136
928.000000000000000 0.989604331080929
929.000000000000000 0.989835559835359
930.000000000000000 0.990063888095302
931.000000000000000 0.990289325185643
932.000000000000000 0.990511880464005
933.000000000000000 0.990731563320466
934.000000000000000 0.990948383177287
935.000000000000000 0.991162349488629
936.000000000000000 0.991373471740282
937.000000000000000 0.991581759449381
938.000000000000000 0.991787222164131
939.000000000000000 0.991989869463527
940.000000000000000 0.992189710957077
941.000000000000000 0.992386756284521
942.000000000000000 0.992581015115551
943.000000000000000 0.992772497149535
944.000000000000000 0.992961212115233
945.000000000000000 0.993147169770521
946.000000000000000 0.993330379902107
947.000000000000000 0.993510852325252
948.000000000000000 0.993688596883492
949.000000000000000 0.993863623448351
950.000000000000000 0.994035941919067
951.000000000000000 0.994205562222305
952.000000000000000 0.994372494311880
953.000000000000000 0.994536748168471
954.000000000000000 0.994698333799344
955.000000000000000 0.994857261238067
956.000000000000000 0.995013540544227
957.000000000000000 0.995167181803151
958.000000000000000 0.995318195125623
959.000000000000000 0.995466590647598
960.000000000000000 0.995612378529926
961.000000000000000 0.995755568958061
962.000000000000000 0.995896172141786
963.000000000000000 0.996034198314926
964.000000000000000 0.996169657735063
965.000000000000000 0.996302560683261
966.000000000000000 0.996432917463772
967.000000000000000 0.996560738403763
968.000000000000000 0.996686033853025
969.000000000000000 0.996808814183693
970.000000000000000 0.996929089789964
971.000000000000000 0.997046871087810
972.000000000000000 0.997162168514699
973.000000000000000 0.997274992529307
974.000000000000000 0.997385353611235
975.000000000000000 0.997493262260732
976.000000000000000 0.997598728998401
977.000000000000000 0.997701764364924
978.000000000000000 0.997802378920775
979.000000000000000 0.997900583245936
980.000000000000000 0.997996387939616
981.000000000000000 0.998089803619963
982.000000000000000 0.998180840923787
983.000000000000000 0.998269510506271
984.000000000000000 0.998355823040691
985.000000000000000 0.998439789218131
986.000000000000000 0.998521419747200
987.000000000000000 0.998600725353750
988.000000000000000 0.998677716780592
989.000000000000000 0.998752404787213
990.000000000000000 0.998824800149493
991.000000000000000 0.998894913659424
992.000000000000000 0.998962756124823
993.000000000000000 0.999028338369056
994.000000000000000 0.999091671230748
995.000000000000000 0.999152765563508
996.000000000000000 0.999211632235641
997.000000000000000 0.999268282129869
998.000000000000000 0.999322726143049
999.000000000000000 0.999374975185888
1000.000000000000000 0.999425040182668
1001.000000000000000 0.999472932070958
1002.000000000000000 0.999518661801335
1003.000000000000000 0.999562240337105
1004.000000000000000 0.999603678654018
1005.000000000000000 0.999642987739992
1006.000000000000000 0.999680178594829
1007.000000000000000 0.999715262229935
1008.000000000000000 0.999748249668043
1009.000000000000000 0.999779151942928
1010.000000000000000 0.999807980099133
1011.000000000000000 0.999834745191685
1012.000000000000000 0.999859458285819
1013.000000000000000 0.999882130456696
1014.000000000000000 0.999902772789128
1015.000000000000000 0.999921396377297
1016.000000000000000 0.999938012324477
1017.000000000000000 0.999952631742757
1018.000000000000000 0.999965265752765
1019.000000000000000 0.999975925483385
1020.000000000000000 0.999984622071486
1021.000000000000000 0.999991366661645
1022.000000000000000 0.999996170405865
1023.000000000000000 0.999999044463304
1024.000000000000000 1.000000000000000
1025.000000000000000 0.999999048188590
1026.000000000000000 0.999996200208040
1027.000000000000000 0.999991467243369
1028.000000000000000 0.999984860485373
1029.000000000000000 0.999976391130352
1030.000000000000000 0.999966070379836
1031.000000000000000 0.999953909440313
1032.000000000000000 0.999939919522955
1033.000000000000000 0.999924111843343
1034.000000000000000 0.999906497621199
1035.000000000000000 0.999887088080111
1036.000000000000000 0.999865894447265
1037.000000000000000 0.999842927953168
1038.000000000000000 0.999818199831384
1039.000000000000000 0.999791721318259
1040.000000000000000 0.999763503652653
1041.000000000000000 0.999733558075673
1042.000000000000000 0.999701895830398
1043.000000000000000 0.999668528161616
1044.000000000000000 0.999633466315553
1045.000000000000000 0.999596721539608
1046.000000000000000 0.999558305082083
1047.000000000000000 0.999518228191916
1048.000000000000000 0.999476502118419
1049.000000000000000 0.999433138111009
1050.000000000000000 0.999388147418940
1051.000000000000000 0.999341541291045
1052.000000000000000 0.999293330975466
1053.000000000000000 0.999243527719393
1054.000000000000000 0.999192142768799
1055.000000000000000 0.999139187368180
1056.000000000000000 0.999084672760289
1057.000000000000000 0.999028610185877
1058.000000000000000 0.998971010883429
1059.000000000000000 0.998911886088907
1060.000000000000000 0.998851247035488
1061.000000000000000 0.998789104953303
1062.000000000000000 0.998725471069181
1063.000000000000000 0.998660356606386
1064.000000000000000 0.998593772784364
1065.000000000000000 0.998525730818483
1066.000000000000000 0.998456241919777
1067.000000000000000 0.998385317294687
1068.000000000000000 0.998312968144811
1069.000000000000000 0.998239205666643
1070.000000000000000 0.998164041051322
1071.000000000000000 0.998087485484378
1072.000000000000000 0.998009550145478
1073.000000000000000 0.997930246208172
1074.000000000000000 0.997849584839643
1075.000000000000000 0.997767577200457
1076.000000000000000 0.997684234444307
1077.000000000000000 0.997599567717767
1078.000000000000000 0.997513588160044
1079.000000000000000 0.997426306902724
1080.000000000000000 0.997337735069527
1081.000000000000000 0.997247883776060
1082.000000000000000 0.997156764129568
1083.000000000000000 0.997064387228689
1084.000000000000000 0.996970764163209
1085.000000000000000 0.996875906013816
1086.000000000000000 0.996779823851856
1087.000000000000000 0.996682528739090
1088.000000000000000 0.996584031727451
1089.000000000000000 0.996484343858802
1090.000000000000000 0.996383476164693
1091.000000000000000 0.996281439666124
1092.000000000000000 0.996178245373301
1093.000000000000000 0.996073904285399
1094.000000000000000 0.995968427390322
1095.000000000000000 0.995861825664468
1096.000000000000000 0.995754110072488
1097.000000000000000 0.995645291567052
1098.000000000000000 0.995535381088614
1099.000000000000000 0.995424389565175
1100.000000000000000 0.995312327912051
1101.000000000000000 0.995199207031637
1102.000000000000000 0.995085037813177
1103.000000000000000 0.994969831132533
1104.000000000000000 0.994853597851948
1105.000000000000000 0.994736348819825
1106.000000000000000 0.994618094870488
1107.000000000000000 0.994498846823959
1108.000000000000000 0.994378615485730
1109.000000000000000 0.994257411646534
1110.000000000000000 0.994135246082118
1111.000000000000000 0.994012129553020
1112.000000000000000 0.993888072804343
1113.000000000000000 0.993763086565531
1114.000000000000000 0.993637181550146
1115.000000000000000 0.993510368455645
1116.000000000000000 0.993382657963160
1117.000000000000000 0.993254060737278
1118.000000000000000 0.993124587425817
1119.000000000000000 0.992994248659612
1120.000000000000000 0.992863055052295
1121.000000000000000 0.992731017200077
1122.000000000000000 0.992598145681533
1123.000000000000000 0.992464451057385
1124.000000000000000 0.992329943870288
1125.000000000000000 0.992194634644616
1126.000000000000000 0.992058533886251
1127.000000000000000 0.991921652082368
1128.000000000000000 0.991783999701225
1129.000000000000000 0.991645587191953
1130.000000000000000 0.991506424984346
1131.000000000000000 0.991366523488653
1132.000000000000000 0.991225893095371
1133.000000000000000 0.991084544175036
1134.000000000000000 0.990942487078019
1135.000000000000000 0.990799732134322
1136.000000000000000 0.990656289653371
1137.000000000000000 0.990512169923815
1138.000000000000000 0.990367383213322
1139.000000000000000 0.990221939768383
1140.000000000000000 0.990075849814102
1141.000000000000000 0.989929123554008
1142.000000000000000 0.989781771169846
1143.000000000000000 0.989633802821388
1144.000000000000000 0.989485228646229
1145.000000000000000 0.989336058759598
1146.000000000000000 0.989186303254159
1147.000000000000000 0.989035972199817
1148.000000000000000 0.988885075643529
1149.000000000000000 0.988733623609109
1150.000000000000000 0.988581626097037
1151.000000000000000 0.988429093084269
1152.000000000000000 0.988276034524052
1153.000000000000000 0.988122460345730
1154.000000000000000 0.987968380454562
1155.000000000000000 0.987813804731531
1156.000000000000000 0.987658743033165
1157.000000000000000 0.987503205191347
1158.000000000000000 0.987347201013135
1159.000000000000000 0.987190740280582
1160.000000000000000 0.987033832750548
1161.000000000000000 0.986876488154528
1162.000000000000000 0.986718716198466
1163.000000000000000 0.986560526562583
1164.000000000000000 0.986401928901193
1165.000000000000000 0.986242932842534
1166.000000000000000 0.986083547988589
1167.000000000000000 0.985923783914910
1168.000000000000000 0.985763650170451
1169.000000000000000 0.985603156277389
1170.000000000000000 0.985442311730960
1171.000000000000000 0.985281125999282
1172.000000000000000 0.985119608523191
1173.000000000000000 0.984957768716071
1174.000000000000000 0.984795615963689
1175.000000000000000 0.984633159624026
1176.000000000000000 0.984470409027114
1177.000000000000000 0.984307373474873
1178.000000000000000 0.984144062240946
1179.000000000000000 0.983980484570541
1180.000000000000000 0.983816649680266
1181.000000000000000 0.983652566757972
1182.000000000000000 0.983488244962593
1183.000000000000000 0.983323693423992
1184.000000000000000 0.983158921242800
1185.000000000000000 0.982993937490262
1186.000000000000000 0.982828751208086
1187.000000000000000 0.982663371408284
1188.000000000000000 0.982497807073026
1189.000000000000000 0.982332067154484
1190.000000000000000 0.982166160574685
1191.000000000000000 0.982000096225360
1192.000000000000000 0.981833882967797
1193.000000000000000 0.981667529632696
1194.000000000000000 0.981501045020021
1195.000000000000000 0.981334437898854
1196.000000000000000 0.981167717007257
1197.000000000000000 0.981000891052124
1198.000000000000000 0.980833968709042
1199.000000000000000 0.980666958622151
1200.000000000000000 0.980499869404004
1201.000000000000000 0.980332709635429
1202.000000000000000 0.980165487865393
1203.000000000000000 0.979998212610866
1204.000000000000000 0.979830892356684
1205.000000000000000 0.979663535555419
1206.000000000000000 0.979496150627243
1207.000000000000000 0.979328745959800
1208.000000000000000 0.979161329908071
1209.000000000000000 0.978993910794250
1210.000000000000000 0.978826496907613
1211.000000000000000 0.978659096504390
1212.000000000000000 0.978491717807642
1213.000000000000000 0.978324369007134
1214.000000000000000 0.978157058259213
1215.000000000000000 0.977989793686683
1216.000000000000000 0.977822583378688
1217.000000000000000 0.977655435390585
1218.000000000000000 0.977488357743832
1219.000000000000000 0.977321358425866
1220.000000000000000 0.977154445389984
1221.000000000000000 0.976987626555235
1222.000000000000000 0.976820909806296
1223.000000000000000 0.976654302993365
1224.000000000000000 0.976487813932045
1225.000000000000000 0.976321450403236
1226.000000000000000 0.976155220153022
1227.000000000000000 0.975989130892561
1228.000000000000000 0.975823190297983
1229.000000000000000 0.975657406010276
1230.000000000000000 0.975491785635187
1231.000000000000000 0.975326336743110
1232.000000000000000 0.975161066868992
1233.000000000000000 0.974995983512221
1234.000000000000000 0.974831094136535
1235.000000000000000 0.974666406169912
1236.000000000000000 0.974501927004478
1237.000000000000000 0.974337663996410
1238.000000000000000 0.974173624465833
1239.000000000000000 0.974009815696731
1240.000000000000000 0.973846244936851
1241.000000000000000 0.973682919397607
1242.000000000000000 0.973519846253994
1243.000000000000000 0.973357032644492
1244.000000000000000 0.973194485670978
1245.000000000000000 0.973032212398639
1246.000000000000000 0.972870219855883
1247.000000000000000 0.972708515034253
1248.000000000000000 0.972547104888342
1249.000000000000000 0.972385996335712
1250.000000000000000 0.972225196256806
1251.000000000000000 0.972064711494872
1252.000000000000000 0.971904548855876
1253.000000000000000 0.971744715108430
1254.000000000000000 0.971585216983710
1255.000000000000000 0.971426061175378
1256.000000000000000 0.971267254339510
1257.000000000000000 0.971108803094517
1258.000000000000000 0.970950714021074
1259.000000000000000 0.970792993662048
1260.000000000000000 0.970635648522426
1261.000000000000000 0.970478685069244
1262.000000000000000 0.970322109731521
1263.000000000000000 0.970165928900187
1264.000000000000000 0.970010148928019
1265.000000000000000 0.969854776129578
1266.000000000000000 0.969699816781139
1267.000000000000000 0.969545277120632
1268.000000000000000 0.969391163347579
1269.000000000000000 0.969237481623032
1270.000000000000000 0.969084238069515
1271.000000000000000 0.968931438770965
1272.000000000000000 0.968779089772674
1273.000000000000000 0.968627197081233
1274.000000000000000 0.968475766664476
1275.000000000000000 0.968324804451429
1276.000000000000000 0.968174316332254
1277.000000000000000 0.968024308158198
1278.000000000000000 0.967874785741544
1279.000000000000000 0.967725754855560
1280.000000000000000 0.967577221234452
1281.000000000000000 0.967429190573315
1282.000000000000000 0.967281668528090
1283.000000000000000 0.967134660715515
1284.000000000000000 0.966988172713088
1285.000000000000000 0.966842210059015
1286.000000000000000 0.966696778252179
1287.000000000000000 0.966551882752092
1288.000000000000000 0.966407528978858
1289.000000000000000 0.966263722313137
1290.000000000000000 0.966120468096107
1291.000000000000000 0.965977771629427
1292.000000000000000 0.965835638175204
1293.000000000000000 0.965694072955960
1294.000000000000000 0.965553081154598
1295.000000000000000 0.965412667914371
1296.000000000000000 0.965272838338853
1297.000000000000000 0.965133597491911
1298.000000000000000 0.964994950397675
1299.000000000000000 0.964856902040511
1300.000000000000000 0.964719457364999
1301.000000000000000 0.964582621275906
1302.000000000000000 0.964446398638161
1303.000000000000000 0.964310794276838
1304.000000000000000 0.964175812977130
1305.000000000000000 0.964041459484330
1306.000000000000000 0.963907738503817
1307.000000000000000 0.963774654701031
1308.000000000000000 0.963642212701460
1309.000000000000000 0.963510417090628
1310.000000000000000 0.963379272414074
1311.000000000000000 0.963248783177342
1312.000000000000000 0.963118953845971
1313.000000000000000 0.962989788845480
1314.000000000000000 0.962861292561361
1315.000000000000000 0.962733469339069
1316.000000000000000 0.962606323484013
1317.000000000000000 0.962479859261553
1318.000000000000000 0.962354080896992
1319.000000000000000 0.962228992575570
1320.000000000000000 0.962104598442465
1321.000000000000000 0.961980902602787
1322.000000000000000 0.961857909121580
1323.000000000000000 0.961735622023819
1324.000000000000000 0.961614045294413
1325.000000000000000 0.961493182878205
1326.000000000000000 0.961373038679979
1327.000000000000000 0.961253616564461
1328.000000000000000 0.961134920356326
1329.000000000000000 0.961016953840204
1330.000000000000000 0.960899720760686
1331.000000000000000 0.960783224822337
1332.000000000000000 0.960667469689700
1333.000000000000000 0.960552458987312
1334.000000000000000 0.960438196299711
1335.000000000000000 0.960324685171454
1336.000000000000000 0.960211929107128
1337.000000000000000 0.960099931571363
1338.000000000000000 0.959988695988852
1339.000000000000000 0.959878225744368
1340.000000000000000 0.959768524182780
1341.000000000000000 0.959659594609071
1342.000000000000000 0.959551440288363
1343.000000000000000 0.959444064445935
1344.000000000000000 0.959337470267245
1345.000000000000000 0.959231660897958
1346.000000000000000 0.959126639443962
1347.000000000000000 0.959022408971403
1348.000000000000000 0.958918972506705
1349.000000000000000 0.958816333036600
1350.000000000000000 0.958714493508157
1351.000000000000000 0.958613456828810
1352.000000000000000 0.958513225866392
1353.000000000000000 0.958413803449160
1354.000000000000000 0.958315192365837
1355.000000000000000 0.958217395365638
1356.000000000000000 0.958120415158307
1357.000000000000000 0.958024254414157
1358.000000000000000 0.957928915764097
1359.000000000000000 0.957834401799683
1360.000000000000000 0.957740715073144
1361.000000000000000 0.957647858097430
1362.000000000000000 0.957555833346249
1363.000000000000000 0.957464643254112
1364.000000000000000 0.957374290216372
1365.000000000000000 0.957284776589269
1366.000000000000000 0.957196104689977
1367.000000000000000 0.957108276796646
1368.000000000000000 0.957021295148452
1369.000000000000000 0.956935161945643
1370.000000000000000 0.956849879349588
1371.000000000000000 0.956765449482825
1372.000000000000000 0.956681874429117
1373.000000000000000 0.956599156233496
1374.000000000000000 0.956517296902320
1375.000000000000000 0.956436298403326
1376.000000000000000 0.956356162665686
1377.000000000000000 0.956276891580057
1378.000000000000000 0.956198486998644
1379.000000000000000 0.956120950735253
1380.000000000000000 0.956044284565349
1381.000000000000000 0.955968490226117
1382.000000000000000 0.955893569416525
1383.000000000000000 0.955819523797376
1384.000000000000000 0.955746354991381
1385.000000000000000 0.955674064583212
1386.000000000000000 0.955602654119573
1387.000000000000000 0.955532125109260
1388.000000000000000 0.955462479023232
1389.000000000000000 0.955393717294671
1390.000000000000000 0.955325841319053
1391.000000000000000 0.955258852454216
1392.000000000000000 0.955192752020432
1393.000000000000000 0.955127541300472
1394.000000000000000 0.955063221539678
1395.000000000000000 0.954999793946041
1396.000000000000000 0.954937259690264
1397.000000000000000 0.954875619905845
1398.000000000000000 0.954814875689146
1399.000000000000000 0.954755028099471
1400.000000000000000 0.954696078159140
1401.000000000000000 0.954638026853569
1402.000000000000000 0.954580875131346
1403.000000000000000 0.954524623904311
1404.000000000000000 0.954469274047636
1405.000000000000000 0.954414826399904
1406.000000000000000 0.954361281763194
1407.000000000000000 0.954308640903158
1408.000000000000000 0.954256904549109
1409.000000000000000 0.954206073394103
1410.000000000000000 0.954156148095026
1411.000000000000000 0.954107129272675
1412.000000000000000 0.954059017511848
1413.000000000000000 0.954011813361433
1414.000000000000000 0.953965517334492
1415.000000000000000 0.953920129908352
1416.000000000000000 0.953875651524696
1417.000000000000000 0.953832082589651
1418.000000000000000 0.953789423473883
1419.000000000000000 0.953747674512685
1420.000000000000000 0.953706836006073
1421.000000000000000 0.953666908218877
1422.000000000000000 0.953627891380842
1423.000000000000000 0.953589785686714
1424.000000000000000 0.953552591296344
1425.000000000000000 0.953516308334781
1426.000000000000000 0.953480936892371
1427.000000000000000 0.953446477024854
1428.000000000000000 0.953412928753467
1429.000000000000000 0.953380292065038
1430.000000000000000 0.953348566912094
1431.000000000000000 0.953317753212955
1432.000000000000000 0.953287850851842
1433.000000000000000 0.953258859678978
1434.000000000000000 0.953230779510691
1435.000000000000000 0.953203610129519
1436.000000000000000 0.953177351284316
1437.000000000000000 0.953152002690357
1438.000000000000000 0.953127564029444
1439.000000000000000 0.953104034950015
1440.000000000000000 0.953081415067252
1441.000000000000000 0.953059703963188
1442.000000000000000 0.953038901186818
1443.000000000000000 0.953019006254208
1444.000000000000000 0.953000018648609
1445.000000000000000 0.952981937820564
1446.000000000000000 0.952964763188022
1447.000000000000000 0.952948494136454
1448.000000000000000 0.952933130018962
1449.000000000000000 0.952918670156396
1450.000000000000000 0.952905113837467
1451.000000000000000 0.952892460318866
1452.000000000000000 0.952880708825377
1453.000000000000000 0.952869858549996
1454.000000000000000 0.952859908654046
1455.000000000000000 0.952850858267297
1456.000000000000000 0.952842706488088
1457.000000000000000 0.952835452383440
1458.000000000000000 0.952829094989180
1459.000000000000000 0.952823633310061
1460.000000000000000 0.952819066319887
1461.000000000000000 0.952815392961626
1462.000000000000000 0.952812612147544
1463.000000000000000 0.952810722759317
1464.000000000000000 0.952809723648165
1465.000000000000000 0.952809613634970
1466.000000000000000 0.952810391510401
1467.000000000000000 0.952812056035045
1468.000000000000000 0.952814605939527
1469.000000000000000 0.952818039924641
1470.000000000000000 0.952822356661474
1471.000000000000000 0.952827554791539
1472.000000000000000 0.952833632926896
1473.000000000000000 0.952840589650290
1474.000000000000000 0.952848423515273
1475.000000000000000 0.952857133046337
1476.000000000000000 0.952866716739048
1477.000000000000000 0.952877173060171
1478.000000000000000 0.952888500447807
1479.000000000000000 0.952900697311523
1480.000000000000000 0.952913762032485
1481.000000000000000 0.952927692963592
1482.000000000000000 0.952942488429610
1483.000000000000000 0.952958146727306
1484.000000000000000 0.952974666125582
1485.000000000000000 0.952992044865614
1486.000000000000000 0.953010281160984
1487.000000000000000 0.953029373197817
1488.000000000000000 0.953049319134921
1489.000000000000000 0.953070117103922
1490.000000000000000 0.953091765209402
1491.000000000000000 0.953114261529037
1492.000000000000000 0.953137604113739
1493.000000000000000 0.953161790987789
1494.000000000000000 0.953186820148986
1495.000000000000000 0.953212689568778
1496.000000000000000 0.953239397192408
1497.000000000000000 0.953266940939055
1498.000000000000000 0.953295318701973
1499.000000000000000 0.953324528348636
1500.000000000000000 0.953354567720879
1501.000000000000000 0.953385434635039
1502.000000000000000 0.953417126882104
1503.000000000000000 0.953449642227849
1504.000000000000000 0.953482978412988
1505.000000000000000 0.953517133153313
1506.000000000000000 0.953552104139841
1507.000000000000000 0.953587889038960
1508.000000000000000 0.953624485492572
1509.000000000000000 0.953661891118244
1510.000000000000000 0.953700103509351
1511.000000000000000 0.953739120235222
1512.000000000000000 0.953778938841291
1513.000000000000000 0.953819556849241
1514.000000000000000 0.953860971757155
1515.000000000000000 0.953903181039663
1516.000000000000000 0.953946182148091
1517.000000000000000 0.953989972510609
1518.000000000000000 0.954034549532382
1519.000000000000000 0.954079910595719
1520.000000000000000 0.954126053060224
1521.000000000000000 0.954172974262946
1522.000000000000000 0.954220671518528
1523.000000000000000 0.954269142119362
1524.000000000000000 0.954318383335736
1525.000000000000000 0.954368392415989
1526.000000000000000 0.954419166586662
1527.000000000000000 0.954470703052649
1528.000000000000000 0.954522998997353
1529.000000000000000 0.954576051582835
1530.000000000000000 0.954629857949970
1531.000000000000000 0.954684415218598
1532.000000000000000 0.954739720487680
1533.000000000000000 0.954795770835454
1534.000000000000000 0.954852563319581
1535.000000000000000 0.954910094977311
1536.000000000000000 0.954968362825628
1537.000000000000000 0.955027363861410
1538.000000000000000 0.955087095061584
1539.000000000000000 0.955147553383280
1540.000000000000000 0.955208735763990
1541.000000000000000 0.955270639121718
1542.000000000000000 0.955333260355142
1543.000000000000000 0.955396596343769
1544.000000000000000 0.955460643948091
1545.000000000000000 0.955525400009741
1546.000000000000000 0.955590861351651
1547.000000000000000 0.955657024778210
1548.000000000000000 0.955723887075421
1549.000000000000000 0.955791445011060
1550.000000000000000 0.955859695334829
1551.000000000000000 0.955928634778521
1552.000000000000000 0.955998260056172
1553.000000000000000 0.956068567864225
1554.000000000000000 0.956139554881684
1555.000000000000000 0.956211217770274
1556.000000000000000 0.956283553174602
1557.000000000000000 0.956356557722314
1558.000000000000000 0.956430228024254
1559.000000000000000 0.956504560674624
1560.000000000000000 0.956579552251144
1561.000000000000000 0.956655199315211
1562.000000000000000 0.956731498412059
1563.000000000000000 0.956808446070917
1564.000000000000000 0.956886038805174
1565.000000000000000 0.956964273112532
1566.000000000000000 0.957043145475171
1567.000000000000000 0.957122652359910
1568.000000000000000 0.957202790218364
1569.000000000000000 0.957283555487105
1570.000000000000000 0.957364944587827
1571.000000000000000 0.957446953927499
1572.000000000000000 0.957529579898533
1573.000000000000000 0.957612818878942
1574.000000000000000 0.957696667232499
1575.000000000000000 0.957781121308900
1576.000000000000000 0.957866177443926
1577.000000000000000 0.957951831959601
1578.000000000000000 0.958038081164355
1579.000000000000000 0.958124921353187
1580.000000000000000 0.958212348807821
1581.000000000000000 0.958300359796874
1582.000000000000000 0.958388950576010
1583.000000000000000 0.958478117388107
1584.000000000000000 0.958567856463415
1585.000000000000000 0.958658164019721
1586.000000000000000 0.958749036262505
1587.000000000000000 0.958840469385105
1588.000000000000000 0.958932459568878
1589.000000000000000 0.959025002983361
1590.000000000000000 0.959118095786431
1591.000000000000000 0.959211734124468
1592.000000000000000 0.959305914132517
1593.000000000000000 0.959400631934446
1594.000000000000000 0.959495883643111
1595.000000000000000 0.959591665360514
1596.000000000000000 0.959687973177967
1597.000000000000000 0.959784803176250
1598.000000000000000 0.959882151425776
1599.000000000000000 0.959980013986749
1600.000000000000000 0.960078386909325
1601.000000000000000 0.960177266233775
1602.000000000000000 0.960276647990644
1603.000000000000000 0.960376528200912
1604.000000000000000 0.960476902876157
1605.000000000000000 0.960577768018713
1606.000000000000000 0.960679119621829
1607.000000000000000 0.960780953669836
1608.000000000000000 0.960883266138299
1609.000000000000000 0.960986052994184
1610.000000000000000 0.961089310196017
1611.000000000000000 0.961193033694038
1612.000000000000000 0.961297219430370
1613.000000000000000 0.961401863339172
1614.000000000000000 0.961506961346804
1615.000000000000000 0.961612509371980
1616.000000000000000 0.961718503325934
1617.000000000000000 0.961824939112577
1618.000000000000000 0.961931812628654
1619.000000000000000 0.962039119763906
1620.000000000000000 0.962146856401226
1621.000000000000000 0.962255018416824
1622.000000000000000 0.962363601680376
1623.000000000000000 0.962472602055191
1624.000000000000000 0.962582015398365
1625.000000000000000 0.962691837560939
1626.000000000000000 0.962802064388060
1627.000000000000000 0.962912691719135
1628.000000000000000 0.963023715387991
1629.000000000000000 0.963135131223032
1630.000000000000000 0.963246935047396
1631.000000000000000 0.963359122679110
1632.000000000000000 0.963471689931251
1633.000000000000000 0.963584632612100
1634.000000000000000 0.963697946525299
1635.000000000000000 0.963811627470005
1636.000000000000000 0.963925671241049
1637.000000000000000 0.964040073629092
1638.000000000000000 0.964154830420779
1639.000000000000000 0.964269937398891
1640.000000000000000 0.964385390342508
1641.000000000000000 0.964501185027157
1642.000000000000000 0.964617317224969
1643.000000000000000 0.964733782704835
1644.000000000000000 0.964850577232556
1645.000000000000000 0.964967696571001
1646.000000000000000 0.965085136480259
1647.000000000000000 0.965202892717791
1648.000000000000000 0.965320961038584
1649.000000000000000 0.965439337195306
1650.000000000000000 0.965558016938453
1651.000000000000000 0.965676996016508
1652.000000000000000 0.965796270176089
1653.000000000000000 0.965915835162099
1654.000000000000000 0.966035686717883
1655.000000000000000 0.966155820585374
1656.000000000000000 0.966276232505244
1657.000000000000000 0.966396918217059
1658.000000000000000 0.966517873459424
1659.000000000000000 0.966639093970137
1660.000000000000000 0.966760575486334
1661.000000000000000 0.966882313744642
1662.000000000000000 0.967004304481328
1663.000000000000000 0.967126543432443
1664.000000000000000 0.967249026333977
1665.000000000000000 0.967371748922001
1666.000000000000000 0.967494706932818
1667.000000000000000 0.967617896103109
1668.000000000000000 0.967741312170079
1669.000000000000000 0.967864950871606
1670.000000000000000 0.967988807946385
1671.000000000000000 0.968112879134076
1672.000000000000000 0.968237160175446
1673.000000000000000 0.968361646812517
1674.000000000000000 0.968486334788711
1675.000000000000000 0.968611219848991
1676.000000000000000 0.968736297740010
1677.000000000000000 0.968861564210248
1678.000000000000000 0.968987015010164
1679.000000000000000 0.969112645892330
1680.000000000000000 0.969238452611578
1681.000000000000000 0.969364430925144
1682.000000000000000 0.969490576592804
1683.000000000000000 0.969616885377020
1684.000000000000000 0.969743353043079
1685.000000000000000 0.969869975359232
1686.000000000000000 0.969996748096839
1687.000000000000000 0.970123667030502
1688.000000000000000 0.970250727938210
1689.000000000000000 0.970377926601473
1690.000000000000000 0.970505258805464
1691.000000000000000 0.970632720339157
1692.000000000000000 0.970760306995460
1693.000000000000000 0.970888014571357
1694.000000000000000 0.971015838868042
1695.000000000000000 0.971143775691058
1696.000000000000000 0.971271820850428
1697.000000000000000 0.971399970160795
1698.000000000000000 0.971528219441553
1699.000000000000000 0.971656564516985
1700.000000000000000 0.971785001216394
1701.000000000000000 0.971913525374239
1702.000000000000000 0.972042132830264
1703.000000000000000 0.972170819429637
1704.000000000000000 0.972299581023075
1705.000000000000000 0.972428413466980
1706.000000000000000 0.972557312623569
1707.000000000000000 0.972686274361005
1708.000000000000000 0.972815294553527
1709.000000000000000 0.972944369081577
1710.000000000000000 0.973073493831935
1711.000000000000000 0.973202664697841
1712.000000000000000 0.973331877579130
1713.000000000000000 0.973461128382354
1714.000000000000000 0.973590413020911
1715.000000000000000 0.973719727415174
1716.000000000000000 0.973849067492612
1717.000000000000000 0.973978429187923
1718.000000000000000 0.974107808443152
1719.000000000000000 0.974237201207821
1720.000000000000000 0.974366603439048
1721.000000000000000 0.974496011101677
1722.000000000000000 0.974625420168394
1723.000000000000000 0.974754826619856
1724.000000000000000 0.974884226444808
1725.000000000000000 0.975013615640208
1726.000000000000000 0.975142990211346
1727.000000000000000 0.975272346171966
1728.000000000000000 0.975401679544383
1729.000000000000000 0.975530986359606
1730.000000000000000 0.975660262657453
1731.000000000000000 0.975789504486674
1732.000000000000000 0.975918707905064
1733.000000000000000 0.976047868979582
1734.000000000000000 0.976176983786468
1735.000000000000000 0.976306048411361
1736.000000000000000 0.976435058949408
1737.000000000000000 0.976564011505387
1738.000000000000000 0.976692902193813
1739.000000000000000 0.976821727139061
1740.000000000000000 0.976950482475472
1741.000000000000000 0.977079164347467
1742.000000000000000 0.977207768909662
1743.000000000000000 0.977336292326975
1744.000000000000000 0.977464730774744
1745.000000000000000 0.977593080438827
1746.000000000000000 0.977721337515722
1747.000000000000000 0.977849498212669
1748.000000000000000 0.977977558747761
1749.000000000000000 0.978105515350054
1750.000000000000000 0.978233364259670
1751.000000000000000 0.978361101727909
1752.000000000000000 0.978488724017350
1753.000000000000000 0.978616227401959
1754.000000000000000 0.978743608167195
1755.000000000000000 0.978870862610113
1756.000000000000000 0.978997987039467
1757.000000000000000 0.979124977775815
1758.000000000000000 0.979251831151620
1759.000000000000000 0.979378543511354
1760.000000000000000 0.979505111211596
1761.000000000000000 0.979631530621135
1762.000000000000000 0.979757798121070
1763.000000000000000 0.979883910104909
1764.000000000000000 0.980009862978669
1765.000000000000000 0.980135653160969
1766.000000000000000 0.980261277083137
1767.000000000000000 0.980386731189298
1768.000000000000000 0.980512011936475
1769.000000000000000 0.980637115794683
1770.000000000000000 0.980762039247025
1771.000000000000000 0.980886778789787
1772.000000000000000 0.981011330932530
1773.000000000000000 0.981135692198183
1774.000000000000000 0.981259859123137
1775.000000000000000 0.981383828257336
1776.000000000000000 0.981507596164371
1777.000000000000000 0.981631159421565
1778.000000000000000 0.981754514620066
1779.000000000000000 0.981877658364938
1780.000000000000000 0.982000587275247
1781.000000000000000 0.982123297984151
1782.000000000000000 0.982245787138983
1783.000000000000000 0.982368051401343
1784.000000000000000 0.982490087447183
1785.000000000000000 0.982611891966888
1786.000000000000000 0.982733461665367
1787.000000000000000 0.982854793262131
1788.000000000000000 0.982975883491381
1789.000000000000000 0.983096729102087
1790.000000000000000 0.983217326858076
1791.000000000000000 0.983337673538104
1792.000000000000000 0.983457765935945
1793.000000000000000 0.983577600860468
1794.000000000000000 0.983697175135716
1795.000000000000000 0.983816485600984
1796.000000000000000 0.983935529110900
1797.000000000000000 0.984054302535498
1798.000000000000000 0.984172802760301
1799.000000000000000 0.984291026686388
1800.000000000000000 0.984408971230478
1801.000000000000000 0.984526633325001
1802.000000000000000 0.984644009918170
1803.000000000000000 0.984761097974057
1804.000000000000000 0.984877894472667
1805.000000000000000 0.984994396410004
1806.000000000000000 0.985110600798149
1807.000000000000000 0.985226504665327
1808.000000000000000 0.985342105055977
1809.000000000000000 0.985457399030822
1810.000000000000000 0.985572383666936
1811.000000000000000 0.985687056057814
1812.000000000000000 0.985801413313440
1813.000000000000000 0.985915452560347
1814.000000000000000 0.986029170941692
1815.000000000000000 0.986142565617311
1816.000000000000000 0.986255633763795
1817.000000000000000 0.986368372574541
1818.000000000000000 0.986480779259827
1819.000000000000000 0.986592851046864
1820.000000000000000 0.986704585179864
1821.000000000000000 0.986815978920099
1822.000000000000000 0.986927029545963
1823.000000000000000 0.987037734353026
1824.000000000000000 0.987148090654099
1825.000000000000000 0.987258095779290
1826.000000000000000 0.987367747076060
1827.000000000000000 0.987477041909280
1828.000000000000000 0.987585977661290
1829.000000000000000 0.987694551731950
1830.000000000000000 0.987802761538698
1831.000000000000000 0.987910604516603
1832.000000000000000 0.988018078118416
1833.000000000000000 0.988125179814625
1834.000000000000000 0.988231907093508
1835.000000000000000 0.988338257461180
1836.000000000000000 0.988444228441647
1837.000000000000000 0.988549817576853
1838.000000000000000 0.988655022426732
1839.000000000000000 0.988759840569254
1840.000000000000000 0.988864269600473
1841.000000000000000 0.988968307134574
1842.000000000000000 0.989071950803921
1843.000000000000000 0.989175198259098
1844.000000000000000 0.989278047168960
1845.000000000000000 0.989380495220672
1846.000000000000000 0.989482540119753
1847.000000000000000 0.989584179590121
1848.000000000000000 0.989685411374136
1849.000000000000000 0.989786233232634
1850.000000000000000 0.989886642944977
1851.000000000000000 0.989986638309087
1852.000000000000000 0.990086217141486
1853.000000000000000 0.990185377277336
1854.000000000000000 0.990284116570476
1855.000000000000000 0.990382432893457
1856.000000000000000 0.990480324137582
1857.000000000000000 0.990577788212940
1858.000000000000000 0.990674823048440
1859.000000000000000 0.990771426591847
1860.000000000000000 0.990867596809813
1861.000000000000000 0.990963331687913
1862.000000000000000 0.991058629230675
1863.000000000000000 0.991153487461612
1864.000000000000000 0.991247904423252
1865.000000000000000 0.991341878177170
1866.000000000000000 0.991435406804016
1867.000000000000000 0.991528488403543
1868.000000000000000 0.991621121094635
1869.000000000000000 0.991713303015337
1870.000000000000000 0.991805032322878
1871.000000000000000 0.991896307193697
1872.000000000000000 0.991987125823473
1873.000000000000000 0.992077486427142
1874.000000000000000 0.992167387238927
1875.000000000000000 0.992256826512356
1876.000000000000000 0.992345802520291
1877.000000000000000 0.992434313554943
1878.000000000000000 0.992522357927894
1879.000000000000000 0.992609933970122
1880.000000000000000 0.992697040032016
1881.000000000000000 0.992783674483395
1882.000000000000000 0.992869835713531
1883.000000000000000 0.992955522131158
1884.000000000000000 0.993040732164499
1885.000000000000000 0.993125464261272
1886.000000000000000 0.993209716888714
1887.000000000000000 0.993293488533590
1888.000000000000000 0.993376777702210
1889.000000000000000 0.993459582920441
1890.000000000000000 0.993541902733719
1891.000000000000000 0.993623735707065
1892.000000000000000 0.993705080425091
1893.000000000000000 0.993785935492013
1894.000000000000000 0.993866299531663
1895.000000000000000 0.993946171187494
1896.000000000000000 0.994025549122593
1897.000000000000000 0.994104432019683
1898.000000000000000 0.994182818581139
1899.000000000000000 0.994260707528986
1900.000000000000000 0.994338097604908
1901.000000000000000 0.994414987570257
1902.000000000000000 0.994491376206050
1903.000000000000000 0.994567262312980
1904.000000000000000 0.994642644711414
1905.000000000000000 0.994717522241399
1906.000000000000000 0.994791893762662
1907.000000000000000 0.994865758154611
1908.000000000000000 0.994939114316337
1909.000000000000000 0.995011961166613
1910.000000000000000 0.995084297643892
1911.000000000000000 0.995156122706307
1912.000000000000000 0.995227435331669
1913.000000000000000 0.995298234517464
1914.000000000000000 0.995368519280847
1915.000000000000000 0.995438288658643
1916.000000000000000 0.995507541707336
1917.000000000000000 0.995576277503070
1918.000000000000000 0.995644495141638
1919.000000000000000 0.995712193738476
1920.000000000000000 0.995779372428659
1921.000000000000000 0.995846030366887
1922.000000000000000 0.995912166727484
1923.000000000000000 0.995977780704381
1924.000000000000000 0.996042871511110
1925.000000000000000 0.996107438380794
1926.000000000000000 0.996171480566134
1927.000000000000000 0.996234997339396
1928.000000000000000 0.996297987992403
1929.000000000000000 0.996360451836515
1930.000000000000000 0.996422388202623
1931.000000000000000 0.996483796441128
1932.000000000000000 0.996544675921927
1933.000000000000000 0.996605026034402
1934.000000000000000 0.996664846187399
1935.000000000000000 0.996724135809210
1936.000000000000000 0.996782894347561
1937.000000000000000 0.996841121269589
1938.000000000000000 0.996898816061823
1939.000000000000000 0.996955978230169
1940.000000000000000 0.997012607299884
1941.000000000000000 0.997068702815560
1942.000000000000000 0.997124264341101
1943.000000000000000 0.997179291459699
1944.000000000000000 0.997233783773816
1945.000000000000000 0.997287740905156
1946.000000000000000 0.997341162494643
1947.000000000000000 0.997394048202400
1948.000000000000000 0.997446397707718
1949.000000000000000 0.997498210709034
1950.000000000000000 0.997549486923906
1951.000000000000000 0.997600226088981
1952.000000000000000 0.997650427959973
1953.000000000000000 0.997700092311635
1954.000000000000000 0.997749218937724
1955.000000000000000 0.997797807650979
1956.000000000000000 0.997845858283088
1957.000000000000000 0.997893370684659
1958.000000000000000 0.997940344725185
1959.000000000000000 0.997986780293020
1960.000000000000000 0.998032677295339
1961.000000000000000 0.998078035658111
1962.000000000000000 0.998122855326062
1963.000000000000000 0.998167136262645
1964.000000000000000 0.998210878450001
1965.000000000000000 0.998254081888927
1966.000000000000000 0.998296746598842
1967.000000000000000 0.998338872617747
1968.000000000000000 0.998380460002190
1969.000000000000000 0.998421508827228
1970.000000000000000 0.998462019186393
1971.000000000000000 0.998501991191649
1972.000000000000000 0.998541424973355
1973.000000000000000 0.998580320680224
1974.000000000000000 0.998618678479288
1975.000000000000000 0.998656498555851
1976.000000000000000 0.998693781113451
1977.000000000000000 0.998730526373820
1978.000000000000000 0.998766734576838
1979.000000000000000 0.998802405980493
1980.000000000000000 0.998837540860838
1981.000000000000000 0.998872139511945
1982.000000000000000 0.998906202245862
1983.000000000000000 0.998939729392569
1984.000000000000000 0.998972721299931
1985.000000000000000 0.999005178333653
1986.000000000000000 0.999037100877234
1987.000000000000000 0.999068489331919
1988.000000000000000 0.999099344116653
1989.000000000000000 0.999129665668029
1990.000000000000000 0.999159454440247
1991.000000000000000 0.999188710905059
1992.000000000000000 0.999217435551719
1993.000000000000000 0.999245628886938
1994.000000000000000 0.999273291434830
1995.000000000000000 0.999300423736861
1996.000000000000000 0.999327026351800
1997.000000000000000 0.999353099855662
1998.000000000000000 0.999378644841662
1999.000000000000000 0.999403661920157
2000.000000000000000 0.999428151718595
2001.000000000000000 0.999452114881461
2002.000000000000000 0.999475552070222
2003.000000000000000 0.999498463963271
2004.000000000000000 0.999520851255873
2005.000000000000000 0.999542714660111
2006.000000000000000 0.999564054904824
2007.000000000000000 0.999584872735559
2008.000000000000000 0.999605168914503
2009.000000000000000 0.999624944220436
2010.000000000000000 0.999644199448664
2011.000000000000000 0.999662935410968
2012.000000000000000 0.999681152935536
2013.000000000000000 0.999698852866915
2014.000000000000000 0.999716036065939
2015.000000000000000 0.999732703409678
2016.000000000000000 0.999748855791372
2017.000000000000000 0.999764494120371
2018.000000000000000 0.999779619322073
2019.000000000000000 0.999794232337865
2020.000000000000000 0.999808334125054
2021.000000000000000 0.999821925656811
2022.000000000000000 0.999835007922100
2023.000000000000000 0.999847581925624
2024.000000000000000 0.999859648687750
2025.000000000000000 0.999871209244452
2026.000000000000000 0.999882264647243
2027.000000000000000 0.999892815963109
2028.000000000000000 0.999902864274445
2029.000000000000000 0.999912410678986
2030.000000000000000 0.999921456289742
2031.000000000000000 0.999930002234931
2032.000000000000000 0.999938049657912
2033.000000000000000 0.999945599717114
2034.000000000000000 0.999952653585972
2035.000000000000000 0.999959212452854
2036.000000000000000 0.999965277520995
2037.000000000000000 0.999970850008427
2038.000000000000000 0.999975931147908
2039.000000000000000 0.999980522186851
2040.000000000000000 0.999984624387259
2041.000000000000000 0.999988239025644
2042.000000000000000 0.999991367392967
2043.000000000000000 0.999994010794557
2044.000000000000000 0.999996170550045
2045.000000000000000 0.999997847993288
2046.000000000000000 0.999999044472298
2047.000000000000000 0.999999761349168
