0.000000000000000000e+00 0.000000000000000000e+00
1.000000000000000000e+00 4.870317212604597934e-01
2.000000000000000000e+00 9.790811991534760228e-01
3.000000000000000000e+00 9.600814509537272112e-01
4.000000000000000000e+00 9.823543145557874778e-01
5.000000000000000000e+00 9.940775436440459911e-01
6.000000000000000000e+00 9.868990417502254697e-01
7.000000000000000000e+00 9.997645100777855509e-01
8.000000000000000000e+00 9.916702142703094358e-01
9.000000000000000000e+00 9.995661100496247009e-01
1.000000000000000000e+01 9.957172704724276402e-01
1.100000000000000000e+01 9.983131793563163603e-01
1.200000000000000000e+01 9.984531486622975072e-01
1.300000000000000000e+01 9.975581513645581655e-01
1.400000000000000000e+01 9.997695913035123949e-01
1.500000000000000000e+01 9.976430647587991585e-01
1.600000000000000000e+01 9.999739857685677746e-01
1.700000000000000000e+01 9.983273593067265583e-01
1.800000000000000000e+01 9.995946249564725550e-01
1.900000000000000000e+01 9.991654162048860810e-01
2.000000000000000000e+01 9.991470724882685062e-01
2.100000000000000000e+01 9.997778650994657568e-01
2.200000000000000000e+01 9.989569793096144679e-01
2.300000000000000000e+01 9.999987194222115239e-01
2.400000000000000000e+01 9.990974475807923305e-01
2.500000000000000000e+01 9.998874883421351445e-01
2.600000000000000000e+01 9.994424595706786763e-01
2.700000000000000000e+01 9.996388182860401761e-01
2.800000000000000000e+01 9.997890485580834818e-01
2.900000000000000000e+01 9.994544103195032170e-01
3.000000000000000000e+01 9.999803169416767723e-01
3.100000000000000000e+01 9.994437505147427681e-01
