0.000000000000000000e+00 0.000000000000000000e+00
1.000000000000000000e+00 3.916146822256260096e-01
2.000000000000000000e+00 9.161481539772704519e-01
3.000000000000000000e+00 9.863907607196682470e-01
4.000000000000000000e+00 9.560048234581756121e-01
5.000000000000000000e+00 9.970192095937621124e-01
6.000000000000000000e+00 9.887530113141633770e-01
7.000000000000000000e+00 9.886594396170869103e-01
8.000000000000000000e+00 9.998928314858476218e-01
9.000000000000000000e+00 9.919611493026749827e-01
1.000000000000000000e+01 9.973339979398103683e-01
1.100000000000000000e+01 9.985173387756974828e-01
1.200000000000000000e+01 9.952064438574436123e-01
1.300000000000000000e+01 9.997788365059121496e-01
1.400000000000000000e+01 9.975900443547802698e-01
1.500000000000000000e+01 9.977995457487769393e-01
1.600000000000000000e+01 9.998938731558324466e-01
1.700000000000000000e+01 9.976390668960365415e-01
1.800000000000000000e+01 9.993791812929557761e-01
1.900000000000000000e+01 9.993266943604460772e-01
2.000000000000000000e+01 9.983412466475987124e-01
2.100000000000000000e+01 9.999716601397148352e-01
2.200000000000000000e+01 9.988942898516267599e-01
2.300000000000000000e+01 9.991890640876370799e-01
2.400000000000000000e+01 9.998955912725543405e-01
2.500000000000000000e+01 9.988789407990347202e-01
2.600000000000000000e+01 9.997905511567125592e-01
2.700000000000000000e+01 9.995733991724833345e-01
2.800000000000000000e+01 9.992032507238393091e-01
2.900000000000000000e+01 9.999989883682643965e-01
3.000000000000000000e+01 9.993434592432106633e-01
3.100000000000000000e+01 9.996254872574134032e-01
