0.000000000000000000e+00 0.000000000000000000e+00
1.000000000000000000e+00 3.196605499068083667e-02
2.000000000000000000e+00 1.230022884020297580e-01
3.000000000000000000e+00 2.595093162061007375e-01
4.000000000000000000e+00 4.218775843953970206e-01
5.000000000000000000e+00 5.883193652541163221e-01
6.000000000000000000e+00 7.389278452030003663e-01
7.000000000000000000e+00 8.590657029136730127e-01
8.000000000000000000e+00 9.413861440525934654e-01
9.000000000000000000e+00 9.861513471825564814e-01
1.000000000000000000e+01 9.999370194210774887e-01
1.100000000000000000e+01 9.931855042171430226e-01
1.200000000000000000e+01 9.773006550409804039e-01
1.300000000000000000e+01 9.620157540215715786e-01
1.400000000000000000e+01 9.536159297697269777e-01
1.500000000000000000e+01 9.543136728583434536e-01
1.600000000000000000e+01 9.627467548451132950e-01
1.700000000000000000e+01 9.752842904101962640e-01
1.800000000000000000e+01 9.876604998719238360e-01
1.900000000000000000e+01 9.964396160346271625e-01
2.000000000000000000e+01 9.999370579552826488e-01
2.100000000000000000e+01 9.984316277528495487e-01
2.200000000000000000e+01 9.937313700759042856e-01
2.300000000000000000e+01 9.883343202192992338e-01
2.400000000000000000e+01 9.845087790451197973e-01
2.500000000000000000e+01 9.835931681579906938e-01
2.600000000000000000e+01 9.857036687829791033e-01
2.700000000000000000e+01 9.898833819968207992e-01
2.800000000000000000e+01 9.945822438328045800e-01
2.900000000000000000e+01 9.982659847104953244e-01
3.000000000000000000e+01 9.999371221370433327e-01
3.100000000000000000e+01 9.994072281801797963e-01
3.200000000000000000e+01 9.972612315973233832e-01
3.300000000000000000e+01 9.945634116848162121e-01
3.400000000000000000e+01 9.924348035110650557e-01
3.500000000000000000e+01 9.916599050512349134e-01
3.600000000000000000e+01 9.924531226939269368e-01
3.700000000000000000e+01 9.944472346976759303e-01
3.800000000000000000e+01 9.968841797184029296e-01
3.900000000000000000e+01 9.989215370126044435e-01
4.000000000000000000e+01 9.999372119035456752e-01
4.100000000000000000e+01 9.997270331715087943e-01
4.200000000000000000e+01 9.985370106161869375e-01
4.300000000000000000e+01 9.969346396215601480e-01
4.400000000000000000e+01 9.955790372038572089e-01
4.500000000000000000e+01 9.949794790162441727e-01
4.600000000000000000e+01 9.953280505375107223e-01
4.700000000000000000e+01 9.964588281012235482e-01
4.800000000000000000e+01 9.979372600108267211e-01
4.900000000000000000e+01 9.992374181009563427e-01
5.000000000000000000e+01 9.999373271669654839e-01
5.100000000000000000e+01 9.998617709032731060e-01
5.200000000000000000e+01 9.991260325977746604e-01
5.300000000000000000e+01 9.980726298373063798e-01
5.400000000000000000e+01 9.971316015380395914e-01
5.500000000000000000e+01 9.966597657985234449e-01
5.600000000000000000e+01 9.968178128426917750e-01
5.700000000000000000e+01 9.975264347693802991e-01
5.800000000000000000e+01 9.985116449938447047e-01
5.900000000000000000e+01 9.994169229659565223e-01
6.000000000000000000e+01 9.999374678145833695e-01
6.100000000000000000e+01 9.999269210627258486e-01
6.200000000000000000e+01 9.994400325420319531e-01
6.300000000000000000e+01 9.987000603861190262e-01
6.400000000000000000e+01 9.980074117302588643e-01
6.500000000000000000e+01 9.976260995741079718e-01
6.600000000000000000e+01 9.976903108901263861e-01
6.700000000000000000e+01 9.981635763670938521e-01
6.800000000000000000e+01 9.988621448740150344e-01
6.900000000000000000e+01 9.995303398696429031e-01
7.000000000000000000e+01 9.999376337089324052e-01
7.100000000000000000e+01 9.999610691964083697e-01
7.200000000000000000e+01 9.996240065441326372e-01
7.300000000000000000e+01 9.990795821219753403e-01
7.400000000000000000e+01 9.985479081913000154e-01
7.500000000000000000e+01 9.982323022595558371e-01
7.600000000000000000e+01 9.982460793446191749e-01
7.700000000000000000e+01 9.985759455803019380e-01
7.800000000000000000e+01 9.990933962226804521e-01
7.900000000000000000e+01 9.996075090091657289e-01
8.000000000000000000e+01 9.999378246879783161e-01
8.100000000000000000e+01 9.999797760318449580e-01
8.200000000000000000e+01 9.997392012098300640e-01
8.300000000000000000e+01 9.993248736526111342e-01
8.400000000000000000e+01 9.989037977033202731e-01
8.500000000000000000e+01 9.986373520475676502e-01
8.600000000000000000e+01 9.986224867064391608e-01
8.700000000000000000e+01 9.988592067577053424e-01
8.800000000000000000e+01 9.992550090878120628e-01
8.900000000000000000e+01 9.996629690872911311e-01
9.000000000000000000e+01 9.999380405653315318e-01
9.100000000000000000e+01 9.999901702566439399e-01
9.200000000000000000e+01 9.998149366216301237e-01
9.300000000000000000e+01 9.994914790760973666e-01
9.400000000000000000e+01 9.991498847610621459e-01
9.500000000000000000e+01 9.989212781659091434e-01
9.600000000000000000e+01 9.988896274934535580e-01
9.700000000000000000e+01 9.990628575470414940e-01
9.800000000000000000e+01 9.993730613714872923e-01
9.900000000000000000e+01 9.997045434132294517e-01
1.000000000000000000e+02 9.999382811304909913e-01
1.010000000000000000e+02 9.999958329914757638e-01
1.020000000000000000e+02 9.998665989603983117e-01
1.030000000000000000e+02 9.996090789300696722e-01
1.040000000000000000e+02 9.993266784856799090e-01
1.050000000000000000e+02 9.991279303877916851e-01
1.060000000000000000e+02 9.990863430561564007e-01
1.070000000000000000e+02 9.992146476657839393e-01
1.080000000000000000e+02 9.994623724486141336e-01
1.090000000000000000e+02 9.997367707055322406e-01
1.100000000000000000e+02 9.999385461491195892e-01
1.110000000000000000e+02 9.999986926964549161e-01
1.120000000000000000e+02 9.999028514192632722e-01
1.130000000000000000e+02 9.996946658335504887e-01
1.140000000000000000e+02 9.994576450038890059e-01
1.150000000000000000e+02 9.992829689147776362e-01
1.160000000000000000e+02 9.992355843044781194e-01
1.170000000000000000e+02 9.993311406973235389e-01
1.180000000000000000e+02 9.995318941496961207e-01
1.190000000000000000e+02 9.997624442743919815e-01
1.200000000000000000e+02 9.999388353633503757e-01
1.210000000000000000e+02 9.999998453920301289e-01
1.220000000000000000e+02 9.999288515957001078e-01
1.230000000000000000e+02 9.997585169813142381e-01
1.240000000000000000e+02 9.995571285433725306e-01
1.250000000000000000e+02 9.994022212431803442e-01
1.260000000000000000e+02 9.993516296111761843e-01
1.270000000000000000e+02 9.994227342632735489e-01
1.280000000000000000e+02 9.995873066196175882e-01
1.290000000000000000e+02 9.997833670387088478e-01
1.300000000000000000e+02 9.999391484921235085e-01
1.310000000000000000e+02 9.999999411153503992e-01
1.320000000000000000e+02 9.999478123095068005e-01
1.330000000000000000e+02 9.998071323360168128e-01
1.340000000000000000e+02 9.996342911547048127e-01
1.350000000000000000e+02 9.994958799997143428e-01
1.360000000000000000e+02 9.994437455112589186e-01
1.370000000000000000e+02 9.994962314200971365e-01
1.380000000000000000e+02 9.996323630077391664e-01
1.390000000000000000e+02 9.998007491869673746e-01
1.400000000000000000e+02 9.999394852315524052e-01
1.410000000000000000e+02 9.999993787502475806e-01
1.420000000000000000e+02 9.999618114230547361e-01
1.430000000000000000e+02 9.998447786099853296e-01
1.440000000000000000e+02 9.996952030487880059e-01
1.450000000000000000e+02 9.995707495067722714e-01
1.460000000000000000e+02 9.995181622190396631e-01
1.470000000000000000e+02 9.995562403840032584e-01
1.480000000000000000e+02 9.996696287980099127e-01
1.490000000000000000e+02 9.998154301508817010e-01
1.500000000000000000e+02 9.999398452553207584e-01
1.510000000000000000e+02 9.999984098284580014e-01
1.520000000000000000e+02 9.999722358826207413e-01
1.530000000000000000e+02 9.998743459283658819e-01
1.540000000000000000e+02 9.997440125144181344e-01
1.550000000000000000e+02 9.996315128053608889e-01
1.560000000000000000e+02 9.995791960559267109e-01
1.570000000000000000e+02 9.996059759668411981e-01
1.580000000000000000e+02 9.997009089659254499e-01
1.590000000000000000e+02 9.998280086560831226e-01
1.600000000000000000e+02 9.999402282151073074e-01
1.610000000000000000e+02 9.999971964308255190e-01
1.620000000000000000e+02 9.999800367287593472e-01
1.630000000000000000e+02 9.998978453290447987e-01
1.640000000000000000e+02 9.997836307641917442e-01
1.650000000000000000e+02 9.996814784992253955e-01
1.660000000000000000e+02 9.996299154887718919e-01
1.670000000000000000e+02 9.996477384715712899e-01
1.680000000000000000e+02 9.997275053449996562e-01
1.690000000000000000e+02 9.998389221041947827e-01
1.700000000000000000e+02 9.999406337410386980e-01
1.710000000000000000e+02 9.999958447592780519e-01
1.720000000000000000e+02 9.999858814253694828e-01
1.730000000000000000e+02 9.999167091338397872e-01
1.740000000000000000e+02 9.998161484856759040e-01
1.750000000000000000e+02 9.997230379101855746e-01
1.760000000000000000e+02 9.996725513135870100e-01
1.770000000000000000e+02 9.996832105160348148e-01
1.780000000000000000e+02 9.997503773712204111e-01
1.790000000000000000e+02 9.998484967612218943e-01
1.800000000000000000e+02 9.999410614421708754e-01
1.810000000000000000e+02 9.999944252549289869e-01
1.820000000000000000e+02 9.999902479887169404e-01
1.830000000000000000e+02 9.999319784856504079e-01
1.840000000000000000e+02 9.998430977293872868e-01
1.850000000000000000e+02 9.997579541928827140e-01
1.860000000000000000e+02 9.997087575285892314e-01
1.870000000000000000e+02 9.997136469323752994e-01
1.880000000000000000e+02 9.997702456611320398e-01
1.890000000000000000e+02 9.998569804716456177e-01
1.900000000000000000e+02 9.999415109069960117e-01
1.910000000000000000e+02 9.999929850005552234e-01
1.920000000000000000e+02 9.999934848935556619e-01
1.930000000000000000e+02 9.999444239113114419e-01
1.940000000000000000e+02 9.998656213843355456e-01
1.950000000000000000e+02 9.997875504654700762e-01
1.960000000000000000e+02 9.997397819812041675e-01
1.970000000000000000e+02 9.997399996774435360e-01
1.980000000000000000e+02 9.997876606027089608e-01
1.990000000000000000e+02 9.998645645600309217e-01
2.000000000000000000e+02 9.999419817039765235e-01
2.010000000000000000e+02 9.999915555564191649e-01
2.020000000000000000e+02 9.999958501992473048e-01
2.030000000000000000e+02 9.999546248478881072e-01
2.040000000000000000e+02 9.998845856764749795e-01
2.050000000000000000e+02 9.998128353445585592e-01
2.060000000000000000e+02 9.997665808000842924e-01
2.070000000000000000e+02 9.997630020327753497e-01
2.080000000000000000e+02 9.998030488869000809e-01
2.090000000000000000e+02 9.998713988442601286e-01
2.100000000000000000e+02 9.999424733821037359e-01
2.110000000000000000e+02 9.999901580176414617e-01
2.120000000000000000e+02 9.999975376966422358e-01
2.130000000000000000e+02 9.999630233105615273e-01
2.140000000000000000e+02 9.999006565510271116e-01
2.150000000000000000e+02 9.998345886029278429e-01
2.160000000000000000e+02 9.997898968426007782e-01
2.170000000000000000e+02 9.997832266126728262e-01
2.180000000000000000e+02 9.998167457597135765e-01
2.190000000000000000e+02 9.998776021455111351e-01
2.200000000000000000e+02 9.999429854714808608e-01
2.210000000000000000e+02 9.999888063396027427e-01
2.220000000000000000e+02 9.999986947421077854e-01
2.230000000000000000e+02 9.999699608554188934e-01
2.240000000000000000e+02 9.999143525906056817e-01
2.250000000000000000e+02 9.998534207963044596e-01
2.260000000000000000e+02 9.998103145461240127e-01
2.270000000000000000e+02 9.998011261152679463e-01
2.280000000000000000e+02 9.998290178112350102e-01
2.290000000000000000e+02 9.998832697856112617e-01
2.300000000000000000e+02 9.999435174839296225e-01
2.310000000000000000e+02 9.999875095602934749e-01
2.320000000000000000e+02 9.999994346466570816e-01
2.330000000000000000e+02 9.999757045071479000e-01
2.340000000000000000e+02 9.999260823486953997e-01
2.350000000000000000e+02 9.998698155225037576e-01
2.360000000000000000e+02 9.998282989685840505e-01
2.370000000000000000e+02 9.998170624580241528e-01
2.380000000000000000e+02 9.998400793597885805e-01
2.390000000000000000e+02 9.998884790268529610e-01
2.400000000000000000e+02 9.999440689136196436e-01
2.410000000000000000e+02 9.999862733066513520e-01
2.420000000000000000e+02 9.999998454260292657e-01
2.430000000000000000e+02 9.999804652493736734e-01
2.440000000000000000e+02 9.999361711240549733e-01
2.450000000000000000e+02 9.998841598625710647e-01
2.460000000000000000e+02 9.998442240265192904e-01
2.470000000000000000e+02 9.998313279427372136e-01
2.480000000000000000e+02 9.998501044178139674e-01
2.490000000000000000e+02 9.998932930800720209e-01
2.500000000000000000e+02 9.999446392377188131e-01
2.510000000000000000e+02 9.999851008281700482e-01
2.520000000000000000e+02 9.999999960739047733e-01
2.530000000000000000e+02 9.999844114105292947e-01
2.540000000000000000e+02 9.999448804509699640e-01
2.550000000000000000e+02 9.998967666354223738e-01
