0.000000000000000000e+00 0.000000000000000000e+00
1.000000000000000000e+00 1.278516923334194200e-02
2.000000000000000000e+00 5.035879644821628087e-02
3.000000000000000000e+00 1.104391777451466661e-01
4.000000000000000000e+00 1.894305308612976857e-01
5.000000000000000000e+00 2.827129755142083756e-01
6.000000000000000000e+00 3.850094944935738006e-01
7.000000000000000000e+00 4.907957513944526395e-01
8.000000000000000000e+00 5.947152654306486763e-01
9.000000000000000000e+00 6.919628619546688286e-01
1.000000000000000000e+01 7.786034180176863995e-01
1.100000000000000000e+01 8.518002015525222292e-01
1.200000000000000000e+01 9.099367256512550517e-01
1.300000000000000000e+01 9.526269384598006207e-01
1.400000000000000000e+01 9.806195672744533187e-01
1.500000000000000000e+01 9.956123785299259010e-01
1.600000000000000000e+01 1.000000000000000000e+00
1.700000000000000000e+01 9.965840317274510252e-01
1.800000000000000000e+01 9.882760345240521049e-01
1.900000000000000000e+01 9.778225833786878818e-01
2.000000000000000000e+01 9.675772212344520007e-01
2.100000000000000000e+01 9.593374702672453624e-01
2.200000000000000000e+01 9.542569045491088309e-01
2.300000000000000000e+01 9.528336329268963789e-01
2.400000000000000000e+01 9.549683628256275814e-01
2.500000000000000000e+01 9.600783869093250100e-01
2.600000000000000000e+01 9.672490263339772465e-01
2.700000000000000000e+01 9.754016795443829491e-01
2.800000000000000000e+01 9.834577659359448054e-01
2.900000000000000000e+01 9.904803241375818024e-01
3.000000000000000000e+01 9.957793724286586601e-01
3.100000000000000000e+01 9.989727212999306438e-01
3.200000000000000000e+01 1.000000000000000000e+00
3.300000000000000000e+01 9.990934666384144736e-01
3.400000000000000000e+01 9.967140442783675169e-01
3.500000000000000000e+01 9.934644511018011492e-01
3.600000000000000000e+01 9.899929695168061539e-01
3.700000000000000000e+01 9.869012595966801804e-01
3.800000000000000000e+01 9.846678267325268408e-01
3.900000000000000000e+01 9.835956553703669725e-01
4.000000000000000000e+01 9.837886106172260003e-01
4.100000000000000000e+01 9.851570445082261651e-01
4.200000000000000000e+01 9.874491733570116558e-01
4.300000000000000000e+01 9.903016897716901967e-01
4.400000000000000000e+01 9.933010787674487752e-01
4.500000000000000000e+01 9.960463963455339353e-01
4.600000000000000000e+01 9.982048370443254992e-01
4.700000000000000000e+01 9.995530942368643368e-01
4.800000000000000000e+01 1.000000000000000000e+00
4.900000000000000000e+01 9.995888318072608802e-01
5.000000000000000000e+01 9.984805740743171176e-01
5.100000000000000000e+01 9.969219348710904871e-01
5.200000000000000000e+01 9.952037309518420027e-01
5.300000000000000000e+01 9.936161710173924133e-01
5.400000000000000000e+01 9.924075246233774461e-01
5.500000000000000000e+01 9.917517328325051729e-01
5.600000000000000000e+01 9.917288829679724582e-01
5.700000000000000000e+01 9.923204037606426775e-01
5.800000000000000000e+01 9.934186509517742847e-01
5.900000000000000000e+01 9.948485562734430410e-01
6.000000000000000000e+01 9.963974690260501976e-01
6.100000000000000000e+01 9.978484151033878424e-01
6.200000000000000000e+01 9.990118197673758527e-01
6.300000000000000000e+01 9.997512686241454283e-01
