0.000000000000000000e+00 0.000000000000000000e+00
1.000000000000000000e+00 2.543930606902422564e-02
2.000000000000000000e+00 9.867242968738243469e-02
3.000000000000000000e+00 2.109443733889685424e-01
4.000000000000000000e+00 3.492343555729207072e-01
5.000000000000000000e+00 4.983033033352480823e-01
6.000000000000000000e+00 6.430078215512919915e-01
7.000000000000000000e+00 7.704656338586547415e-01
8.000000000000000000e+00 8.717015099509305420e-01
9.000000000000000000e+00 9.425177925487707720e-01
1.000000000000000000e+01 9.834937794207213591e-01
1.100000000000000000e+01 9.991887244123333067e-01
1.200000000000000000e+01 9.967685980584435335e-01
1.300000000000000000e+01 9.843684330875412947e-01
1.400000000000000000e+01 9.695243924727320328e-01
1.500000000000000000e+01 9.579626648090576735e-01
1.600000000000000000e+01 9.529308341511713021e-01
1.700000000000000000e+01 9.551271800216545316e-01
1.800000000000000000e+01 9.631545599882683772e-01
1.900000000000000000e+01 9.743256716795476446e-01
2.000000000000000000e+01 9.855945811424210445e-01
2.100000000000000000e+01 9.943922056694349809e-01
2.200000000000000000e+01 9.991948650286383016e-01
2.300000000000000000e+01 9.997385188876054540e-01
2.400000000000000000e+01 9.968845383080446876e-01
2.500000000000000000e+01 9.922233297273435060e-01
2.600000000000000000e+01 9.875524950334682028e-01
2.700000000000000000e+01 9.843779107865416877e-01
2.800000000000000000e+01 9.835606261906159054e-01
2.900000000000000000e+01 9.851800795079576067e-01
3.000000000000000000e+01 9.886205821651811165e-01
3.100000000000000000e+01 9.928302314649262161e-01
3.200000000000000000e+01 9.966631770642829791e-01
3.300000000000000000e+01 9.992050167600530219e-01
3.400000000000000000e+01 9.999970018180625031e-01
3.500000000000000000e+01 9.991107961960061790e-01
3.600000000000000000e+01 9.970703767717310484e-01
3.700000000000000000e+01 9.946587332205149012e-01
3.800000000000000000e+01 9.926739432257435380e-01
3.900000000000000000e+01 9.917062419289662811e-01
4.000000000000000000e+01 9.919948990782420095e-01
4.100000000000000000e+01 9.933963273421793083e-01
4.200000000000000000e+01 9.954615375617799078e-01
4.300000000000000000e+01 9.975913178499856704e-01
4.400000000000000000e+01 9.992190570701479091e-01
4.500000000000000000e+01 9.999679841749922193e-01
4.600000000000000000e+01 9.997413077436381190e-01
4.700000000000000000e+01 9.987258758815866777e-01
4.800000000000000000e+01 9.973156175298130144e-01
4.900000000000000000e+01 9.959828449141957529e-01
5.000000000000000000e+01 9.951377834517090015e-01
5.100000000000000000e+01 9.950167958079969566e-01
5.200000000000000000e+01 9.956285838817021672e-01
5.300000000000000000e+01 9.967691389290882498e-01
5.400000000000000000e+01 9.980960602804652693e-01
5.500000000000000000e+01 9.992368171950745115e-01
5.600000000000000000e+01 9.998977793343922782e-01
5.700000000000000000e+01 9.999429773457244597e-01
5.800000000000000000e+01 9.994222938957973978e-01
5.900000000000000000e+01 9.985445230706433417e-01
6.000000000000000000e+01 9.976067054765249686e-01
6.100000000000000000e+01 9.969028272080207032e-01
6.200000000000000000e+01 9.966393407604882126e-01
6.300000000000000000e+01 9.968812553587366176e-01
6.400000000000000000e+01 9.975423130478208167e-01
6.500000000000000000e+01 9.984193228593210012e-01
6.600000000000000000e+01 9.992580848676698713e-01
6.700000000000000000e+01 9.998300469698023774e-01
6.800000000000000000e+01 9.999970026193042427e-01
6.900000000000000000e+01 9.997459029572821620e-01
7.000000000000000000e+01 9.991854803538766649e-01
7.100000000000000000e+01 9.985078351355087811e-01
7.200000000000000000e+01 9.979280430168800953e-01
7.300000000000000000e+01 9.976204463162292591e-01
7.400000000000000000e+01 9.976702255698293165e-01
7.500000000000000000e+01 9.980534348559356728e-01
7.600000000000000000e+01 9.986497635209226065e-01
7.700000000000000000e+01 9.992826077312632060e-01
7.800000000000000000e+01 9.997734213377362789e-01
7.900000000000000000e+01 9.999938531904677408e-01
8.000000000000000000e+01 9.999006546250951422e-01
8.100000000000000000e+01 9.995440834195848945e-01
8.200000000000000000e+01 9.990486710650154922e-01
8.300000000000000000e+01 9.985732907996751617e-01
8.400000000000000000e+01 9.982631357469220479e-01
8.500000000000000000e+01 9.982079640454519787e-01
8.600000000000000000e+01 9.984184705188313691e-01
8.700000000000000000e+01 9.988268231810509823e-01
8.800000000000000000e+01 9.993100973792535813e-01
8.900000000000000000e+01 9.997287359408888463e-01
9.000000000000000000e+01 9.999681442207615234e-01
9.100000000000000000e+01 9.999711455800998072e-01
9.200000000000000000e+01 9.997522264779108436e-01
9.300000000000000000e+01 9.993902038033499746e-01
9.400000000000000000e+01 9.990023846864320989e-01
9.500000000000000000e+01 9.987085574242895447e-01
9.600000000000000000e+01 9.985957680548039894e-01
9.700000000000000000e+01 9.986941501121832099e-01
9.800000000000000000e+01 9.989704220875873508e-01
9.900000000000000000e+01 9.993402339450473404e-01
1.000000000000000000e+02 9.996949864935553709e-01
1.010000000000000000e+02 9.999346909307285092e-01
1.020000000000000000e+02 9.999970039543265576e-01
1.030000000000000000e+02 9.998740808761983345e-01
1.040000000000000000e+02 9.996127804910757142e-01
1.050000000000000000e+02 9.992988024542002190e-01
1.060000000000000000e+02 9.990300218956637002e-01
1.070000000000000000e+02 9.988872518381788357e-01
1.080000000000000000e+02 9.989111092141971238e-01
1.090000000000000000e+02 9.990915485803635310e-01
1.100000000000000000e+02 9.993726711570209975e-01
1.110000000000000000e+02 9.996708409020221842e-01
1.120000000000000000e+02 9.999003059736447652e-01
1.130000000000000000e+02 9.999985289983952530e-01
1.140000000000000000e+02 9.999437919268535646e-01
1.150000000000000000e+02 9.997601715379743625e-01
1.160000000000000000e+02 9.995088623526073857e-01
1.170000000000000000e+02 9.992688702375727150e-01
1.180000000000000000e+02 9.991131199224270176e-01
1.190000000000000000e+02 9.990871621503962796e-01
1.200000000000000000e+02 9.991966595164802900e-01
1.210000000000000000e+02 9.994070417649902893e-01
1.220000000000000000e+02 9.996550292745036703e-01
1.230000000000000000e+02 9.998682416446182941e-01
1.240000000000000000e+02 9.999868525244115514e-01
1.250000000000000000e+02 9.999808450130006632e-01
1.260000000000000000e+02 9.998579241088559888e-01
1.270000000000000000e+02 9.996600512536140126e-01
