0.000000000000000000e+00 0.000000000000000000e+00
1.000000000000000000e+00 5.947152654306488984e-01
2.000000000000000000e+00 1.000000000000000000e+00
3.000000000000000000e+00 9.549683628256276924e-01
4.000000000000000000e+00 1.000000000000000000e+00
5.000000000000000000e+00 9.837886106172260003e-01
6.000000000000000000e+00 1.000000000000000000e+00
7.000000000000000000e+00 9.917288829679724582e-01
8.000000000000000000e+00 1.000000000000000000e+00
9.000000000000000000e+00 9.949964847584030769e-01
1.000000000000000000e+01 1.000000000000000000e+00
1.100000000000000000e+01 9.966505393837243876e-01
1.200000000000000000e+01 1.000000000000000000e+00
1.300000000000000000e+01 9.976018654759210014e-01
1.400000000000000000e+01 1.000000000000000000e+00
1.500000000000000000e+01 9.981987345130250988e-01
1.600000000000000000e+01 1.000000000000000000e+00
1.700000000000000000e+01 9.985976306762306409e-01
1.800000000000000000e+01 1.000000000000000000e+00
1.900000000000000000e+01 9.988773276050710859e-01
2.000000000000000000e+01 1.000000000000000000e+00
2.100000000000000000e+01 9.990809869964414336e-01
2.200000000000000000e+01 1.000000000000000000e+00
2.300000000000000000e+01 9.992338662862583210e-01
2.400000000000000000e+01 1.000000000000000000e+00
2.500000000000000000e+01 9.993515444246889867e-01
2.600000000000000000e+01 1.000000000000000000e+00
2.700000000000000000e+01 9.994440538620448233e-01
2.800000000000000000e+01 1.000000000000000000e+00
2.900000000000000000e+01 9.995180918732825548e-01
3.000000000000000000e+01 1.000000000000000000e+00
3.100000000000000000e+01 9.995782677059632526e-01
