8.922071456909179688e-01
3.980235159397125244e-01
6.690856814384460449e-01
9.573401212692260742e-01
7.280926704406738281e-01
8.377155661582946777e-02
2.404936701059341431e-01
1.811517924070358276e-01
7.060915231704711914e-01
9.171878099441528320e-01
9.806520938873291016e-01
3.758233487606048584e-01
8.848522305488586426e-01
8.733606338500976562e-01
4.472569525241851807e-01
7.522833943367004395e-01
1.110413074493408203e-01
2.098857238888740540e-02
8.075920939445495605e-01
1.504166871309280396e-01
3.384145498275756836e-01
5.593583583831787109e-01
4.399656951427459717e-01
4.794605970382690430e-01
3.879129886627197266e-01
1.853953003883361816e-01
2.512097358703613281e-01
9.121626615524291992e-01
9.474821090698242188e-01
9.076642990112304688e-01
9.360243082046508789e-01
6.824476122856140137e-01
6.185461878776550293e-01
4.013984203338623047e-01
1.709526963531970978e-02
5.011740922927856445e-01
7.244904637336730957e-01
3.007405102252960205e-01
5.145596861839294434e-01
5.080881118774414062e-01
7.872663140296936035e-01
7.975094318389892578e-01
6.745887547731399536e-02
9.874116778373718262e-01
7.599106431007385254e-01
4.435440897941589355e-01
1.654761582612991333e-01
9.837876558303833008e-01
2.555061578750610352e-01
9.608252048492431641e-01
3.432037234306335449e-01
8.270727992057800293e-01
4.977632462978363037e-01
9.706934094429016113e-01
2.136557102203369141e-01
7.015391588211059570e-01
7.381897568702697754e-01
3.231102526187896729e-01
3.343178033828735352e-01
4.135063886642456055e-01
6.436452865600585938e-01
3.512549400329589844e-02
4.214129745960235596e-01
3.686053212732076645e-03
5.749619603157043457e-01
2.936389446258544922e-01
2.292005419731140137e-01
8.809770345687866211e-01
1.686666458845138550e-01
6.779356598854064941e-01
9.738931059837341309e-01
4.726254045963287354e-01
7.481878995895385742e-01
9.496283531188964844e-02
1.972965449094772339e-01
5.853333473205566406e-01
8.116371035575866699e-01
3.468737900257110596e-01
9.539006948471069336e-01
6.973227262496948242e-01
4.297385513782501221e-01
3.830000385642051697e-02
2.090970426797866821e-01
8.380218148231506348e-01
4.259014725685119629e-01
6.619739532470703125e-01
1.403594017028808594e-01
4.614742398262023926e-01
9.299187660217285156e-01
1.767753511667251587e-01
8.552057147026062012e-01
7.102091908454895020e-01
7.562350630760192871e-01
8.045302629470825195e-01
8.890939354896545410e-01
6.258165240287780762e-01
7.646897435188293457e-01
2.013488411903381348e-01
7.208935022354125977e-01
8.342176675796508789e-01
1.244556456804275513e-01
2.329806387424468994e-01
6.299701929092407227e-01
5.114709734916687012e-01
3.300527334213256836e-01
2.436895370483398438e-01
9.436518549919128418e-01
8.671264052391052246e-01
3.632136881351470947e-01
1.142979934811592102e-01
5.928186774253845215e-01
4.829117655754089355e-01
5.820986032485961914e-01
1.539970040321350098e-01
5.184679031372070312e-01
6.659806370735168457e-01
3.806961774826049805e-01
4.177367985248565674e-01
5.553321242332458496e-01
8.170483708381652832e-01
8.302314281463623047e-01
5.422882437705993652e-01
8.702049255371093750e-01
8.008835315704345703e-01
9.215669035911560059e-01
7.788103818893432617e-01
2.369247674942016602e-01
5.707662105560302734e-01
7.100499421358108521e-02
5.968412756919860840e-01
2.866571843624114990e-01
4.576651155948638916e-01
7.672979496419429779e-03
4.759814143180847168e-01
1.473510712385177612e-01
3.950796127319335938e-01
2.657780945301055908e-01
3.173262774944305420e-01
6.733319163322448730e-01
3.259542882442474365e-01
5.298911333084106445e-01
5.226194262504577637e-01
4.585064202547073364e-02
5.635206699371337891e-01
6.009927988052368164e-01
6.866627335548400879e-01
4.185215756297111511e-02
4.052839577198028564e-01
7.137621045112609863e-01
7.840490937232971191e-01
7.685911655426025391e-01
9.299187660217285156e-01
8.632747530937194824e-01
9.915091991424560547e-01
8.962774872779846191e-01
8.462767004966735840e-01
6.584466099739074707e-01
7.788103818893432617e-01
4.507847428321838379e-01
5.046321749687194824e-01
6.122227311134338379e-01
7.730312347412109375e-01
2.049465924501419067e-01
6.477359533309936523e-01
3.503955900669097900e-01
1.600665003061294556e-01
1.175875216722488403e-01
2.831880450248718262e-01
2.791039645671844482e-02
7.549916207790374756e-02
1.600665003061294556e-01
8.725038915872573853e-02
6.016337499022483826e-02
5.673384070396423340e-01
6.151012182235717773e-01
1.469299313612282276e-04
2.751590907573699951e-01
5.288410931825637817e-02
5.259996056556701660e-01
9.961261600255966187e-02
1.214737296104431152e-01
6.088664531707763672e-01
1.935968995094299316e-01
4.903445243835449219e-01
2.212180793285369873e-01
6.386715918779373169e-02
6.051048040390014648e-01
7.440389990806579590e-01
6.505264639854431152e-01
3.702371418476104736e-01
1.723978668451309204e-01
3.073229491710662842e-01
2.789294123649597168e-01
3.173262774944305420e-01
2.474067360162734985e-02
5.645537376403808594e-02
6.903533935546875000e-01
3.541088700294494629e-01
8.770532608032226562e-01
7.175646424293518066e-01
5.469956398010253906e-01
4.095250368118286133e-01
5.336584448814392090e-01
3.044389486312866211e-01
2.599101960659027100e-01
2.657780945301055908e-01
8.003005385398864746e-02
4.933430254459381104e-02
5.377495288848876953e-01
3.584825694561004639e-01
4.653011262416839600e-01
1.036154329776763916e-01
6.373109817504882812e-01
1.269114017486572266e-02
6.403555870056152344e-01
2.973149418830871582e-01
3.661225736141204834e-01
9.404923319816589355e-01
9.773818254470825195e-01
8.170483708381652832e-01
5.514282584190368652e-01
8.422254323959350586e-01
6.338477134704589844e-01
3.879129886627197266e-01
2.899580001831054688e-01
7.320669293403625488e-01
6.217776536941528320e-01
9.964435696601867676e-01
4.941913783550262451e-01
2.251003533601760864e-01
9.250728487968444824e-01
2.476268261671066284e-01
8.999063968658447266e-01
2.714813947677612305e-01
3.758233487606048584e-01
1.365806907415390015e-01
5.886167883872985840e-01
4.368441998958587646e-01
8.505480289459228516e-01
8.230003118515014648e-01
1.899144798517227173e-01
9.032967686653137207e-01
1.074839532375335693e-01
4.538626074790954590e-01
1.436016708612442017e-01
3.166599199175834656e-02
9.089145064353942871e-02
9.508675336837768555e-01
7.381897568702697754e-01
5.787809491157531738e-01
8.594382405281066895e-01
4.689030051231384277e-01
6.936950683593750000e-01
2.173162996768951416e-01
4.865266680717468262e-01
1.327636986970901489e-01
