4.695246219635009766e-01
2.812659144401550293e-01
3.165116310119628906e-01
3.675758838653564453e-01
4.774336218833923340e-01
7.761175036430358887e-01
6.933150887489318848e-01
3.295274078845977783e-01
4.085122346878051758e-01
9.330534934997558594e-01
4.656423032283782959e-01
9.258949160575866699e-01
5.182018280029296875e-01
6.122506856918334961e-01
8.846825361251831055e-01
3.894118592143058777e-02
9.712922573089599609e-01
8.209148049354553223e-01
1.761333197355270386e-01
9.495935440063476562e-01
8.112322688102722168e-01
9.791535139083862305e-01
1.939463764429092407e-01
2.407037466764450073e-01
6.498065590858459473e-01
5.395081266760826111e-02
8.586217164993286133e-01
9.084157347679138184e-01
7.726765871047973633e-01
7.696933150291442871e-01
2.240940034389495850e-01
2.445645183324813843e-01
5.266579389572143555e-01
2.550509274005889893e-01
5.309755206108093262e-01
8.673667311668395996e-01
3.549215793609619141e-01
5.639370083808898926e-01
5.035411119461059570e-01
6.295043230056762695e-01
8.630361557006835938e-01
4.049012660980224609e-01
1.581991314888000488e-01
4.404201209545135498e-01
7.556336522102355957e-01
1.317564249038696289e-01
9.566586017608642578e-01
2.084399610757827759e-01
6.321668624877929688e-01
9.748735427856445312e-01
3.000684976577758789e-01
3.636956214904785156e-01
1.713262498378753662e-02
4.870198965072631836e-01
6.574182510375976562e-01
8.367469906806945801e-01
6.232563257217407227e-01
4.325418770313262939e-01
7.989791035652160645e-01
6.654152274131774902e-01
6.529965251684188843e-02
5.837493538856506348e-01
1.204758808016777039e-01
3.708826601505279541e-01
7.346358299255371094e-01
8.435028195381164551e-01
6.160593032836914062e-01
9.882327914237976074e-01
8.884930014610290527e-01
7.954152822494506836e-01
2.595380544662475586e-01
3.549215793609619141e-01
2.048600912094116211e-01
8.923452496528625488e-01
3.825199604034423828e-01
9.289627671241760254e-01
7.912653088569641113e-01
8.508809804916381836e-01
6.851547360420227051e-01
4.256770312786102295e-01
6.533364653587341309e-01
1.974967718124389648e-01
4.638687148690223694e-02
1.006695181131362915e-01
6.194028854370117188e-01
4.951608180999755859e-01
3.908828198909759521e-01
5.074387788772583008e-01
3.746671676635742188e-01
2.341105490922927856e-01
7.670434117317199707e-01
7.002950310707092285e-01
7.391527295112609863e-01
6.071247458457946777e-01
9.470077753067016602e-01
2.296483069658279419e-01
2.444931492209434509e-02
6.013917922973632812e-01
4.119469821453094482e-01
7.460726499557495117e-01
9.958567619323730469e-01
8.982741832733154297e-01
8.153715729713439941e-01
5.421664714813232422e-01
3.038750886917114258e-01
2.773968968540430069e-03
4.617876112461090088e-01
2.847547233104705811e-01
6.699544787406921387e-01
5.805555582046508789e-01
4.296939820051193237e-02
5.026022717356681824e-02
4.990602731704711914e-01
5.935537815093994141e-01
1.390733420848846436e-01
5.465083718299865723e-01
6.071247458457946777e-01
1.866125017404556274e-01
5.555446743965148926e-01
8.301403522491455078e-01
1.836003512144088745e-01
6.423919796943664551e-01
4.473803341388702393e-01
9.881992824375629425e-03
4.296561777591705322e-01
1.432640254497528076e-01
3.254727721214294434e-01
2.515202462673187256e-01
6.460869908332824707e-01
2.737615108489990234e-01
9.112775325775146484e-01
5.671944618225097656e-01
3.424114286899566650e-01
4.737987220287322998e-01
1.900836974382400513e-01
8.009693026542663574e-02
6.891353726387023926e-01
1.267065852880477905e-01
8.397779464721679688e-01
3.973935544490814209e-01
9.359009563922882080e-02
6.795073747634887695e-01
3.789653480052947998e-01
5.715340971946716309e-01
2.635228633880615234e-01
8.063154220581054688e-01
4.225363433361053467e-01
1.672581881284713745e-01
7.526337504386901855e-01
8.718553185462951660e-01
3.358773589134216309e-01
4.011155962944030762e-01
7.122650742530822754e-01
2.154487818479537964e-01
9.841092824935913086e-01
1.043776869773864746e-01
6.127922609448432922e-02
9.676468372344970703e-01
1.347047742456197739e-02
8.883659541606903076e-02
7.002952098846435547e-01
2.711915969848632812e-01
2.962605655193328857e-01
8.209148049354553223e-01
1.801587045192718506e-01
4.911936521530151367e-01
7.430075407028198242e-01
7.305256128311157227e-01
5.903426408767700195e-01
3.937892913818359375e-01
6.262767910957336426e-01
2.818947099149227142e-02
1.069006919860839844e-01
3.125553727149963379e-01
2.926766872406005859e-01
5.222795605659484863e-01
2.672806084156036377e-01
7.701890170574188232e-02
3.869773745536804199e-01
7.269184589385986328e-01
3.358770608901977539e-01
9.604910016059875488e-01
3.465404212474822998e-01
8.470208048820495605e-01
1.512332111597061157e-01
7.122644186019897461e-01
2.063227444887161255e-02
9.640300273895263672e-01
9.401174783706665039e-01
1.472855508327484131e-01
2.199733704328536987e-01
9.178131818771362305e-01
5.596449375152587891e-01
9.995557665824890137e-01
5.974368453025817871e-01
5.111136436462402344e-01
7.874233722686767578e-01
9.720076620578765869e-02
7.226158976554870605e-01
8.023626804351806641e-01
6.364613771438598633e-01
5.776937305927276611e-02
9.149459004402160645e-01
7.839357852935791016e-01
5.869573950767517090e-01
4.159120023250579834e-01
9.530741572380065918e-01
6.490209139883518219e-03
7.492567300796508789e-01
3.207698762416839600e-01
8.263265490531921387e-01
3.499665856361389160e-01
3.081066906452178955e-01
1.717821061611175537e-01
2.017721235752105713e-01
9.435735344886779785e-01
4.837757050991058350e-01
9.363129138946533203e-01
4.508732855319976807e-01
8.547329306602478027e-01
5.350599884986877441e-01
8.765364885330200195e-01
7.194956541061401367e-01
2.478690296411514282e-01
8.982741832733154297e-01
1.233083829283714294e-01
5.384819507598876953e-01
9.047124385833740234e-01
4.194141626358032227e-01
4.542146027088165283e-01
8.455368876457214355e-02
8.334150910377502441e-01
3.607918918132781982e-01
7.054753303527832031e-01
2.895036935806274414e-01
4.805150032043457031e-01
8.808949589729309082e-01
7.796988487243652344e-01
5.146133899688720703e-01
3.203043714165687561e-02
2.117239087820053101e-01
4.578447639942169189e-01
1.317563652992248535e-01
6.963641196489334106e-02
1.551923751831054688e-01
6.795070171356201172e-01
4.431810081005096436e-01
1.626916527748107910e-01
2.373894006013870239e-01
7.344349473714828491e-02
9.921018481254577637e-01
3.532323613762855530e-02
6.740266680717468262e-01
6.611704230308532715e-01
5.512033700942993164e-01
5.744409561157226562e-01
