8.702604174613952637e-01
1.831223666667938232e-01
7.326418906450271606e-02
5.908116698265075684e-01
4.531514048576354980e-01
7.550725340843200684e-01
5.522140860557556152e-01
9.494174122810363770e-01
3.639198243618011475e-01
9.924445748329162598e-01
7.481096982955932617e-01
5.406421422958374023e-01
6.356199979782104492e-01
2.825613915920257568e-01
6.776264309883117676e-01
7.516962289810180664e-01
7.062652111053466797e-01
3.242014944553375244e-01
1.659260690212249756e-01
1.470129489898681641e-01
2.218359708786010742e-02
5.572323128581047058e-02
6.743730902671813965e-01
7.103176116943359375e-01
8.804181218147277832e-01
5.298865437507629395e-01
2.244209945201873779e-01
2.440816015005111694e-01
9.461404681205749512e-01
8.033500313758850098e-01
7.186574339866638184e-01
6.236991286277770996e-01
7.697196602821350098e-01
3.287643790245056152e-01
7.225019931793212891e-01
7.429038286209106445e-01
9.659448266029357910e-01
1.121019478887319565e-02
8.091430664062500000e-01
4.717142134904861450e-02
9.814150929450988770e-01
5.336982607841491699e-01
4.057331085205078125e-01
2.971928715705871582e-01
4.555276930332183838e-01
7.783797383308410645e-01
5.069468021392822266e-01
1.881881505250930786e-01
6.317856907844543457e-01
5.600430369377136230e-01
1.280111521482467651e-01
8.844692707061767578e-01
4.225216209888458252e-01
7.253850102424621582e-01
6.961984932422637939e-02
9.214185178279876709e-02
4.838895201683044434e-01
2.299891114234924316e-01
3.480305373668670654e-01
2.403119653463363647e-01
5.043866038322448730e-01
2.777290046215057373e-01
5.275128483772277832e-01
1.053327322006225586e-01
8.554168939590454102e-01
6.989905834197998047e-01
7.623240351676940918e-01
4.157379567623138428e-01
2.655937373638153076e-01
3.403230011463165283e-01
9.379726052284240723e-01
9.563429355621337891e-01
1.759087145328521729e-01
9.600558876991271973e-01
6.862567067146301270e-01
1.409288682043552399e-02
9.006673097610473633e-01
2.128609269857406616e-01
7.023316621780395508e-01
9.848070144653320312e-01
7.860056757926940918e-01
4.010947346687316895e-01
3.112791292369365692e-02
5.941374301910400391e-01
4.954727888107299805e-01
3.852213919162750244e-01
8.124711513519287109e-01
1.401664465665817261e-01
6.575085967779159546e-02
4.676544964313507080e-01
1.164411231875419617e-01
2.675040252506732941e-02
9.314541220664978027e-01
2.484106123447418213e-01
2.613597512245178223e-01
8.364512324333190918e-01
2.698190212249755859e-01
9.109982848167419434e-01
6.393221616744995117e-01
6.708900928497314453e-01
4.296083450317382812e-01
2.525112032890319824e-01
2.569308578968048096e-01
6.185772418975830078e-01
5.641363263130187988e-01
1.583407968282699585e-01
8.890422582626342773e-01
9.779967069625854492e-01
1.500079631805419922e-01
4.374081194400787354e-01
6.680642962455749512e-01
8.966835737228393555e-01
9.889810085296630859e-01
2.862670123577117920e-01
6.457821726799011230e-01
3.435434401035308838e-02
8.288954496383666992e-01
3.442216813564300537e-01
8.595294952392578125e-01
7.365862131118774414e-01
7.141239643096923828e-01
6.524741649627685547e-01
4.093950986862182617e-01
7.614024449139833450e-03
5.406421422958374023e-01
7.741435766220092773e-01
3.197191953659057617e-01
6.562447547912597656e-01
6.461051525548100471e-04
6.593568921089172363e-01
5.477045178413391113e-01
2.091299146413803101e-01
6.275647878646850586e-01
5.237084031105041504e-01
9.715657234191894531e-01
5.722873210906982422e-01
9.749199151992797852e-01
7.586412429809570312e-01
7.824347615242004395e-01
5.998947620391845703e-01
8.328860998153686523e-01
9.417721629142761230e-01
7.902472615242004395e-01
5.149118900299072266e-01
5.930295214056968689e-02
3.167590200901031494e-01
4.808870851993560791e-01
4.157378673553466797e-01
3.066695332527160645e-01
5.172698572278022766e-02
3.767106449231505394e-03
9.598820656538009644e-02
6.814799904823303223e-01
5.680264830589294434e-01
3.924474120140075684e-01
6.952290534973144531e-01
3.130899369716644287e-01
1.617383509874343872e-01
1.202027127146720886e-01
2.299890667200088501e-01
9.043367505073547363e-01
6.134901046752929688e-01
3.745137155055999756e-01
1.363565921783447266e-01
8.769345283508300781e-01
1.790310740470886230e-01
6.488603949546813965e-01
4.590330719947814941e-01
4.459362924098968506e-01
1.930227726697921753e-01
9.659448266029357910e-01
8.494569063186645508e-01
5.814871191978454590e-01
2.358815819025039673e-01
3.815097808837890625e-01
2.934550940990447998e-01
4.636164009571075439e-01
3.965887427330017090e-01
6.100450158119201660e-01
3.886838257312774658e-01
1.243703663349151611e-01
6.424429416656494141e-01
4.745236337184906006e-01
8.397802114486694336e-01
4.989511370658874512e-01
8.494569063186645508e-01
9.205613732337951660e-01
9.529103040695190430e-01
1.999780237674713135e-01
1.691709756851196289e-01
7.655164599418640137e-01
2.734208106994628906e-01
3.572145998477935791e-01
3.687180876731872559e-01
1.433037519454956055e-01
5.406421422958374023e-01
4.340860843658447266e-01
7.793970406055450439e-02
2.205008715391159058e-01
8.151948451995849609e-02
5.195624828338623047e-01
8.842123299837112427e-02
5.998947620391845703e-01
3.095819652080535889e-01
1.962796747684478760e-01
5.013618469238281250e-01
9.151038527488708496e-01
9.314541220664978027e-01
4.712356626987457275e-01
3.327924609184265137e-01
4.777270257472991943e-01
4.422948062419891357e-01
2.900073230266571045e-01
8.702603578567504883e-01
3.812408074736595154e-02
2.043251842260360718e-01
8.929771780967712402e-01
3.369994759559631348e-01
7.945010662078857422e-01
5.844212770462036133e-01
5.561560988426208496e-01
8.059964179992675781e-01
7.295456528663635254e-01
1.321278065443038940e-01
8.627350330352783203e-01
6.064490079879760742e-01
7.991408109664916992e-01
9.076619148254394531e-01
8.253940939903259277e-01
4.874861240386962891e-01
6.212058290839195251e-02
3.772253990173339844e-01
6.185772418975830078e-01
9.255554676055908203e-01
3.608286380767822266e-01
5.881002545356750488e-01
3.525314331054687500e-01
5.769889950752258301e-01
2.175602912902832031e-01
7.327924370765686035e-01
1.004044339060783386e-01
3.687179088592529297e-01
8.162340521812438965e-01
8.480044454336166382e-02
1.130989938974380493e-01
4.914315640926361084e-01
4.221979901194572449e-02
1.095864549279212952e-01
9.205613732337951660e-01
1.779435016214847565e-02
4.260106384754180908e-01
7.429038286209106445e-01
5.105816721916198730e-01
8.433804512023925781e-01
1.723387986421585083e-01
6.904086470603942871e-01
