5.213751792907714844e-01
6.421197056770324707e-01
2.152476310729980469e-01
3.999502062797546387e-01
9.968807697296142578e-01
6.684111952781677246e-01
1.344345062971115112e-01
7.291829586029052734e-01
6.978541016578674316e-01
7.436442375183105469e-01
8.217431902885437012e-01
9.511220455169677734e-01
4.912409782409667969e-01
1.556330323219299316e-01
9.474608302116394043e-01
5.178243517875671387e-01
5.608340501785278320e-01
1.302063614130020142e-01
5.452170372009277344e-01
3.161174058914184570e-01
3.345406353473663330e-01
5.736868977546691895e-01
1.901411414146423340e-01
6.228914260864257812e-01
4.685133993625640869e-01
7.619352545589208603e-03
7.556591928005218506e-02
2.496311962604522705e-01
3.381330370903015137e-01
1.522230803966522217e-01
4.622725248336791992e-01
5.933777093887329102e-01
1.037046834826469421e-01
2.888911068439483643e-01
4.974046349525451660e-01
9.213998913764953613e-01
7.382825613021850586e-01
2.803750336170196533e-02
7.936630845069885254e-01
5.531660914421081543e-01
4.850882887840270996e-01
4.685133993625640869e-01
9.705798625946044922e-01
1.692239791154861450e-01
5.774480104446411133e-01
5.247675776481628418e-01
4.458458423614501953e-01
2.455439232289791107e-02
8.774684667587280273e-01
2.812341749668121338e-01
4.542655646800994873e-01
5.133592486381530762e-01
8.934097886085510254e-01
1.384985148906707764e-01
8.890319466590881348e-01
8.057745695114135742e-01
6.554744243621826172e-01
6.079519987106323242e-01
5.813751816749572754e-01
6.324634552001953125e-01
2.441330999135971069e-01
6.129294037818908691e-01
3.723921477794647217e-01
6.708176732063293457e-01
4.270787239074707031e-01
8.023793697357177734e-01
2.722485661506652832e-01
1.260676532983779907e-01
3.023012280464172363e-01
4.937624633312225342e-01
6.849063038825988770e-01
3.817695081233978271e-01
8.690486550331115723e-01
6.883436441421508789e-02
9.434157013893127441e-01
2.071208357810974121e-01
3.182508982717990875e-03
1.076510325074195862e-01
4.072656631469726562e-01
9.814210534095764160e-01
1.454381197690963745e-01
1.118963882327079773e-01
2.610761225223541260e-01
8.540763854980468750e-01
9.938017129898071289e-01
9.124708771705627441e-01
2.934277653694152832e-01
2.751118242740631104e-01
6.146872043609619141e-02
5.851600170135498047e-01
9.775350689888000488e-01
3.212226927280426025e-01
8.733753859996795654e-02
6.774482727050781250e-01
1.660993695259094238e-02
3.251919746398925781e-01
9.626413583755493164e-01
4.496698975563049316e-01
3.552583158016204834e-01
8.492572307586669922e-01
2.101235277950763702e-02
5.966711044311523438e-01
3.923054635524749756e-01
6.038796305656433105e-01
7.667703032493591309e-01
4.038104712963104248e-01
1.222916021943092346e-01
5.810690298676490784e-02
6.460967063903808594e-01
4.350970685482025146e-01
8.325813412666320801e-01
7.814756035804748535e-01
9.947352856397628784e-02
3.789179027080535889e-01
1.757041215896606445e-01
2.254565656185150146e-01
7.512790560722351074e-01
9.172958135604858398e-01
5.469453707337379456e-02
9.141843765974044800e-02
9.046994447708129883e-01
7.843441367149353027e-01
8.977402448654174805e-01
9.012253284454345703e-01
1.723728030920028687e-01
7.382825613021850586e-01
3.023012280464172363e-01
6.806952357292175293e-01
8.373128771781921387e-01
4.184748828411102295e-01
3.491689860820770264e-01
4.107526540756225586e-01
8.610727787017822266e-01
4.748430252075195312e-01
5.657680630683898926e-01
6.741715073585510254e-01
3.961726725101470947e-01
6.284937858581542969e-01
1.586584299802780151e-01
1.219780370593070984e-02
1.824582815170288086e-01
2.221776694059371948e-01
8.849063515663146973e-01
5.323238968849182129e-01
6.512089818716049194e-02
6.528660058975219727e-01
6.494996547698974609e-01
8.100282549858093262e-01
9.352896213531494141e-01
7.259247303009033203e-01
2.531273961067199707e-01
1.978796869516372681e-01
9.586462974548339844e-01
5.892754793167114258e-01
3.759822845458984375e-01
6.375532150268554688e-01
7.130367159843444824e-01
6.228914260864257812e-01
2.649691402912139893e-01
8.588531017303466797e-01
2.373421639204025269e-01
5.490021109580993652e-01
9.742742776870727539e-01
2.571724653244018555e-01
3.112118244171142578e-01
7.223672866821289062e-01
6.893242001533508301e-01
7.177710533142089844e-01
3.197992220520973206e-02
4.423551559448242188e-01
8.421697020530700684e-01
9.283909201622009277e-01
4.388366043567657471e-01
5.572286844253540039e-01
7.089247703552246094e-01
4.147291183471679688e-01
3.463344871997833252e-01
1.622891724109649658e-01
6.168789267539978027e-01
1.865460723638534546e-01
7.329158186912536621e-01
2.290914803743362427e-01
1.150339543819427490e-01
2.684899270534515381e-01
9.547455906867980957e-01
1.421560347080230713e-01
3.633973896503448486e-01
2.332989275455474854e-01
8.730611801147460938e-01
9.250633120536804199e-01
3.678724765777587891e-01
1.789543926715850830e-01
5.406302809715270996e-01
9.532414376735687256e-02
3.309442996978759766e-01
2.009927928447723389e-01
3.588324189186096191e-01
7.770149707794189453e-01
7.631316781044006348e-01
7.588745355606079102e-01
9.910080432891845703e-01
4.587539732456207275e-01
2.970611453056335449e-01
5.011005997657775879e-01
7.936630845069885254e-01
3.884940147399902344e-01
5.701823234558105469e-01
7.990095615386962891e-01
9.393499493598937988e-01
5.092883706092834473e-01
4.310779273509979248e-01
8.808361291885375977e-01
2.188047766685485840e-01
8.389011025428771973e-02
5.053737759590148926e-01
4.057675972580909729e-02
7.050573229789733887e-01
7.736318707466125488e-01
7.976487278938293457e-02
7.012065052986145020e-01
6.939236521720886230e-01
2.849400639533996582e-01
8.140481710433959961e-01
1.657694727182388306e-01
5.106858536601066589e-02
5.282673835754394531e-01
8.250548243522644043e-01
4.820044338703155518e-01
8.185327649116516113e-01
3.668199852108955383e-02
3.280704617500305176e-01
4.426361620426177979e-02
7.882745862007141113e-01
1.188823357224464417e-01
3.520582020282745361e-01
8.457189798355102539e-01
2.441330999135971069e-01
5.364258885383605957e-01
1.938116699457168579e-01
4.751254618167877197e-02
9.998686909675598145e-01
7.553146481513977051e-01
9.668914079666137695e-01
8.540763854980468750e-01
2.105230391025543213e-01
4.781427681446075439e-01
8.285553455352783203e-01
7.482644915580749512e-01
2.779612243175506592e-01
6.001670956611633301e-01
4.224274754524230957e-01
9.083505868911743164e-01
9.317138195037841797e-01
1.489472389221191406e-01
3.850611150264739990e-01
3.074617683887481689e-01
