7.198733687400817871e-01
2.419749498367309570e-01
2.862058579921722412e-01
3.090480566024780273e-01
8.827570080757141113e-02
5.388180539011955261e-02
9.141306579113006592e-02
8.249936103820800781e-01
6.569721102714538574e-01
1.805788725614547729e-01
3.008309602737426758e-01
7.505782842636108398e-01
7.781155109405517578e-01
4.968862235546112061e-02
7.127279043197631836e-01
5.771161317825317383e-01
8.389661908149719238e-01
6.214737296104431152e-01
5.899657607078552246e-01
6.953633427619934082e-01
1.444749683141708374e-01
2.460327744483947754e-01
6.992386579513549805e-01
3.189509809017181396e-01
2.528973817825317383e-01
2.310590147972106934e-01
6.077347695827484131e-02
8.571723699569702148e-01
7.266926169395446777e-01
9.039278030395507812e-01
3.743535578250885010e-01
9.812228381633758545e-02
4.317167699337005615e-01
3.854711353778839111e-02
9.004585146903991699e-01
6.461805105209350586e-01
5.933125615119934082e-01
8.704117536544799805e-01
9.708118438720703125e-01
2.100067883729934692e-01
3.224030733108520508e-01
6.610851883888244629e-01
4.686830639839172363e-01
5.081432461738586426e-01
8.793815374374389648e-01
7.646394371986389160e-01
6.282863020896911621e-01
4.862598478794097900e-01
6.771207451820373535e-01
8.793815374374389648e-01
1.652547419071197510e-01
3.157759010791778564e-01
4.167077839374542236e-01
4.818355739116668701e-01
6.438890844583511353e-02
8.596155643463134766e-01
8.500783443450927734e-01
1.356657594442367554e-01
6.435250043869018555e-01
9.069890975952148438e-01
1.887030303478240967e-01
4.044481813907623291e-01
8.634608983993530273e-01
4.795984625816345215e-01
4.174600541591644287e-02
5.039436817169189453e-01
6.657577157020568848e-01
9.804888963699340820e-01
6.179930567741394043e-01
4.196736812591552734e-01
8.899899721145629883e-01
3.434271514415740967e-01
4.893027842044830322e-01
6.252538561820983887e-01
9.662706851959228516e-01
6.844621896743774414e-01
2.275708764791488647e-01
9.223111867904663086e-01
7.727875709533691406e-01
9.193014502525329590e-01
4.757176041603088379e-01
1.091264858841896057e-01
5.001249909400939941e-01
5.813779830932617188e-01
7.061711549758911133e-01
3.978710174560546875e-01
2.785495817661285400e-01
4.583366960287094116e-02
6.929555442184209824e-03
7.399895787239074707e-01
7.170355916023254395e-01
6.064819097518920898e-01
2.580859363079071045e-01
1.727128773927688599e-01
4.656340479850769043e-01
1.395612396299839020e-02
8.093168735504150391e-01
2.580859363079071045e-01
5.471328496932983398e-01
2.382349520921707153e-01
2.936122715473175049e-01
5.156178474426269531e-01
6.701067686080932617e-01
2.972508072853088379e-01
4.948211908340454102e-01
4.014449715614318848e-01
3.779438436031341553e-01
3.127284049987792969e-01
7.295193076133728027e-01
3.047444820404052734e-01
3.591645956039428711e-01
3.816258013248443604e-01
6.809019446372985840e-01
1.401521265506744385e-01
3.261118233203887939e-01
7.330818772315979004e-01
3.299034833908081055e-01
6.878994107246398926e-01
5.429785251617431641e-01
8.462188392877578735e-02
8.389661908149719238e-01
9.995238184928894043e-01
2.041044533252716064e-01
8.010181188583374023e-01
8.674196600914001465e-01
1.842717081308364868e-01
6.109708547592163086e-01
9.578191041946411133e-01
3.939450085163116455e-01
6.402241587638854980e-01
9.754372239112854004e-01
8.166349530220031738e-01
2.638117372989654541e-01
9.134954214096069336e-01
8.304106593132019043e-01
5.970228314399719238e-01
6.916801929473876953e-01
7.367215156555175781e-01
9.287197589874267578e-01
2.494164705276489258e-01
7.433585524559020996e-01
2.162054032087326050e-01
7.613007426261901855e-01
4.232295453548431396e-01
4.726736843585968018e-01
8.389661908149719238e-01
5.675564408302307129e-01
2.787258941680192947e-03
5.232684612274169922e-01
7.096132636070251465e-01
8.541294932365417480e-01
5.394755005836486816e-01
9.543302655220031738e-01
9.391223192214965820e-01
5.118702054023742676e-01
1.234459653496742249e-01
3.509111106395721436e-01
1.196724846959114075e-01
9.321356415748596191e-01
7.186894863843917847e-02
6.147432327270507812e-01
7.959676980972290039e-01
1.691479980945587158e-01
4.613184034824371338e-01
1.270484775304794312e-01
2.237174063920974731e-01
3.334962427616119385e-01
3.387780189514160156e-01
8.747617602348327637e-01
9.841215610504150391e-01
3.541347086429595947e-01
7.646598666906356812e-02
8.971564173698425293e-01
8.130475878715515137e-01
7.580261230468750000e-01
6.527064442634582520e-01
9.890891909599304199e-01
9.462866932153701782e-02
2.014306336641311646e-01
7.927578687667846680e-01
2.481039240956306458e-02
3.901782631874084473e-01
8.038660883903503418e-02
6.358987689018249512e-01
5.280427932739257812e-01
7.027288675308227539e-01
3.198393806815147400e-02
5.357127189636230469e-01
9.948664903640747070e-01
3.706260621547698975e-01
1.932045221328735352e-01
4.528044760227203369e-01
5.616912245750427246e-01
7.863733172416687012e-01
8.852635025978088379e-01
5.731181502342224121e-01
5.192282199859619141e-01
7.688248753547668457e-01
2.344653606414794922e-01
1.067556254565715790e-02
2.821770608425140381e-01
8.389661908149719238e-01
8.054602742195129395e-01
2.714230418205261230e-01
7.898787260055541992e-01
4.570588469505310059e-01
9.460491538047790527e-01
1.972457319498062134e-01
1.018202826380729675e-01
4.361869096755981445e-01
7.468819618225097656e-01
1.606056690216064453e-01
3.558976948261260986e-02
4.408985078334808350e-01
2.752522528171539307e-01
1.052934974431991577e-01
1.165254116058349609e-01
4.271495640277862549e-01
5.319551825523376465e-01
2.683269977569580078e-01
7.541194558143615723e-01
4.455457925796508789e-01
2.896072566509246826e-01
5.502454042434692383e-01
9.624019265174865723e-01
1.128632426261901855e-01
1.565416753292083740e-01
6.775001436471939087e-02
4.948211908340454102e-01
3.473936915397644043e-01
3.860828280448913574e-01
1.524631828069686890e-01
9.363189339637756348e-01
5.675564408302307129e-01
5.860842466354370117e-01
2.805539034307003021e-02
3.633052706718444824e-01
9.253556728363037109e-01
8.938537836074829102e-01
3.387780189514160156e-01
6.016343832015991211e-01
4.494492411613464355e-01
5.753448605537414551e-02
2.203420251607894897e-01
1.765379011631011963e-01
7.824211716651916504e-01
2.125705182552337646e-01
6.738736033439636230e-01
3.672552704811096191e-01
9.501255154609680176e-01
9.134954214096069336e-01
6.493797898292541504e-01
1.309166848659515381e-01
1.485706567764282227e-01
8.198850750923156738e-01
6.323306560516357422e-01
