8.984822630882263184e-01
5.674659013748168945e-01
9.787002801895141602e-01
5.061609148979187012e-01
8.474606275558471680e-01
6.067526340484619141e-01
5.111537575721740723e-01
8.020291477441787720e-02
7.472561597824096680e-01
4.467759132385253906e-01
9.891511797904968262e-01
3.195110559463500977e-01
1.631084978580474854e-01
2.444024682044982910e-01
7.244629263877868652e-01
9.132539033889770508e-01
3.274939954280853271e-01
8.040683269500732422e-01
7.209780216217041016e-01
6.652860045433044434e-01
5.913400650024414062e-01
9.096959233283996582e-01
5.705100893974304199e-01
7.898212671279907227e-01
2.561542391777038574e-01
3.010751903057098389e-01
3.231831789016723633e-01
2.128115594387054443e-01
4.369037747383117676e-01
4.307656586170196533e-01
6.220779381692409515e-03
8.083929419517517090e-01
7.550273537635803223e-01
4.648596644401550293e-01
6.133295893669128418e-01
7.629275321960449219e-02
7.828947305679321289e-01
1.916940808296203613e-01
4.573371112346649170e-01
6.575595140457153320e-01
3.050915002822875977e-01
9.816075563430786133e-01
2.751673338934779167e-03
1.826298385858535767e-01
3.603076338768005371e-01
2.406301945447921753e-01
4.860525727272033691e-01
9.254330396652221680e-01
7.996664643287658691e-01
3.072784096002578735e-02
8.633510470390319824e-01
4.731940627098083496e-01
5.856693983078002930e-01
8.366624712944030762e-01
5.755626782774925232e-02
7.730973958969116211e-01
7.313852310180664062e-01
5.163979530334472656e-01
7.591715455055236816e-01
3.796110451221466064e-01
1.498233973979949951e-01
2.638431191444396973e-01
4.202602058649063110e-02
9.754492640495300293e-01
2.686518132686614990e-01
5.407358407974243164e-01
4.211301505565643311e-01
6.132203340530395508e-02
1.573659181594848633e-01
2.923744320869445801e-01
8.526068329811096191e-01
1.064954921603202820e-01
7.125351428985595703e-01
3.890981376171112061e-01
9.218724966049194336e-01
1.432679966092109680e-02
9.419931769371032715e-01
6.476112455129623413e-02
3.818234205245971680e-01
6.996485590934753418e-01
4.612790644168853760e-01
5.368889570236206055e-01
5.025506764650344849e-02
6.494674086570739746e-01
1.984677612781524658e-01
5.390202254056930542e-02
8.599535822868347168e-01
2.268458604812622070e-01
1.188085153698921204e-01
8.563883304595947266e-01
4.247421622276306152e-01
1.426251679658889771e-01
2.292000502347946167e-01
7.285738587379455566e-01
9.156183600425720215e-01
3.679252266883850098e-01
8.158620595932006836e-01
6.368038654327392578e-01
6.929510831832885742e-01
2.522457242012023926e-01
1.351625770330429077e-01
5.607056617736816406e-01
1.386150121688842773e-01
5.333898067474365234e-01
1.826297640800476074e-01
8.947997689247131348e-01
8.288502693176269531e-01
5.232278108596801758e-01
7.171815037727355957e-01
3.089656233787536621e-01
8.358897268772125244e-02
8.874226808547973633e-01
8.123597502708435059e-01
9.659065864980220795e-03
7.394661903381347656e-01
7.898213267326354980e-01
3.716906309127807617e-01
7.630203962326049805e-01
7.300473749637603760e-02
5.569497346878051758e-01
6.969556212425231934e-01
8.225587606430053711e-01
5.525929331779479980e-01
9.303730130195617676e-01
4.277194142341613770e-01
9.713338017463684082e-01
2.805420756340026855e-01
8.225587606430053711e-01
6.405668854713439941e-01
3.730368614196777344e-02
9.374208450317382812e-01
8.841090202331542969e-01
5.303642749786376953e-01
9.018262624740600586e-01
8.330572247505187988e-01
1.948797404766082764e-01
4.436212480068206787e-01
3.931491971015930176e-01
2.601397931575775146e-01
4.369037747383117676e-01
2.699029445648193359e-02
5.632683634757995605e-01
8.909726738929748535e-01
8.434185981750488281e-01
6.494678258895874023e-01
3.981706500053405762e-01
2.805417776107788086e-01
8.695989847183227539e-01
9.587045907974243164e-01
8.402023911476135254e-01
4.137774109840393066e-01
6.100770235061645508e-01
6.333894729614257812e-01
3.638925552368164062e-01
7.828947305679321289e-01
1.317260414361953735e-01
4.176360070705413818e-01
7.353590130805969238e-01
8.693985641002655029e-02
8.766397237777709961e-01
6.614686250686645508e-01
1.734361499547958374e-01
5.111537575721740723e-01
6.033334732055664062e-01
9.503082036972045898e-01
1.695847064256668091e-01
8.666526675224304199e-01
1.631084978580474854e-01
9.541738629341125488e-01
6.893120408058166504e-01
2.483532577753067017e-01
5.884453654289245605e-01
2.061624974012374878e-01
9.440022706985473633e-02
2.985299527645111084e-01
3.123876154422760010e-01
4.541120827198028564e-01
2.327389270067214966e-01
3.521366417407989502e-01
6.173856854438781738e-01
1.457459330558776855e-01
2.156280875205993652e-01
1.279140561819076538e-01
9.869135171175003052e-02
7.125351428985595703e-01
3.981706500053405762e-01
4.952189326286315918e-01
1.119161769747734070e-01
4.774118065834045410e-01
6.722224354743957520e-01
2.368829697370529175e-01
3.159549534320831299e-01
7.656761407852172852e-01
3.362733125686645508e-01
7.697302103042602539e-01
7.773691415786743164e-01
5.823466181755065918e-01
3.355167806148529053e-02
3.399417102336883545e-01
2.026664614677429199e-01
1.229469031095504761e-01
6.266862750053405762e-01
3.859850466251373291e-01
3.565576970577239990e-01
9.463121891021728516e-01
7.436774373054504395e-01
9.997575879096984863e-01
4.686671495437622070e-01
5.197007060050964355e-01
3.436245918273925781e-01
3.323260545730590820e-01
9.962056875228881836e-01
2.950147986412048340e-01
6.305302381515502930e-01
6.494674086570739746e-01
4.030308723449707031e-01
9.929472208023071289e-01
2.805417776107788086e-01
6.856342554092407227e-01
1.883356831967830658e-02
9.335803389549255371e-01
5.489624142646789551e-01
6.682974696159362793e-01
4.066526889801025391e-01
9.628729224205017090e-01
2.094437181949615479e-01
1.029041782021522522e-01
7.513482570648193359e-01
6.809645295143127441e-01
2.887695431709289551e-01
2.720668315887451172e-01
9.851032495498657227e-01
5.444868803024291992e-01
9.084277600049972534e-02
6.215968728065490723e-01
9.055282473564147949e-01
4.099584519863128662e-01
8.803161382675170898e-01
4.502343833446502686e-01
4.581034928560256958e-02
1.119161769747734070e-01
9.668666124343872070e-01
4.904933273792266846e-01
5.026607513427734375e-01
1.533850282430648804e-01
1.826299279928207397e-01
7.952694296836853027e-01
2.336085215210914612e-02
5.269941091537475586e-01
5.782034993171691895e-01
3.474918007850646973e-01
4.814368188381195068e-01
8.732266426086425781e-01
6.764739155769348145e-01
5.745871067047119141e-01
4.993849396705627441e-01
