9.221158027648925781e-01
8.489244580268859863e-01
6.065391302108764648e-01
3.408681601285934448e-03
5.378077626228332520e-01
2.245354652404785156e-01
5.204570889472961426e-01
1.751875430345535278e-01
9.058247804641723633e-01
3.210371434688568115e-01
9.508642554283142090e-01
9.255656599998474121e-01
2.002377212047576904e-01
2.769364789128303528e-02
5.860508680343627930e-01
8.912899494171142578e-01
6.002357602119445801e-01
9.730826616287231445e-01
4.872679114341735840e-01
8.675602674484252930e-01
6.763955950736999512e-01
6.994693875312805176e-01
9.293348193168640137e-01
4.772396981716156006e-01
7.779301404953002930e-01
7.406476736068725586e-01
7.466500401496887207e-01
1.686656624078750610e-01
2.408727556467056274e-01
4.026988744735717773e-01
4.136151373386383057e-01
3.170782327651977539e-02
8.025063276290893555e-01
2.483764886856079102e-01
9.694547057151794434e-01
9.466207027435302734e-01
6.165982484817504883e-01
8.182915449142456055e-01
9.135586023330688477e-01
5.601307749748229980e-02
5.029048919677734375e-01
9.015520811080932617e-01
8.060197234153747559e-01
9.927322864532470703e-01
4.433738589286804199e-01
3.180722296237945557e-01
9.888371825218200684e-01
7.235293090343475342e-02
1.725044995546340942e-01
7.985552549362182617e-01
4.993759095668792725e-01
1.207962930202484131e-01
6.441975831985473633e-01
9.679529815912246704e-02
9.807278513908386230e-01
6.872037649154663086e-01
3.425204753875732422e-01
4.918035864830017090e-01
7.249435782432556152e-01
8.371087908744812012e-02
2.711737155914306641e-01
6.725049614906311035e-01
9.621192216873168945e-01
3.769607543945312500e-01
8.790470957756042480e-01
2.446564286947250366e-01
1.953881084918975830e-01
7.406476736068725586e-01
6.563256978988647461e-01
9.176386594772338867e-01
6.127079725265502930e-01
5.819563269615173340e-01
5.419860482215881348e-01
7.176133394241333008e-01
7.607979774475097656e-01
3.920877873897552490e-01
2.867084741592407227e-01
6.402853727340698242e-01
2.640626728534698486e-01
6.537172198295593262e-01
3.732123374938964844e-01
3.484895825386047363e-01
1.788679361343383789e-01
9.847267270088195801e-01
7.863418459892272949e-01
6.043510884046554565e-02
6.698406934738159180e-01
1.430845856666564941e-01
4.098784029483795166e-01
5.101776123046875000e-01
3.249475955963134766e-01
1.128621920943260193e-01
3.400461971759796143e-01
5.889604687690734863e-01
4.638673961162567139e-01
6.528855115175247192e-02
8.732751607894897461e-01
5.960008502006530762e-01
5.271534323692321777e-01
8.236280679702758789e-01
9.542852640151977539e-01
6.065391302108764648e-01
6.360375881195068359e-01
4.063292443752288818e-01
8.962326049804687500e-01
4.176830351352691650e-01
6.918024420738220215e-01
3.007893264293670654e-01
7.216832637786865234e-01
4.254477918148040771e-01
5.596495866775512695e-01
7.535667419433593750e-01
7.351905703544616699e-01
1.001262813806533813e-01
8.868371248245239258e-01
2.673613727092742920e-01
5.136982202529907227e-01
1.651692688465118408e-01
8.387233018875122070e-01
5.928259491920471191e-01
8.100055456161499023e-01
7.943822741508483887e-01
3.144916296005249023e-01
8.527838587760925293e-01
3.874383494257926941e-02
8.633831739425659180e-01
2.539817094802856445e-01
9.994969964027404785e-01
8.460556864738464355e-01
4.522424340248107910e-01
8.818450570106506348e-02
4.477982521057128906e-01
8.826617002487182617e-01
9.362564682960510254e-01
3.874383494257926941e-02
8.598132729530334473e-01
2.467316761612892151e-02
5.468029975891113281e-01
9.395998716354370117e-01
3.518318831920623779e-01
8.293030261993408203e-01
2.977490723133087158e-01
2.075911313295364380e-01
2.283429354429244995e-01
2.745008170604705811e-01
2.322908192873001099e-01
2.114458568394184113e-02
4.218124747276306152e-01
6.886519491672515869e-02
1.041572466492652893e-01
1.953881084918975830e-01
7.906443625688552856e-02
7.823888659477233887e-01
3.988736569881439209e-01
9.252754598855972290e-02
5.711683034896850586e-01
4.673484861850738525e-01
7.562848180532455444e-02
6.794143915176391602e-01
6.235760450363159180e-01
2.905434370040893555e-01
1.860509663820266724e-01
5.063461065292358398e-01
6.501685380935668945e-01
5.340991616249084473e-01
1.567885428667068481e-01
6.470822095870971680e-01
9.959646463394165039e-01
5.558715462684631348e-01
8.558041453361511230e-01
5.779775977134704590e-01
1.081122010946273804e-01
8.421573042869567871e-01
9.427970051765441895e-01
8.352558612823486328e-01
3.567488193511962891e-01
9.768970012664794922e-01
7.695555090904235840e-01
7.061052322387695312e-01
3.952682018280029297e-01
1.498146653175354004e-01
2.030825018882751465e-01
7.138159871101379395e-01
5.637355446815490723e-01
7.029502391815185547e-01
9.657173752784729004e-01
4.744255840778350830e-01
7.292572855949401855e-01
7.573929429054260254e-01
8.133628368377685547e-01
4.305832087993621826e-01
1.471654474735260010e-01
5.706183612346649170e-03
9.094743728637695312e-01
3.074878752231597900e-01
2.367211133241653442e-01
6.315351128578186035e-01
4.347020089626312256e-01
2.539817094802856445e-01
1.172072887420654297e-01
2.822045385837554932e-01
7.096852660179138184e-01
3.275412321090698242e-01
2.123815417289733887e-01
3.661091625690460205e-01
6.827136874198913574e-01
8.732751607894897461e-01
1.898945420980453491e-01
5.512512326240539551e-01
1.820567250251770020e-01
4.603207409381866455e-01
4.843554794788360596e-01
2.595990598201751709e-01
2.782127857208251953e-01
6.274982690811157227e-01
1.310811191797256470e-01
1.532744467258453369e-01
7.739132642745971680e-01
5.305582880973815918e-01
6.959112882614135742e-01
6.202556490898132324e-01
5.171893239021301270e-01
1.607646793127059937e-01
1.356068551540374756e-01
5.674254298210144043e-01
1.243803948163986206e-01
4.957651495933532715e-01
3.612331449985504150e-01
7.650767564773559570e-01
3.811770081520080566e-01
5.749149918556213379e-01
7.318895459175109863e-01
2.203646600246429443e-01
3.074878752231597900e-01
2.159755378961563110e-01
3.699368238449096680e-01
9.581313133239746094e-01
5.236356258392333984e-01
5.234095454216003418e-02
1.279507130384445190e-01
3.849750161170959473e-01
4.870802536606788635e-02
9.333781599998474121e-01
4.563761875033378601e-02
2.941410839557647705e-01
1.807118020951747894e-02
8.182915449142456055e-01
7.907313108444213867e-01
4.564245343208312988e-01
3.886098563671112061e-01
3.453792631626129150e-01
8.261363506317138672e-01
1.393550336360931396e-01
4.714269638061523438e-01
7.505926489830017090e-01
4.391570091247558594e-01
