8.112197518348693848e-01
7.764288783073425293e-01
2.736723423004150391e-02
1.652226410806179047e-02
7.512805461883544922e-01
5.625728964805603027e-01
7.279548645019531250e-01
4.526159167289733887e-01
2.408716529607772827e-01
2.586883902549743652e-01
1.402193754911422729e-01
9.395130276679992676e-01
9.426128268241882324e-01
7.170631289482116699e-01
2.714990079402923584e-01
5.504649281501770020e-01
4.959819838404655457e-02
9.688694477081298828e-01
9.533566236495971680e-01
6.696258783340454102e-01
3.744430541992187500e-01
1.470354348421096802e-01
5.739343911409378052e-02
1.231738328933715820e-01
8.048340678215026855e-01
4.825391769409179688e-01
4.285472035408020020e-01
3.546822369098663330e-01
7.141888737678527832e-01
5.573356747627258301e-01
9.331271052360534668e-01
7.932947874069213867e-01
3.308517038822174072e-01
8.172464966773986816e-01
8.697979450225830078e-01
4.617552459239959717e-02
8.777174353599548340e-01
3.413907587528228760e-01
8.112197518348693848e-01
6.844089627265930176e-01
2.133261710405349731e-01
5.938460826873779297e-01
2.984551787376403809e-01
4.176794886589050293e-01
9.643839597702026367e-01
9.193875640630722046e-02
9.064829945564270020e-01
5.978195667266845703e-01
6.160441040992736816e-01
9.951022863388061523e-01
8.801311254501342773e-02
3.781352639198303223e-01
4.951365590095520020e-01
2.515791356563568115e-01
9.802103638648986816e-01
7.244340777397155762e-01
5.016024112701416016e-01
9.609695672988891602e-01
5.537582635879516602e-01
5.362250208854675293e-01
4.707130789756774902e-01
1.333232372999191284e-01
7.597427368164062500e-01
5.056117773056030273e-01
7.696874141693115234e-01
2.029200345277786255e-01
2.284895330667495728e-01
7.476497888565063477e-01
1.040497869253158569e-01
8.905659914016723633e-01
3.612835407257080078e-01
5.160033702850341797e-01
2.978954871650785208e-04
8.435143232345581055e-01
3.509911596775054932e-01
1.365325301885604858e-01
3.578721284866333008e-01
5.222629904747009277e-01
9.147469997406005859e-01
2.368900626897811890e-01
6.264035105705261230e-01
8.738241195678710938e-01
6.015321612358093262e-01
1.082074567675590515e-01
1.857721209526062012e-01
6.286778487265110016e-03
9.499709606170654297e-01
2.439665794372558594e-02
2.134803123772144318e-02
3.709042668342590332e-01
4.247737228870391846e-01
1.892393082380294800e-01
7.965197414159774780e-02
5.398260354995727539e-01
1.719946116209030151e-01
1.755894273519515991e-01
3.426793590188026428e-02
8.355005383491516113e-01
9.633533656597137451e-02
6.194281578063964844e-01
4.490056633949279785e-01
8.945648074150085449e-01
3.908118009567260742e-01
3.728401614353060722e-03
5.825209021568298340e-01
2.061778008937835693e-01
1.618203669786453247e-01
1.684463173151016235e-01
6.618887782096862793e-01
3.947233259677886963e-01
3.179725110530853271e-01
9.022232890129089355e-01
2.243782579898834229e-01
1.963632702827453613e-01
4.014297723770141602e-01
2.172956913709640503e-01
3.030323684215545654e-01
9.108601808547973633e-01
7.205115556716918945e-01
3.979346752166748047e-01
2.863304615020751953e-01
6.125990748405456543e-01
4.455460011959075928e-01
4.137723445892333984e-01
5.258754491806030273e-01
3.226846754550933838e-01
6.496870517730712891e-01
4.981878399848937988e-01
8.865481615066528320e-01
3.112660050392150879e-01
4.779048562049865723e-01
5.682512521743774414e-01
3.674165904521942139e-01
3.075164854526519775e-01
3.442555963993072510e-01
1.003716215491294861e-01
3.641464412212371826e-01
1.544807702302932739e-01
7.400294542312622070e-01
1.994432359933853149e-01
7.364131808280944824e-01
4.868098199367523193e-01
5.715839862823486328e-01
6.456460952758789062e-01
9.258161187171936035e-01
9.462165832519531250e-01
3.860188722610473633e-01
7.797977328300476074e-01
7.241377979516983032e-02
8.369752764701843262e-02
3.819417953491210938e-01
4.665273427963256836e-01
6.576125025749206543e-01
5.468462705612182617e-01
3.376215398311614990e-01
5.289300084114074707e-01
7.855095863342285156e-01
5.190944671630859375e-01
6.805265545845031738e-01
9.726836085319519043e-01
5.311327427625656128e-02
8.263603448867797852e-01
5.436226129531860352e-01
8.395538926124572754e-01
1.160542070865631104e-01
5.900662541389465332e-01
3.267375230789184570e-01
3.481287360191345215e-01
1.584426909685134888e-01
7.972604632377624512e-01
6.930230259895324707e-01
2.208617031574249268e-01
7.855095863342285156e-01
5.790393352508544922e-01
4.910590350627899170e-01
7.630512714385986328e-01
6.380385756492614746e-01
4.174627363681793213e-02
3.345507979393005371e-01
6.535308361053466797e-01
1.306626200675964355e-02
7.554299831390380859e-01
8.309553265571594238e-01
8.654457330703735352e-01
9.885604381561279297e-01
7.083462476730346680e-01
6.769007444381713867e-01
2.477011978626251221e-01
2.818397581577301025e-01
1.267782300710678101e-01
4.098254442214965820e-01
9.294491410255432129e-01
1.650553196668624878e-01
6.301915645599365234e-01
1.298042684793472290e-01
5.625728964805603027e-01
3.146546185016632080e-01
1.194261908531188965e-01
5.866778492927551270e-01
2.942156493663787842e-01
8.983457088470458984e-01
6.051455736160278320e-01
4.618689119815826416e-01
8.215957880020141602e-01
6.892488151788711548e-02
8.621726036071777344e-01
2.438501119613647461e-01
9.835166335105895996e-01
3.139443323016166687e-02
7.019486427307128906e-01
8.472047448158264160e-01
1.923092901706695557e-01
1.121234744787216187e-01
6.418109536170959473e-01
2.673552930355072021e-01
6.507100164890289307e-02
9.764093756675720215e-01
5.753278732299804688e-01
9.362432956695556641e-01
9.571846723556518555e-01
7.439558506011962891e-01
2.903630733489990234e-01
8.821617364883422852e-01
6.968898177146911621e-01
7.663667798042297363e-01
2.097009718418121338e-01
6.660454869270324707e-01
4.056007564067840576e-01
6.884098649024963379e-01
5.324497818946838379e-01
2.326308935880661011e-01
7.325363755226135254e-01
1.825256794691085815e-01
7.906757593154907227e-01
1.434838920831680298e-01
9.951022863388061523e-01
6.337447166442871094e-01
6.125773862004280090e-02
6.734347343444824219e-01
4.324175417423248291e-01
1.507348567247390747e-01
6.085946559906005859e-01
9.217522144317626953e-01
7.599613070487976074e-02
5.089675784111022949e-01
1.790542751550674438e-01
4.412786662578582764e-01
8.003261685371398926e-01
4.213480949401855469e-01
9.180356264114379883e-01
4.569425582885742188e-01
7.722967863082885742e-01
2.626810073852539062e-01
4.742884933948516846e-01
2.772247493267059326e-01
6.230472326278686523e-01
