6.686518788337707520e-01
9.603025913238525391e-01
3.248253166675567627e-01
3.110292553901672363e-01
5.916019082069396973e-01
7.551773786544799805e-01
3.321765363216400146e-02
3.536153733730316162e-01
5.851100683212280273e-01
2.608515024185180664e-01
9.949529767036437988e-01
1.971700340509414673e-01
4.896263480186462402e-01
2.768371105194091797e-01
4.825788736343383789e-01
3.752238452434539795e-01
1.819453537464141846e-01
9.282211065292358398e-01
9.236142635345458984e-01
7.771908044815063477e-01
4.865351021289825439e-01
4.422736167907714844e-01
7.274886965751647949e-01
2.224723696708679199e-01
5.882704257965087891e-01
6.471469402313232422e-01
4.587232470512390137e-01
4.234405159950256348e-01
3.971524238586425781e-01
1.786526590585708618e-01
7.707824707031250000e-01
9.804507493972778320e-01
8.450817465782165527e-01
8.914427757263183594e-01
4.271797835826873779e-01
2.089659571647644043e-01
2.732211351394653320e-01
1.221604831516742706e-02
3.864707946777343750e-01
7.207542657852172852e-01
8.950849175453186035e-01
4.460619091987609863e-01
2.958691418170928955e-01
7.057089209556579590e-01
7.509521245956420898e-01
5.364261269569396973e-01
7.624394446611404419e-02
9.324466586112976074e-01
1.722921282052993774e-01
8.841526508331298828e-01
7.140933275222778320e-01
4.790560603141784668e-01
7.886151671409606934e-01
4.699828922748565674e-01
4.151105880737304688e-01
6.913347244262695312e-01
4.351590573787689209e-01
4.084027409553527832e-01
7.707824707031250000e-01
8.221943974494934082e-01
5.984099507331848145e-01
9.978987574577331543e-01
6.285805106163024902e-01
9.035405516624450684e-01
8.192850947380065918e-01
6.544171571731567383e-01
2.292886227369308472e-01
1.932195723056793213e-01
9.371756911277770996e-01
2.693307399749755859e-01
2.654216289520263672e-01
2.021669447422027588e-01
9.488902091979980469e-01
1.756075024604797363e-01
6.108528971672058105e-01
6.822771579027175903e-02
8.817794732749462128e-03
6.058151721954345703e-01
9.721829295158386230e-01
9.769883751869201660e-02
6.243973970413208008e-01
5.180025696754455566e-01
8.255752325057983398e-01
3.150278031826019287e-01
6.439360231161117554e-02
5.943697690963745117e-01
6.763848662376403809e-01
2.500347495079040527e-01
7.057088613510131836e-01
5.314052477478981018e-02
7.057088613510131836e-01
1.498709917068481445e-01
2.438914179801940918e-01
3.399626314640045166e-01
4.625026583671569824e-01
7.581269145011901855e-01
4.744358658790588379e-01
8.786258846521377563e-02
3.610471785068511963e-01
2.158384770154953003e-01
5.455749630928039551e-01
8.594740629196166992e-01
2.278331667184829712e-02
5.493640899658203125e-01
4.119013249874114990e-01
5.083968639373779297e-01
7.650785446166992188e-01
4.549713134765625000e-01
5.577623248100280762e-01
2.399999052286148071e-01
9.684668183326721191e-01
1.066528186202049255e-01
3.643743395805358887e-01
3.937600851058959961e-01
6.437965631484985352e-01
8.105233311653137207e-01
9.847494959831237793e-01
6.618406772613525391e-01
5.301191210746765137e-01
3.826120793819427490e-01
8.366190791130065918e-01
2.260254025459289551e-01
2.055788040161132812e-01
4.505627453327178955e-01
1.417055958881974220e-03
5.999495089054107666e-02
1.646033376455307007e-01
9.245666116476058960e-02
7.228992879390716553e-02
5.364261269569396973e-01
6.722157597541809082e-01
4.192628264427185059e-01
2.500347495079040527e-01
9.641866683959960938e-01
9.162159562110900879e-01
4.924346506595611572e-01
5.776374340057373047e-01
1.023659408092498779e-01
5.615310668945312500e-01
5.110887289047241211e-01
9.526367187500000000e-01
3.034540712833404541e-01
6.366539001464843750e-01
4.662487208843231201e-01
6.508942842483520508e-01
2.357423007488250732e-01
8.523938655853271484e-01
3.495209217071533203e-01
5.534423589706420898e-01
2.325365692377090454e-01
7.994636297225952148e-01
7.959949970245361328e-01
3.183453977108001709e-01
1.191985085606575012e-01
8.742375969886779785e-01
8.324658274650573730e-01
8.029208779335021973e-01
7.771908044815063477e-01
7.914196848869323730e-01
4.500537365674972534e-02
7.274886965751647949e-01
1.151601225137710571e-01
6.165764927864074707e-01
4.993780553340911865e-01
6.404368281364440918e-01
2.812512814998626709e-01
8.488684296607971191e-01
1.107601225376129150e-01
2.570309638977050781e-01
1.228520944714546204e-01
9.195576310157775879e-01
1.534163504838943481e-01
7.608737349510192871e-01
6.207022666931152344e-01
3.216331899166107178e-01
6.784020066261291504e-01
8.069453239440917969e-01
3.461374044418334961e-01
1.885417699813842773e-01
6.951463818550109863e-01
6.016875505447387695e-01
1.430024504661560059e-01
9.562615752220153809e-01
3.901687264442443848e-01
1.613071374595165253e-02
7.455692291259765625e-01
2.853707075119018555e-01
7.172534465789794922e-01
8.707978129386901855e-01
6.869956254959106445e-01
8.771443367004394531e-01
9.001565575599670410e-01
3.786583244800567627e-01
9.449715018272399902e-01
2.891071438789367676e-01
9.094038009643554688e-01
2.124570608139038086e-01
7.415301203727722168e-01
3.430280983448028564e-01
4.311083257198333740e-01
3.678972125053405762e-01
5.692381858825683594e-01
9.873642325401306152e-01
6.108528971672058105e-01
5.147421956062316895e-01
7.846383452415466309e-01
1.606510728597640991e-01
3.014516830444335938e-01
8.022324740886688232e-02
3.717245161533355713e-01
7.379925847053527832e-01
4.387155175209045410e-01
5.651752352714538574e-01
5.733496546745300293e-01
4.008787572383880615e-01
5.266020894050598145e-01
1.456337869167327881e-01
8.412590026855468750e-01
8.411678671836853027e-02
6.581553220748901367e-01
1.265712678432464600e-01
1.684419065713882446e-01
3.327948749065399170e-01
2.278331667184829712e-02
6.971443295478820801e-01
8.290708065032958984e-01
9.766302704811096191e-01
5.217039585113525391e-01
6.653585433959960938e-01
8.563124537467956543e-01
4.043288230895996094e-01
4.028368368744850159e-02
4.892835393548011780e-02
5.417240262031555176e-01
6.329538822174072266e-01
8.149707317352294922e-01
4.960189759731292725e-01
1.340163350105285645e-01
3.665476292371749878e-02
8.841527700424194336e-01
3.365777730941772461e-01
1.564021408557891846e-01
4.979432094842195511e-03
2.934013009071350098e-01
1.851509213447570801e-01
1.298883855342864990e-01
9.130145311355590820e-01
2.193464338779449463e-01
5.815600156784057617e-01
7.344842553138732910e-01
2.912608720362186432e-02
5.685666948556900024e-02
3.574662804603576660e-01
7.820255160331726074e-01
3.286162912845611572e-01
9.410243630409240723e-01
