8.561797440052032471e-03
1.188331246376037598e-01
4.572597146034240723e-01
4.536243677139282227e-01
8.447759151458740234e-01
7.670530080795288086e-01
9.671111106872558594e-01
4.636992812156677246e-01
2.559472322463989258e-01
6.698323488235473633e-01
3.400627374649047852e-01
4.504137039184570312e-01
9.786334633827209473e-01
5.332547426223754883e-01
1.341811865568161011e-01
2.103436589241027832e-01
5.878042578697204590e-01
5.983556509017944336e-01
3.284318447113037109e-01
5.214033722877502441e-01
8.198763728141784668e-01
8.415641188621520996e-01
5.560380816459655762e-01
7.271386981010437012e-01
1.299982219934463501e-01
7.046459913253784180e-01
1.583905071020126343e-01
9.443237632513046265e-02
3.576777875423431396e-01
4.423037767410278320e-01
4.844406545162200928e-01
9.287486076354980469e-01
7.867190837860107422e-01
5.092429518699645996e-01
1.061534583568572998e-01
1.257636398077011108e-01
4.680953025817871094e-01
3.718018531799316406e-01
2.678746879100799561e-01
4.041063189506530762e-01
7.476131916046142578e-01
2.760498523712158203e-01
5.092429518699645996e-01
3.014527447521686554e-02
9.828042387962341309e-01
7.316334843635559082e-01
8.384580016136169434e-01
6.586372852325439453e-01
7.227271795272827148e-01
2.601619064807891846e-01
6.541906595230102539e-01
1.098368987441062927e-01
3.207906186580657959e-01
9.792865812778472900e-02
3.607974946498870850e-02
9.559916853904724121e-01
2.136198133230209351e-01
7.126725912094116211e-01
8.735455274581909180e-01
1.653191298246383667e-01
1.498432904481887817e-01
9.216912984848022461e-01
9.082309603691101074e-01
1.621675938367843628e-01
5.174705386161804199e-01
5.638725161552429199e-01
2.883388102054595947e-01
5.601860284805297852e-01
6.279536336660385132e-02
3.247759938240051270e-01
4.249273836612701416e-01
1.020105108618736267e-01
3.750826418399810791e-01
7.359448671340942383e-01
2.413693368434906006e-01
4.878110587596893311e-01
7.621592283248901367e-02
7.670530080795288086e-01
9.088077396154403687e-02
2.522063851356506348e-01
3.973285555839538574e-01
1.956206280738115311e-03
5.908363461494445801e-01
3.322291076183319092e-01
1.543038338422775269e-01
5.362002253532409668e-01
5.951408743858337402e-01
6.830605864524841309e-01
3.456991910934448242e-01
7.398844361305236816e-01
4.804043769836425781e-01
3.089409768581390381e-01
6.689269095659255981e-02
7.575817108154296875e-01
7.761017680168151855e-01
1.188330724835395813e-01
7.615592479705810547e-01
7.544293403625488281e-01
6.018035411834716797e-01
5.746819972991943359e-01
8.921702504158020020e-01
9.035035967826843262e-01
6.973576545715332031e-01
3.494922816753387451e-01
4.173794388771057129e-01
4.914667010307312012e-01
7.010865807533264160e-01
3.147417604923248291e-01
3.914647996425628662e-01
4.767002761363983154e-01
9.429562687873840332e-01
4.960109889507293701e-01
3.054212331771850586e-01
9.981724023818969727e-01
4.006694853305816650e-01
2.026453167200088501e-01
2.992196381092071533e-01
5.141481012105941772e-02
7.191948294639587402e-01
5.180353298783302307e-03
7.507486343383789062e-01
9.252593517303466797e-01
8.489357233047485352e-01
2.720973491668701172e-01
8.091748952865600586e-01
1.415725499391555786e-01
9.504311084747314453e-01
4.679733514785766602e-02
8.314993977546691895e-01
8.714676648378372192e-02
9.671111106872558594e-01
6.101578474044799805e-01
2.798344790935516357e-01
3.530788123607635498e-01
7.956951856613159180e-01
1.990077495574951172e-01
2.921493053436279297e-01
1.483027916401624680e-02
9.611662030220031738e-01
4.333473145961761475e-01
8.812924027442932129e-01
4.604697525501251221e-01
2.961581647396087646e-01
4.082966148853302002e-01
6.179572939872741699e-01
4.121831059455871582e-01
6.062198877334594727e-01
4.205536469817161560e-02
7.087659835815429688e-01
2.214030027389526367e-01
1.813130825757980347e-01
9.947788119316101074e-01
2.331122457981109619e-01
1.132738888263702393e-01
3.363365530967712402e-01
3.914647996425628662e-01
8.640903830528259277e-01
2.176221609115600586e-01
4.212683141231536865e-01
5.142136812210083008e-01
9.744198322296142578e-01
5.504179596900939941e-01
6.141897439956665039e-01
4.286482036113739014e-01
9.320033788681030273e-01
2.841168045997619629e-01
5.941461399197578430e-02
8.847945332527160645e-01
7.724438905715942383e-01
3.788764476776123047e-01
3.826752007007598877e-01
1.892556399106979370e-01
3.027174770832061768e-01
2.290675640106201172e-01
2.373293191194534302e-01
6.665933728218078613e-01
4.374803900718688965e-01
2.488011717796325684e-01
2.067243158817291260e-01
5.456786155700683594e-01
7.999947667121887207e-01
5.836743116378784180e-01
6.940433382987976074e-01
8.275503516197204590e-01
1.717158406972885132e-01
3.692873120307922363e-01
6.726747155189514160e-01
5.394461750984191895e-01
4.722531437873840332e-01
8.773341774940490723e-01
7.831687927246093750e-01
2.635432481765747070e-01
2.717115916311740875e-02
8.166382312774658203e-01
9.462805986404418945e-01
8.130521774291992188e-01
1.925635039806365967e-01
9.902521371841430664e-01
8.964165449142456055e-01
8.043640851974487305e-01
8.677638769149780273e-01
6.496860384941101074e-01
9.129018187522888184e-01
8.350290060043334961e-01
7.140576839447021484e-02
8.170850574970245361e-02
6.273233890533447266e-01
3.147417604923248291e-01
9.389159083366394043e-01
9.360502958297729492e-01
3.286416456103324890e-02
8.239241242408752441e-01
6.905502676963806152e-01
5.245550870895385742e-01
1.206886302679777145e-02
5.576728656888008118e-02
6.455615758895874023e-01
1.955197751522064209e-01
4.993029534816741943e-01
9.861266613006591797e-01
7.439910769462585449e-01
5.793563723564147949e-01
5.706456899642944336e-01
5.040311217308044434e-01
6.214329004287719727e-01
2.251598387956619263e-01
7.913308143615722656e-01
8.170846849679946899e-02
5.422920584678649902e-01
1.740631759166717529e-01
8.702927231788635254e-01
6.420922875404357910e-01
6.382207274436950684e-01
3.915978968143463135e-02
7.158001661300659180e-01
1.453082710504531860e-01
8.889471888542175293e-01
9.175918698310852051e-01
1.850662380456924438e-01
6.867508292198181152e-01
4.466528892517089844e-01
7.791576385498046875e-01
8.611528277397155762e-01
6.342285275459289551e-01
3.428670465946197510e-01
1.685854494571685791e-01
9.000678062438964844e-01
1.380875110626220703e-01
5.674096941947937012e-01
2.451062500476837158e-01
6.632829308509826660e-01
9.559916853904724121e-01
8.523508906364440918e-01
3.613300323486328125e-01
3.652348518371582031e-01
6.273233890533447266e-01
