5.857725143432617188e-01
8.482895046472549438e-02
1.348138898611068726e-01
4.695664942264556885e-01
4.544038698077201843e-02
9.647600054740905762e-01
2.847963385283946991e-02
8.717449307441711426e-01
3.098601400852203369e-01
5.084260106086730957e-01
4.286257922649383545e-01
1.473650187253952026e-01
2.072953283786773682e-01
9.236057996749877930e-01
2.852674424648284912e-01
1.563040167093276978e-01
8.006272912025451660e-01
4.516581296920776367e-01
6.530050188302993774e-02
5.635003745555877686e-02
2.805750370025634766e-01
3.397820293903350830e-01
5.290316343307495117e-01
9.583055227994918823e-02
3.243230879306793213e-01
6.188265085220336914e-01
7.606663107872009277e-01
3.465753793716430664e-01
4.327194988727569580e-01
4.728210568428039551e-01
2.227910049259662628e-02
7.198610901832580566e-01
1.180599033832550049e-01
6.730879545211791992e-01
8.076851367950439453e-01
1.796095222234725952e-01
3.882278874516487122e-02
3.714900016784667969e-01
4.915155097842216492e-02
5.560556054115295410e-01
9.797157645225524902e-01
6.771243810653686523e-01
1.681730449199676514e-01
6.570700407028198242e-01
2.389142066240310669e-01
5.486787557601928711e-01
1.825286634266376495e-02
1.392796188592910767e-01
7.139387130737304688e-01
9.684913754463195801e-01
9.003018140792846680e-01
4.974286258220672607e-01
3.787999749183654785e-01
9.165855050086975098e-01
5.133997797966003418e-01
4.252753406763076782e-02
6.658153533935546875e-01
6.264569759368896484e-01
8.253871202468872070e-01
5.599077343940734863e-01
5.447002649307250977e-01
7.801317572593688965e-01
6.069951653480529785e-01
7.167163491249084473e-01
4.801477789878845215e-01
2.453833520412445068e-01
5.217377543449401855e-01
8.717449307441711426e-01
2.315754890441894531e-01
2.676520645618438721e-01
8.459650278091430664e-01
5.265114083886146545e-02
9.528424739837646484e-01
8.661226034164428711e-01
8.772732019424438477e-01
7.049012780189514160e-01
7.711836695671081543e-01
2.270534932613372803e-01
8.381832242012023926e-01
4.473522305488586426e-01
4.060004949569702148e-01
1.294618472456932068e-02
5.823949575424194336e-01
8.828406035900115967e-02
4.672754406929016113e-01
1.637526005506515503e-01
7.484523057937622070e-01
3.859797716140747070e-01
7.341260910034179688e-01
9.101507663726806641e-01
2.723511755466461182e-01
6.084240227937698364e-02
3.797174897044897079e-03
4.632409512996673584e-01
7.897748947143554688e-01
6.496427655220031738e-01
6.106796264648437500e-01
2.037837803363800049e-01
8.592805862426757812e-01
9.834686517715454102e-01
7.318863868713378906e-01
3.585945367813110352e-01
8.545301556587219238e-01
1.995447576045989990e-01
4.923850297927856445e-01
9.609897732734680176e-01
3.004465103149414062e-01
6.531537175178527832e-01
8.501189351081848145e-01
4.365418851375579834e-01
4.437180757522583008e-01
2.763445079326629639e-01
1.219144314527511597e-01
9.958475828170776367e-01
6.305302977561950684e-01
1.294618472456932068e-02
3.211533725261688232e-01
7.930126786231994629e-01
5.050446391105651855e-01
3.432957530021667480e-01
9.569912552833557129e-01
3.279668390750885010e-01
5.409858226776123047e-01
6.615322232246398926e-01
8.422498106956481934e-01
5.676418542861938477e-01
6.036855578422546387e-01
7.404219508171081543e-01
1.112733930349349976e-01
3.504796624183654785e-01
2.569980621337890625e-01
6.694671511650085449e-01
8.924349546432495117e-01
1.260140240192413330e-01
1.914267987012863159e-01
6.148769855499267578e-01
5.632030367851257324e-01
3.752934634685516357e-01
9.445358514785766602e-01
8.965326547622680664e-01
1.953013986349105835e-01
6.401677727699279785e-01
2.603345811367034912e-01
5.179308056831359863e-01
5.888591408729553223e-01
8.110023736953735352e-01
4.241777062416076660e-01
2.352225929498672485e-01
4.974286258220672607e-01
5.251317024230957031e-01
6.905502080917358398e-02
7.442375421524047852e-01
9.197887778282165527e-01
2.928107380867004395e-01
5.739239454269409180e-01
3.500073775649070740e-02
8.861260414123535156e-01
2.532500028610229492e-02
2.102764546871185303e-01
7.756422758102416992e-01
3.547942638397216797e-01
9.210535883903503418e-02
2.420150488615036011e-01
8.178103566169738770e-01
5.957607030868530273e-01
7.836358547210693359e-01
6.401677727699279785e-01
5.525905489921569824e-01
3.136890828609466553e-01
5.739239454269409180e-01
8.140811920166015625e-01
1.834128350019454956e-01
7.669106721878051758e-01
9.878906011581420898e-01
3.620709180831909180e-01
2.893115878105163574e-01
9.765387773513793945e-01
9.724395275115966797e-01
2.165527790784835815e-01
7.965735793113708496e-01
9.371301531791687012e-01
6.343267560005187988e-01
1.144548878073692322e-01
1.601331830024719238e-01
4.572864472866058350e-01
4.763042032718658447e-01
9.345640540122985840e-01
9.405661821365356445e-01
4.195542633533477783e-01
1.520707160234451294e-01
1.428323239088058472e-01
2.234780490398406982e-01
3.174389004707336426e-01
8.145862072706222534e-02
7.637161612510681152e-01
5.787385106086730957e-01
6.818659305572509766e-01
4.092990756034851074e-01
8.893421292304992676e-01
3.892173469066619873e-01
8.340802192687988281e-01
7.530320286750793457e-01
7.279319316148757935e-02
2.644644677639007568e-01
1.724902987480163574e-01
7.104254961013793945e-01
9.272508025169372559e-01
1.872901916503906250e-01
6.933562159538269043e-01
4.572864472866058350e-01
7.049012780189514160e-01
7.865824103355407715e-01
9.805388748645782471e-02
2.453327178955078125e-04
9.918086528778076172e-01
6.224391460418701172e-01
6.896758675575256348e-01
1.760139018297195435e-01
8.296545743942260742e-01
6.870474200695753098e-03
9.304314255714416504e-01
2.135786414146423340e-01
3.358393907546997070e-01
3.917855024337768555e-01
6.977793574333190918e-01
3.053566217422485352e-01
5.376941561698913574e-01
7.728289812803268433e-02
4.141640365123748779e-01
5.320979356765747070e-01
4.033404588699340820e-01
8.803324103355407715e-01
4.141640365123748779e-01
4.892036318778991699e-01
9.485507607460021973e-01
5.921807885169982910e-01
9.041042327880859375e-01
8.045892119407653809e-01
4.402787089347839355e-01
5.996778607368469238e-01
7.370769977569580078e-01
6.456214785575866699e-01
2.963703572750091553e-01
4.851658344268798828e-01
3.825260698795318604e-01
8.626605868339538574e-01
3.666507899761199951e-01
3.164307773113250732e-02
9.075503945350646973e-01
9.135958552360534668e-01
7.573649883270263672e-01
2.484740316867828369e-01
1.305953711271286011e-01
3.316661715507507324e-01
8.217565417289733887e-01
6.862093210220336914e-01
