2.363188117742538452e-01
5.356571078300476074e-01
9.674096107482910156e-01
3.103927969932556152e-01
2.797982692718505859e-01
9.597623348236083984e-01
5.387365818023681641e-01
1.175928413867950439e-01
6.539670825004577637e-01
9.525448679924011230e-01
4.488481879234313965e-01
6.873174309730529785e-01
7.504427433013916016e-01
4.697073996067047119e-01
5.201857686042785645e-01
6.120691895484924316e-01
7.765613198280334473e-01
6.583418846130371094e-01
2.119944393634796143e-01
1.919554024934768677e-01
8.686965107917785645e-01
8.010798096656799316e-01
1.919554173946380615e-01
8.227561712265014648e-01
9.000268578529357910e-01
3.218660950660705566e-01
5.948423743247985840e-01
4.214174747467041016e-01
9.608035907149314880e-03
7.801313996315002441e-01
3.374474942684173584e-01
9.631955027580261230e-01
7.387061715126037598e-01
9.230647683143615723e-01
4.337576627731323242e-01
8.099507689476013184e-01
1.578689813613891602e-01
9.903700351715087891e-01
5.913709402084350586e-01
4.948750138282775879e-01
7.633833289146423340e-01
8.835687637329101562e-01
8.349052071571350098e-01
5.792334675788879395e-01
4.566691517829895020e-01
8.310627341270446777e-01
7.200433611869812012e-01
8.916082382202148438e-01
7.067000865936279297e-01
5.697954297065734863e-01
9.875395298004150391e-01
3.338381946086883545e-01
6.659871935844421387e-01
1.400022655725479126e-01
8.614051342010498047e-01
1.104087159037590027e-01
5.633226633071899414e-01
2.428714036941528320e-01
1.793275624513626099e-01
4.256279468536376953e-01
1.971285790205001831e-01
7.788728922605514526e-02
9.379169940948486328e-01
7.349658608436584473e-01
5.301818251609802246e-01
1.830060631036758423e-01
5.129925608634948730e-01
1.620254367589950562e-01
8.381537795066833496e-01
4.458100721240043640e-02
3.070459663867950439e-01
5.240733027458190918e-01
3.263047337532043457e-01
3.650971353054046631e-01
5.608304142951965332e-01
1.304932124912738800e-02
7.164072394371032715e-01
7.423677444458007812e-01
6.051037311553955078e-01
5.735204815864562988e-01
3.135220706462860107e-01
2.882717549800872803e-01
6.346606016159057617e-01
7.732874751091003418e-01
6.942294836044311523e-01
6.905520558357238770e-01
2.016793787479400635e-01
7.239561080932617188e-01
4.061760008335113525e-01
2.671733796596527100e-01
4.755227565765380859e-01
2.512743771076202393e-01
9.713898897171020508e-01
2.632201015949249268e-01
6.623007059097290039e-01
5.062434077262878418e-01
8.916082382202148438e-01
8.962134122848510742e-01
9.562889337539672852e-01
5.719839408993721008e-02
5.667117238044738770e-01
1.217489093542098999e-01
2.758263945579528809e-01
3.396937251091003418e-02
2.994648218154907227e-01
7.132246494293212891e-01
4.098113477230072021e-01
9.075664281845092773e-01
4.641912579536437988e-01
2.958032786846160889e-01
5.414920449256896973e-01
5.831013917922973633e-01
1.471955627202987671e-01
3.578878045082092285e-01
9.454635381698608398e-01
6.737976074218750000e-01
8.722644448280334473e-01
4.526201784610748291e-01
8.797305226325988770e-01
5.301816463470458984e-01
6.051037311553955078e-01
9.780256748199462891e-01
1.665048003196716309e-01
3.761369287967681885e-01
7.336778938770294189e-02
3.612087666988372803e-01
9.308062195777893066e-01
7.096492052078247070e-01
8.140941858291625977e-01
1.330980658531188965e-01
5.978206396102905273e-01
9.143764972686767578e-01
5.875279307365417480e-01
1.065886765718460083e-01
9.109009504318237305e-01
8.650052547454833984e-01
1.435997486114501953e-01
6.786342263221740723e-01
5.540235042572021484e-01
7.700556516647338867e-01
5.499477982521057129e-01
7.664896249771118164e-01
4.905983805656433105e-01
6.739602237939834595e-02
1.258507221937179565e-01
4.697071015834808350e-01
3.174728453159332275e-01
3.981502950191497803e-01
3.034464418888092041e-01
5.453711152076721191e-01
2.048666477203369141e-01
8.653189241886138916e-02
7.969385981559753418e-01
7.276446223258972168e-01
3.037368878722190857e-02
1.867555975914001465e-01
6.442967653274536133e-01
9.974235296249389648e-01
4.379765093326568604e-01
4.452304542064666748e-01
9.840807914733886719e-01
8.758512139320373535e-01
8.418559432029724121e-01
3.697022795677185059e-02
4.020218849182128906e-01
8.185399770736694336e-01
9.269315004348754883e-01
8.986509591341018677e-02
2.716592252254486084e-01
6.264885663986206055e-01
3.302620947360992432e-01
2.551963925361633301e-01
7.593026161193847656e-01
6.183454990386962891e-01
2.331865876913070679e-01
3.836541473865509033e-01
3.546449542045593262e-01
6.442967653274536133e-01
5.166283249855041504e-01
2.462548166513442993e-01
7.462613582611083984e-01
9.940797686576843262e-01
3.680198788642883301e-01
7.842319011688232422e-01
1.708811074495315552e-01
8.055280447006225586e-01
2.156958878040313721e-01
9.735944122076034546e-02
6.829613447189331055e-01
9.780255556106567383e-01
3.465229868888854980e-01
4.458100721240043640e-02
6.393696069717407227e-01
8.251210302114486694e-02
2.396485656499862671e-01
4.415151476860046387e-01
6.034858524799346924e-02
2.059857733547687531e-02
7.927439212799072266e-01
2.585399709641933441e-02
4.788706600666046143e-01
6.149049401283264160e-01
9.489451050758361816e-01
5.869623273611068726e-03
8.500391244888305664e-01
6.693744659423828125e-01
1.750958263874053955e-01
3.507753014564514160e-01
4.293384253978729248e-01
3.984263911843299866e-02
2.840737998485565186e-01
5.100629925727844238e-01
6.739590317010879517e-02
1.141826063394546509e-01
6.260573863983154297e-02
2.085965275764465332e-01
4.819869995117187500e-01
3.792566955089569092e-01
2.594193816184997559e-01
5.028352737426757812e-01
9.185041785240173340e-01
1.366587579250335693e-01
8.267930150032043457e-01
4.135602414608001709e-01
1.473324256949126720e-03
8.579570055007934570e-01
7.550179958343505859e-01
1.294244229793548584e-01
6.497716903686523438e-01
9.294263273477554321e-02
8.546765446662902832e-01
4.862516522407531738e-01
4.600796997547149658e-01
4.992372095584869385e-01
1.540766507387161255e-01
9.415853619575500488e-01
3.906047046184539795e-01
6.978186368942260742e-01
8.456181883811950684e-01
2.192018628120422363e-01
3.420181572437286377e-01
3.869617283344268799e-01
7.886305451393127441e-01
6.219276189804077148e-01
7.312009930610656738e-01
4.173447191715240479e-01
3.945523500442504883e-01
1.019959822297096252e-01
9.344639182090759277e-01
6.309716105461120605e-01
2.922849357128143311e-01
1.651261188089847565e-02
9.041126370429992676e-01
8.870471119880676270e-01
1.502322554588317871e-01
2.280937880277633667e-01
