6.418285965919494629e-01
6.891580820083618164e-01
4.591352343559265137e-01
1.789311170578002930e-01
9.256926178932189941e-01
5.384469628334045410e-01
7.631666660308837891e-01
8.856521844863891602e-01
5.941801890730857849e-02
5.920959115028381348e-01
2.491072118282318115e-01
5.318241119384765625e-01
8.315420895814895630e-02
2.036710977554321289e-01
7.783993482589721680e-01
9.999154806137084961e-01
5.262473970651626587e-02
6.241450905799865723e-01
3.107976317405700684e-01
7.976514697074890137e-01
4.899004101753234863e-01
8.350843191146850586e-01
9.745171070098876953e-01
4.860118627548217773e-01
1.957902014255523682e-01
1.836949586868286133e-01
6.096420884132385254e-01
6.825910210609436035e-01
6.385325193405151367e-01
9.787061810493469238e-01
7.866132855415344238e-01
7.057769894599914551e-01
9.862304329872131348e-01
2.240398675203323364e-01
5.197760462760925293e-01
8.388847708702087402e-01
8.723145127296447754e-01
5.281757712364196777e-01
3.459828719496726990e-02
7.222797274589538574e-01
3.796464204788208008e-02
3.829725384712219238e-01
6.624801158905029297e-01
6.133933663368225098e-01
6.552730202674865723e-01
1.918021142482757568e-01
2.565080821514129639e-01
4.361443519592285156e-01
3.521868586540222168e-01
8.889592885971069336e-01
1.090018749237060547e-01
8.599691092967987061e-02
8.278301954269409180e-01
7.591803669929504395e-01
5.237133502960205078e-01
4.394643604755401611e-01
6.930719614028930664e-01
8.245532512664794922e-01
5.069584846496582031e-01
4.988709688186645508e-01
8.008528947830200195e-01
6.661146283149719238e-01
1.373857855796813965e-01
1.058905795216560364e-01
5.786658525466918945e-01
4.823141396045684814e-01
2.263005264103412628e-02
5.348513722419738770e-01
7.906029224395751953e-01
4.061996936798095703e-01
4.701986312866210938e-01
9.304975867271423340e-01
3.212236762046813965e-01
4.912580922245979309e-02
9.462526440620422363e-01
9.084694981575012207e-01
4.510454088449478149e-02
1.143015325069427490e-01
2.271898090839385986e-01
4.153576791286468506e-01
5.599838495254516602e-01
4.940501451492309570e-01
7.966288924217224121e-02
9.702863097190856934e-01
5.107389688491821289e-01
9.143531918525695801e-01
7.090774178504943848e-01
4.459343850612640381e-01
4.187236428260803223e-01
2.759434580802917480e-01
3.593364059925079346e-01
5.150133371353149414e-01
8.795247673988342285e-01
3.010836541652679443e-01
2.077314108610153198e-01
2.384847700595855713e-01
2.603731453418731689e-01
8.521777391433715820e-01
7.170916795730590820e-01
8.942133784294128418e-01
8.942133784294128418e-01
2.745781326666474342e-03
2.420808672904968262e-01
6.695535778999328613e-01
8.831173181533813477e-01
8.314977884292602539e-01
6.013106107711791992e-01
8.600005507469177246e-01
1.294108182191848755e-01
3.168717920780181885e-01
8.633456230163574219e-01
4.629555940628051758e-01
8.044567108154296875e-01
9.824697375297546387e-01
3.107976317405700684e-01
3.898546397686004639e-01
9.665696620941162109e-01
5.853816270828247070e-01
1.528880000114440918e-01
8.170942664146423340e-01
7.377822399139404297e-01
2.175031602382659912e-01
6.513404846191406250e-01
4.526790082454681396e-01
6.972633004188537598e-01
7.511378526687622070e-01
7.315050959587097168e-01
7.170916795730590820e-01
3.559352457523345947e-01
1.635345816612243652e-01
9.671841561794281006e-02
2.527610659599304199e-01
3.244968056678771973e-01
8.928411453962326050e-02
1.016027554869651794e-01
2.806992828845977783e-01
3.793790936470031738e-01
9.051429033279418945e-01
1.601555496454238892e-01
7.476148605346679688e-01
7.826534509658813477e-01
7.668520808219909668e-01
3.048013746738433838e-01
4.561204612255096436e-01
5.823535919189453125e-01
9.113525152206420898e-01
2.855128347873687744e-01
7.013077735900878906e-01
1.337074041366577148e-01
1.566888242959976196e-01
3.085819631814956665e-02
7.942607402801513672e-01
8.563540577888488770e-01
1.669541001319885254e-01
4.226754605770111084e-01
9.505702257156372070e-01
4.123964905738830566e-01
9.567748904228210449e-01
9.960041381418704987e-03
1.439926177263259888e-01
8.476486206054687500e-01
3.667387068271636963e-01
1.143015325069427490e-01
8.434559702873229980e-01
9.383610486984252930e-01
3.626873493194580078e-01
2.142680436372756958e-01
3.434077501296997070e-01
3.282069861888885498e-01
4.459349811077117920e-01
1.744487881660461426e-01
3.935008049011230469e-01
9.291574358940124512e-02
4.323743879795074463e-01
8.082509636878967285e-01
6.735657453536987305e-01
2.724376022815704346e-01
5.631376802921295166e-02
9.348286986351013184e-01
3.316199779510498047e-01
6.294184923171997070e-02
7.411822676658630371e-01
5.884753465652465820e-01
4.663782715797424316e-01
5.750936269760131836e-01
2.704291045665740967e-02
2.936902642250061035e-01
1.253120750188827515e-01
6.465536355972290039e-01
5.415669679641723633e-01
5.501056313514709473e-01
5.964103341102600098e-01
9.929332733154296875e-01
6.249129772186279297e-03
2.688585519790649414e-01
4.030960798263549805e-01
1.999211609363555908e-01
9.625749588012695312e-01
3.865188956260681152e-01
6.352688670158386230e-01
6.587588191032409668e-01
6.277953386306762695e-01
1.384467259049415588e-02
4.738946259021759033e-01
2.453012913465499878e-01
3.708829581737518311e-01
6.312258243560791016e-01
5.634343028068542480e-01
2.205279320478439331e-01
2.355637550354003906e-01
1.706725060939788818e-01
1.881835162639617920e-01
9.420685172080993652e-01
7.442182302474975586e-01
2.645455002784729004e-01
3.394020795822143555e-01
3.756993710994720459e-01
4.095178842544555664e-01
8.764623403549194336e-01
7.344967722892761230e-01
4.148978367447853088e-02
5.528562664985656738e-01
9.899829030036926270e-01
6.053761243820190430e-01
6.784343123435974121e-01
8.125277757644653320e-01
7.549809217453002930e-01
7.742185592651367188e-01
3.482630252838134766e-01
5.674888491630554199e-01
2.898082137107849121e-01
6.205589771270751953e-01
1.406132429838180542e-01
5.034118294715881348e-01
9.215737581253051758e-01
5.710840225219726562e-01
4.780513346195220947e-01
7.704101204872131348e-01
3.353369534015655518e-01
6.170842051506042480e-01
2.976228296756744385e-01
8.672242164611816406e-01
1.209694296121597290e-01
7.585310935974121094e-02
8.210905790328979492e-01
9.178633689880371094e-01
4.277566671371459961e-01
6.631971895694732666e-02
2.109911590814590454e-01
6.859377622604370117e-01
9.964225292205810547e-01
1.485885381698608398e-01
1.814657449722290039e-02
7.127243280410766602e-01
9.567748904228210449e-01
5.568715333938598633e-01
