7.992060780525207520e-01
8.593449741601943970e-02
2.918015606701374054e-02
7.662181258201599121e-01
9.045190811157226562e-01
3.065674304962158203e-01
1.490495204925537109e-01
7.742394804954528809e-01
5.260229110717773438e-01
2.875032424926757812e-01
4.131895676255226135e-02
1.858508139848709106e-01
4.751703739166259766e-01
7.055203318595886230e-01
8.028890490531921387e-01
3.875147998332977295e-01
1.740641146898269653e-02
5.106582641601562500e-01
9.803578257560729980e-01
5.913056135177612305e-01
5.312106013298034668e-02
8.417064547538757324e-01
4.671097695827484131e-01
5.700354576110839844e-01
1.930148303508758545e-01
2.590909004211425781e-01
5.400613546371459961e-01
2.626739740371704102e-01
6.947920918464660645e-01
3.699098899960517883e-02
3.331139087677001953e-01
8.678383827209472656e-01
6.281808018684387207e-01
1.306137889623641968e-01
6.802113056182861328e-01
1.670701503753662109e-01
1.082893535494804382e-01
3.480640351772308350e-01
2.345132082700729370e-01
5.668985247611999512e-01
7.269863486289978027e-01
8.678383827209472656e-01
2.985830307006835938e-01
8.250974118709564209e-02
9.570779204368591309e-01
8.968940973281860352e-01
4.563166499137878418e-01
5.546967387199401855e-01
6.758427619934082031e-01
6.139110326766967773e-01
3.027010560035705566e-01
4.600629210472106934e-01
1.787570267915725708e-01
4.326010644435882568e-01
6.281808018684387207e-01
9.397416114807128906e-01
9.763410091400146484e-01
4.292782247066497803e-01
8.139654397964477539e-01
7.630118727684020996e-01
6.653216481208801270e-01
3.836014270782470703e-01
4.832406640052795410e-01
4.402740895748138428e-01
6.873558759689331055e-01
6.281808018684387207e-01
9.963242709636688232e-02
7.014731168746948242e-01
4.905185103416442871e-01
8.378740549087524414e-01
4.990296661853790283e-01
6.177726387977600098e-01
2.798494398593902588e-01
6.722139716148376465e-01
2.128780335187911987e-01
7.596857547760009766e-01
7.453830242156982422e-01
8.062752485275268555e-01
4.634236097335815430e-01
8.929430693387985229e-02
8.729841709136962891e-01
8.462884426116943359e-01
3.278574347496032715e-02
7.538507580757141113e-01
6.371695399284362793e-01
5.913056135177612305e-01
3.289104700088500977e-01
8.758157491683959961e-01
2.142340503633022308e-02
2.410349994897842407e-01
5.868797302246093750e-01
1.518717706203460693e-01
3.253450393676757812e-01
2.559500932693481445e-01
6.617292761802673340e-01
2.445555776357650757e-01
1.156856119632720947e-01
4.791950285434722900e-01
3.635509610176086426e-01
8.337008953094482422e-01
2.285070866346359253e-01
7.103204131126403809e-01
4.899320006370544434e-02
2.285070866346359253e-01
9.930684566497802734e-01
5.964697599411010742e-01
1.407221406698226929e-01
9.282495975494384766e-01
1.445996314287185669e-01
5.459114909172058105e-01
9.544670581817626953e-01
6.468061804771423340e-01
6.910763382911682129e-01
9.509702920913696289e-01
3.158281743526458740e-01
8.553386926651000977e-01
3.718010485172271729e-01
8.208410739898681641e-01
8.795413374900817871e-01
4.526620507240295410e-01
7.766309380531311035e-01
7.797895073890686035e-01
3.594804704189300537e-01
5.137584209442138672e-01
1.627168208360671997e-01
5.500035881996154785e-01
5.341629385948181152e-01
8.903455734252929688e-01
3.450986146926879883e-01
2.183572351932525635e-01
4.018116276711225510e-03
2.033610343933105469e-01
9.470257163047790527e-01
7.379112243652343750e-01
2.835660576820373535e-01
2.473987489938735962e-01
9.336885809898376465e-01
4.051432609558105469e-01
8.510058522224426270e-01
9.725236892700195312e-01
3.746294975280761719e-01
1.930148303508758545e-01
5.070191621780395508e-01
4.710377156734466553e-01
5.596683025360107422e-01
1.263614278286695480e-02
2.911943793296813965e-01
2.377856969833374023e-01
2.945972383022308350e-01
6.986988782882690430e-01
7.883000373840332031e-01
9.698386788368225098e-01
3.675223886966705322e-01
6.204176545143127441e-01
9.208512902259826660e-01
3.225587010383605957e-01
3.912771642208099365e-01
6.503425836563110352e-01
3.519987761974334717e-01
6.833679974079132080e-02
4.363450109958648682e-01
4.090028703212738037e-01
2.128778249025344849e-01
7.227604836225509644e-02
3.194101154804229736e-01
6.007364392280578613e-01
1.241066530346870422e-01
5.301329493522644043e-01
8.935102820396423340e-01
9.224173426628112793e-02
9.336885809898376465e-01
8.175649046897888184e-01
4.220637381076812744e-01
1.555884778499603271e-01
6.568628549575805664e-02
7.538508176803588867e-01
6.404709219932556152e-01
1.709075272083282471e-01
8.247857093811035156e-01
4.131966829299926758e-01
5.220777392387390137e-01
6.434611082077026367e-01
7.207935452461242676e-01
3.553480207920074463e-01
4.945976436138153076e-01
9.842898249626159668e-01
6.836807727813720703e-01
1.596341580152511597e-01
2.226447314023971558e-01
1.030549108982086182e-01
4.870154559612274170e-01
9.439870119094848633e-01
5.179373025894165039e-01
2.656373381614685059e-01
4.011628031730651855e-01
8.854392766952514648e-01
2.758140563964843750e-01
6.028236821293830872e-02
8.854392766952514648e-01
1.369658410549163818e-01
7.954185009002685547e-01
7.347816228866577148e-01
2.070939838886260986e-01
4.470812901854515076e-02
3.412303924560546875e-01
7.136501669883728027e-01
1.821012049913406372e-01
9.126163125038146973e-01
7.415612936019897461e-01
6.539518237113952637e-01
4.430699050426483154e-01
7.189512252807617188e-04
5.031641721725463867e-01
5.838089585304260254e-01
8.423572406172752380e-03
7.207935452461242676e-01
5.637319087982177734e-01
3.787134289741516113e-01
9.171069860458374023e-01
4.182413518428802490e-01
6.096453666687011719e-01
2.689614593982696533e-01
8.295496106147766113e-01
9.608165919780731201e-02
1.306137889623641968e-01
9.971975684165954590e-01
8.623979091644287109e-01
4.496823251247406006e-01
5.400613546371459961e-01
7.679359316825866699e-01
7.303538918495178223e-01
3.111368417739868164e-01
1.201092824339866638e-01
1.127782464027404785e-01
9.885843396186828613e-01
6.579782366752624512e-01
7.843176722526550293e-01
4.254609644412994385e-01
5.725855827331542969e-01
9.083654284477233887e-01
3.945442736148834229e-01
2.721996903419494629e-01
1.998481154441833496e-01
7.482472062110900879e-01
6.056429147720336914e-01
1.744038313627243042e-01
6.028236821293830872e-02
9.241996407508850098e-01
8.585063815116882324e-01
6.692329049110412598e-01
7.917845845222473145e-01
9.008930921554565430e-01
3.366682827472686768e-01
8.100498318672180176e-01
2.515076287090778351e-02
3.979491293430328369e-01
