2.246993333101272583e-01
8.471540212631225586e-01
6.059586405754089355e-01
1.690336018800735474e-01
1.027196124196052551e-01
1.485851407051086426e-01
4.932107925415039062e-01
5.894068479537963867e-01
2.657526358962059021e-02
8.427790999412536621e-01
3.494312167167663574e-01
8.204746246337890625e-01
8.878925442695617676e-01
9.242839813232421875e-01
7.541897892951965332e-01
6.995350122451782227e-01
4.131708145141601562e-01
5.133744478225708008e-01
1.173781082034111023e-01
2.854811251163482666e-01
7.226301431655883789e-01
8.550779223442077637e-01
2.443027049303054810e-01
8.352279663085937500e-01
3.565032184123992920e-01
6.016830205917358398e-01
8.092244863510131836e-01
1.758731007575988770e-01
3.201588392257690430e-01
5.174787044525146484e-01
1.408480703830718994e-01
1.656615138053894043e-01
6.545888781547546387e-01
6.795328259468078613e-01
2.128350734710693359e-01
8.246070742607116699e-01
5.954913496971130371e-01
8.179299831390380859e-01
2.187477052211761475e-01
7.092494964599609375e-01
8.274260163307189941e-01
8.623974323272705078e-01
3.246707320213317871e-01
5.984375998377799988e-02
9.550777077674865723e-01
8.842630982398986816e-01
7.320895045995712280e-02
5.851475596427917480e-01
2.673520445823669434e-01
6.500954031944274902e-01
3.714969158172607422e-01
7.331641316413879395e-01
2.963358759880065918e-01
6.945693492889404297e-02
7.194519639015197754e-01
7.657399177551269531e-01
8.142616748809814453e-01
9.892129898071289062e-01
9.821468591690063477e-01
1.920741349458694458e-01
6.836222410202026367e-01
6.869568824768066406e-01
1.108294874429702759e-01
4.617273807525634766e-01
4.486448168754577637e-01
2.707378268241882324e-01
2.283879518508911133e-01
2.767643630504608154e-01
5.817628502845764160e-01
5.779758691787719727e-01
5.327163934707641602e-01
9.512557983398437500e-01
9.321797490119934082e-01
7.295834422111511230e-01
3.414761126041412354e-01
8.512971997261047363e-01
1.620767265558242798e-01
6.314836740493774414e-01
5.741349458694458008e-01
7.882484197616577148e-01
3.270768001675605774e-02
2.641522884368896484e-01
6.187975406646728516e-01
4.693554639816284180e-01
4.812263250350952148e-01
6.264497041702270508e-01
6.413273215293884277e-01
3.903621733188629150e-01
6.225063204765319824e-01
9.084751009941101074e-01
6.632630228996276855e-01
5.553519725799560547e-01
4.270195960998535156e-01
7.745161056518554688e-01
6.591606140136718750e-01
2.220696657896041870e-01
3.042453825473785400e-01
2.319860756397247314e-01
5.456722974777221680e-01
4.734637141227722168e-01
3.850892484188079834e-01
7.260516881942749023e-01
4.431773424148559570e-01
7.363493442535400391e-01
1.296927034854888916e-01
5.486692786216735840e-01
8.804157376289367676e-01
5.211917757987976074e-01
6.453997492790222168e-01
3.821128010749816895e-01
4.022405445575714111e-01
3.077636361122131348e-01
7.616859078407287598e-01
8.651126027107238770e-01
9.940164685249328613e-01
3.296532034873962402e-01
3.992454707622528076e-01
8.387509584426879883e-01
9.264479577541351318e-02
7.507097721099853516e-01
5.984375998377799988e-02
2.403126358985900879e-01
3.119395673274993896e-01
4.308063685894012451e-01
6.091305017471313477e-01
7.471646666526794434e-01
3.672499656677246094e-01
3.954185247421264648e-01
1.883476674556732178e-01
5.274639725685119629e-01
7.956005334854125977e-01
3.006638288497924805e-01
7.731258869171142578e-02
5.548289977014064789e-03
9.859720468521118164e-01
4.176007509231567383e-01
2.013101130723953247e-01
6.350758671760559082e-01
1.139988303184509277e-01
5.124552547931671143e-02
2.477545440196990967e-01
6.376668214797973633e-01
8.092244863510131836e-01
3.634691238403320312e-01
6.931318044662475586e-01
5.515816807746887207e-01
3.335918486118316650e-01
9.875968098640441895e-03
8.316642642021179199e-01
2.603383064270019531e-01
8.527179807424545288e-02
5.042639374732971191e-01
3.371383845806121826e-01
6.960964202880859375e-01
3.531737327575683594e-01
4.866073280572891235e-02
7.398013472557067871e-01
8.906416893005371094e-01
1.457444112747907639e-02
5.085369944572448730e-01
4.774477481842041016e-01
4.000915586948394775e-02
8.770228624343872070e-01
5.305572152137756348e-01
1.068319305777549744e-01
5.603605508804321289e-01
4.053333103656768799e-01
7.793315649032592773e-01
1.803552955389022827e-01
4.486448168754577637e-01
6.130492687225341797e-01
1.525734513998031616e-01
9.024439454078674316e-01
4.871932566165924072e-01
9.985860586166381836e-01
1.445703357458114624e-01
3.601431548595428467e-01
4.389430582523345947e-01
1.848159432411193848e-01
9.432950615882873535e-01
3.743665516376495361e-01
6.759096384048461914e-01
3.161263763904571533e-01
2.538299858570098877e-01
4.215243756771087646e-01
9.597831964492797852e-01
6.675473451614379883e-01
8.586629033088684082e-01
1.230984032154083252e-01
8.870848268270492554e-02
9.049630761146545410e-01
4.356074631214141846e-01
9.745746254920959473e-01
4.090919196605682373e-01
7.164522409439086914e-01
2.538299560546875000e-01
9.154886603355407715e-01
1.338935941457748413e-01
1.573115140199661255e-01
5.452492460608482361e-02
2.242211950942873955e-03
6.156873703002929688e-01
6.576111167669296265e-02
9.283829331398010254e-01
7.436980605125427246e-01
2.347797155380249023e-02
2.767643630504608154e-01
7.576792240142822266e-01
9.391372203826904297e-01
7.838137745857238770e-01
5.954913496971130371e-01
9.475714564323425293e-01
7.063616514205932617e-01
7.995710372924804688e-01
7.028726935386657715e-01
6.905935406684875488e-01
9.783853888511657715e-01
4.871932566165924072e-01
1.374702304601669312e-01
2.360482811927795410e-01
1.230984032154083252e-01
3.683504462242126465e-02
9.357432126998901367e-01
2.926582396030426025e-01
2.821175754070281982e-01
5.243642926216125488e-01
8.692302107810974121e-01
9.756621718406677246e-02
1.949694901704788208e-01
1.982840001583099365e-01
5.661662220954895020e-01
8.116769790649414062e-02
5.006706118583679199e-01
6.716660261154174805e-01
2.978848293423652649e-02
4.537665545940399170e-01
3.903621733188629150e-01
4.658776521682739258e-01
1.960572227835655212e-02
5.603605508804321289e-01
4.974096715450286865e-01
5.705313086509704590e-01
8.036820292472839355e-01
2.156259566545486450e-01
7.918445467948913574e-01
4.580368399620056152e-01
7.707437276840209961e-01
9.119460582733154297e-01
2.887177169322967529e-01
3.453800082206726074e-01
9.676427841186523438e-01
9.713097810745239258e-01
1.721427589654922485e-01
8.732638955116271973e-01
9.642397761344909668e-01
9.198584556579589844e-01
