5.059033036231994629e-01
5.581948161125183105e-01
3.704833686351776123e-01
2.308873832225799561e-01
1.276430208235979080e-02
1.625390946865081787e-01
3.392475843429565430e-01
4.022479951381683350e-01
7.367849349975585938e-01
9.035769701004028320e-01
1.353786140680313110e-01
7.677185535430908203e-01
6.276802420616149902e-01
5.808007717132568359e-01
9.527950882911682129e-01
3.283888995647430420e-01
7.716398239135742188e-01
1.176221817731857300e-01
9.919497966766357422e-01
6.515648961067199707e-01
7.090897560119628906e-01
1.891970634460449219e-01
6.585936546325683594e-01
3.960165679454803467e-01
8.289755582809448242e-01
3.147373497486114502e-01
3.066270649433135986e-01
4.866580069065093994e-01
2.233816385269165039e-01
3.556267023086547852e-01
6.703003644943237305e-01
5.630347132682800293e-01
2.874763906002044678e-01
6.985639929771423340e-01
7.317037135362625122e-02
5.307609438896179199e-01
1.471989005804061890e-01
1.298382580280303955e-01
4.747154563665390015e-02
9.956437945365905762e-01
4.386278390884399414e-01
5.091618895530700684e-01
6.550670266151428223e-01
9.836261272430419922e-01
5.236623883247375488e-01
5.745604038238525391e-01
6.314690709114074707e-01
8.359977602958679199e-01
3.591705262660980225e-01
9.992910623550415039e-01
6.401355266571044922e-01
2.515993118286132812e-01
2.838045358657836914e-01
4.728967845439910889e-01
1.594824939966201782e-01
9.730442166328430176e-01
8.974732756614685059e-01
4.649211168289184570e-01
5.431284904479980469e-01
6.629595756530761719e-01
2.391886115074157715e-01
3.257232159376144409e-02
2.836726419627666473e-02
2.610994279384613037e-01
6.948127746582031250e-01
7.208783030509948730e-01
9.455150961875915527e-01
9.102905988693237305e-01
2.350786030292510986e-01
7.919347286224365234e-01
7.526658773422241211e-01
4.433019757270812988e-01
5.346787571907043457e-01
7.166684865951538086e-01
6.898463368415832520e-01
2.806253731250762939e-01
9.498402476310729980e-01
1.967080682516098022e-01
2.046126313507556915e-02
3.000703752040863037e-01
7.442504167556762695e-01
6.355605721473693848e-01
1.661661714315414429e-01
3.319791555404663086e-01
1.246429607272148132e-01
7.606360316276550293e-02
9.375349879264831543e-01
6.059514880180358887e-01
8.484792113304138184e-01
2.913310527801513672e-01
9.880629777908325195e-01
6.244766116142272949e-01
8.527542352676391602e-01
1.824125498533248901e-01
4.900743067264556885e-01
9.410924911499023438e-01
2.457911074161529541e-01
9.592809677124023438e-01
8.395271897315979004e-01
7.850478887557983398e-01
9.182993769645690918e-01
7.987016439437866211e-01
9.722533822059631348e-02
3.034383356571197510e-01
3.105103969573974609e-01
8.294529467821121216e-02
2.079508900642395020e-01
3.675927594304084778e-02
1.513999402523040771e-01
3.901637494564056396e-01
7.128731012344360352e-01
8.408309891819953918e-03
9.072570800781250000e-01
8.799604177474975586e-01
6.318953633308410645e-02
8.145719170570373535e-01
8.653840422630310059e-02
3.661648929119110107e-01
8.763116598129272461e-01
6.813970208168029785e-01
8.561937808990478516e-01
1.386083811521530151e-01
7.020405530929565430e-01
2.187681198120117188e-01
8.249740600585937500e-01
3.357817530632019043e-01
5.908734798431396484e-01
6.688587367534637451e-02
2.738649547100067139e-01
8.091847300529479980e-01
6.059514880180358887e-01
2.113493233919143677e-01
8.326430916786193848e-01
7.750719189643859863e-01
8.633173108100891113e-01
6.737158894538879395e-01
9.265530705451965332e-01
1.040688008069992065e-01
5.129817724227905273e-01
5.924791842699050903e-02
5.467253327369689941e-01
4.081664383411407471e-01
9.562580585479736328e-01
4.470652639865875244e-01
1.077559590339660645e-01
2.008205503225326538e-01
5.779629349708557129e-01
4.176335334777832031e-01
5.082670971751213074e-02
8.061358928680419922e-01
3.960165679454803467e-01
8.832074999809265137e-01
2.580938935279846191e-01
7.566792964935302734e-01
4.288151562213897705e-01
9.349725395441055298e-02
7.250679731369018555e-01
3.765269219875335693e-01
4.977442324161529541e-01
1.298382580280303955e-01
7.332620620727539062e-01
3.238423466682434082e-01
4.176335334777832031e-01
6.479204297065734863e-01
1.789154559373855591e-01
8.989944308996200562e-02
3.521123528480529785e-01
8.593932390213012695e-01
7.298190593719482422e-01
4.684741795063018799e-01
5.990741848945617676e-01
3.765269219875335693e-01
1.147617325186729431e-01
7.056357264518737793e-01
9.630449414253234863e-01
7.987016439437866211e-01
5.504174903035163879e-02
2.457988634705543518e-02
5.392455458641052246e-01
3.429301679134368896e-01
6.443924903869628906e-01
4.244550764560699463e-01
2.457911074161529541e-01
6.207546591758728027e-01
7.641782164573669434e-01
2.961843013763427734e-01
5.541167259216308594e-01
9.302365779876708984e-01
8.720171451568603516e-01
7.888565659523010254e-01
6.663970947265625000e-01
4.010828211903572083e-02
8.676875233650207520e-01
8.440871238708496094e-01
8.145719170570373535e-01
5.021839737892150879e-01
2.147382050752639771e-01
5.942337512969970703e-01
5.711025595664978027e-01
5.990741848945617676e-01
6.128010749816894531e-01
4.354670941829681396e-01
9.695462584495544434e-01
1.116036698222160339e-01
4.616731405258178711e-01
6.852071285247802734e-01
9.803261756896972656e-01
1.858860254287719727e-01
5.272164344787597656e-01
9.002029895782470703e-01
3.476839661598205566e-01
2.770873606204986572e-01
8.196839094161987305e-01
1.430792808532714844e-01
7.979030907154083252e-02
4.320972263813018799e-01
1.705791056156158447e-01
1.560243815183639526e-01
7.404540181159973145e-01
7.013817131519317627e-02
9.764111042022705078e-01
4.825971424579620361e-01
4.058254659175872803e-01
7.606416344642639160e-01
8.864700794219970703e-01
3.195668458938598633e-01
5.203353762626647949e-01
2.703579664230346680e-01
9.140903353691101074e-01
6.774731278419494629e-01
4.776496291160583496e-01
9.662338495254516602e-01
4.544815123081207275e-01
4.122291207313537598e-01
3.833606541156768799e-01
4.936993122100830078e-01
2.551450133323669434e-01
1.648077927529811859e-02
3.627735972404479980e-01
7.486910820007324219e-01
4.366153106093406677e-02
1.750805377960205078e-01
3.856599796563386917e-03
1.925614923238754272e-01
1.004633307456970215e-01
2.270247489213943481e-01
3.864730894565582275e-01
5.163744688034057617e-01
5.670034885406494141e-01
9.337986707687377930e-01
4.575007259845733643e-01
5.501953363418579102e-01
7.818292379379272461e-01
6.170855760574340820e-01
2.046358585357666016e-01
9.227247834205627441e-01
