1.854349225759506226e-01
5.410597324371337891e-01
5.555084347724914551e-01
5.957810282707214355e-01
4.907647371292114258e-01
3.960179388523101807e-01
9.727759957313537598e-01
9.899868816137313843e-02
8.330593109130859375e-01
6.725977063179016113e-01
8.942807316780090332e-01
8.803022652864456177e-02
9.623342752456665039e-01
6.073756217956542969e-01
2.133667469024658203e-01
6.733698397874832153e-02
2.956037521362304688e-01
3.833684325218200684e-01
1.216325759887695312e-01
3.149169981479644775e-01
7.513868808746337891e-01
5.258117914199829102e-01
5.623818635940551758e-01
2.448699176311492920e-01
1.548717319965362549e-01
1.025263667106628418e-01
2.096340805292129517e-01
4.801369309425354004e-01
8.777053952217102051e-01
6.771683096885681152e-01
6.108011603355407715e-01
6.652827858924865723e-01
2.884102165699005127e-01
9.112445116043090820e-01
2.321439087390899658e-01
9.525660425424575806e-02
7.214028239250183105e-01
9.083204865455627441e-01
2.365596592426300049e-01
5.751656889915466309e-01
4.084829986095428467e-01
8.027281761169433594e-01
5.261776968836784363e-03
2.571075856685638428e-01
7.373072504997253418e-01
1.650707982480525970e-02
4.433822333812713623e-01
1.703537404537200928e-01
6.584870219230651855e-01
6.469162702560424805e-01
5.162319913506507874e-02
3.761543631553649902e-01
9.882059097290039062e-01
9.817966222763061523e-01
7.823023200035095215e-02
4.360919818282127380e-02
3.403407633304595947e-01
5.302432179450988770e-01
7.547335028648376465e-01
1.899377554655075073e-01
1.286993026733398438e-01
5.972292646765708923e-02
7.245710492134094238e-01
4.260027110576629639e-01
7.067621350288391113e-01
8.584107160568237305e-01
3.280129730701446533e-01
4.126723110675811768e-01
3.796470761299133301e-01
6.508404016494750977e-01
2.611644379794597626e-02
9.778540134429931641e-01
6.040655374526977539e-01
9.174549579620361328e-02
3.943974152207374573e-02
2.722245752811431885e-01
8.213881254196166992e-01
1.744895875453948975e-01
7.079885154962539673e-02
7.919281125068664551e-01
4.982431828975677490e-01
1.943292766809463501e-01
3.439528346061706543e-01
1.252393126487731934e-01
9.246141314506530762e-01
7.991001605987548828e-01
6.277822256088256836e-01
3.242834806442260742e-01
3.181733191013336182e-01
7.813944220542907715e-01
6.690909862518310547e-01
8.519033193588256836e-01
5.377464294433593750e-01
2.206536531448364258e-01
5.443255305290222168e-01
6.548709273338317871e-01
7.749870419502258301e-01
8.299313783645629883e-01
8.727586865425109863e-01
1.398431211709976196e-01
6.361643970012664795e-02
2.753750979900360107e-01
6.883780956268310547e-01
6.000818014144897461e-01
4.732107520103454590e-01
2.280345410108566284e-01
7.847188711166381836e-01
5.580899864435195923e-02
1.816758811473846436e-01
5.020837783813476562e-01
7.287828326225280762e-01
5.214301347732543945e-01
3.476498126983642578e-01
7.111852169036865234e-01
4.762188196182250977e-01
1.324614584445953369e-01
9.445793628692626953e-01
4.396188557147979736e-01
2.487409561872482300e-01
1.732389442622661591e-03
7.023039460182189941e-01
1.621840298175811768e-01
3.055063635110855103e-02
5.174288749694824219e-01
8.680360317230224609e-01
4.598938524723052979e-01
5.479712486267089844e-01
8.089941143989562988e-01
4.021300375461578369e-01
7.676923871040344238e-01
9.559763073921203613e-01
9.406588077545166016e-01
1.659509390592575073e-01
6.310726404190063477e-01
9.362139701843261719e-01
7.883964776992797852e-01
6.348092555999755859e-01
8.120027780532836914e-01
3.513674810528755188e-02
3.921240270137786865e-01
3.316269516944885254e-01
7.595574259757995605e-01
3.877850770950317383e-01
6.846939325332641602e-01
7.480824589729309082e-01
8.975976705551147461e-01
9.178563356399536133e-01
7.955445051193237305e-01
3.114857971668243408e-01
2.992390692234039307e-01
4.754800349473953247e-02
2.692053318023681641e-01
3.617424070835113525e-01
8.061728477478027344e-01
8.646783232688903809e-01
8.403993844985961914e-01
2.852599024772644043e-01
3.731427490711212158e-01
7.714536786079406738e-01
9.048772454261779785e-01
9.210767745971679688e-01
9.727759957313537598e-01
5.705954432487487793e-01
3.068979084491729736e-01
6.388066411018371582e-01
3.544367849826812744e-01
3.027949631214141846e-01
9.664963483810424805e-01
9.012826085090637207e-01
5.794015526771545410e-01
7.780836224555969238e-01
1.266741752624511719e-02
1.579347252845764160e-01
4.169006049633026123e-01
7.330341935157775879e-01
1.507147103548049927e-01
5.058885216712951660e-01
2.924223840236663818e-01
1.780072897672653198e-01
7.444580793380737305e-01
9.990652799606323242e-01
2.616519927978515625e-01
4.295033216476440430e-01
2.107513137161731720e-02
5.101102590560913086e-01
6.812785863876342773e-01
5.661383867263793945e-01
4.872149229049682617e-01
2.061773091554641724e-01
6.425906419754028320e-01
5.516537427902221680e-01
9.485859870910644531e-01
4.655071496963500977e-01
1.106363013386726379e-01
8.584107160568237305e-01
4.939998984336853027e-01
8.903323411941528320e-01
8.817317485809326172e-01
5.866898894309997559e-01
3.361800611019134521e-01
3.212218284606933594e-01
6.949005126953125000e-01
8.375230431556701660e-01
5.590338110923767090e-01
7.640686631202697754e-01
6.247881650924682617e-01
3.511384427547454834e-01
7.410421967506408691e-01
4.838640689849853516e-01
5.343381762504577637e-01
8.485097885131835938e-01
1.065612658858299255e-01
5.139063596725463867e-01
8.159926533699035645e-01
3.651489615440368652e-01
4.359038472175598145e-01
7.460248470306396484e-02
3.695128262042999268e-01
8.213881254196166992e-01
6.915646195411682129e-01
4.329894185066223145e-01
8.862559199333190918e-01
9.287313222885131836e-01
1.142645180225372314e-01
6.139172315597534180e-01
5.911617279052734375e-01
9.325412511825561523e-01
2.243877947330474854e-01
1.447038054466247559e-01
1.180718839168548584e-01
9.852362275123596191e-01
9.147692322731018066e-01
2.409997582435607910e-01
7.143891453742980957e-01
6.983565092086791992e-01
4.655071496963500977e-01
6.616417765617370605e-01
9.596000909805297852e-01
8.445327877998352051e-01
3.584303557872772217e-01
2.169629931449890137e-01
1.985160857439041138e-01
9.520909786224365234e-01
4.021300375461578369e-01
5.830820798873901367e-01
8.324808627367019653e-02
4.219962060451507568e-01
8.898689411580562592e-03
4.521448016166687012e-01
7.178432345390319824e-01
1.447038203477859497e-01
2.026093900203704834e-01
4.476983845233917236e-01
2.528003752231597900e-01
2.659659385681152344e-01
4.563783705234527588e-01
