1.285848915576934814e-01
8.886303305625915527e-01
9.954873919486999512e-01
1.132680568844079971e-02
5.680220723152160645e-01
4.032722413539886475e-01
6.502264179289340973e-03
9.716946482658386230e-01
2.295487374067306519e-02
6.985591650009155273e-01
1.519726030528545380e-02
2.596046328544616699e-01
2.261424064636230469e-01
9.404659867286682129e-01
1.473208069801330566e-01
6.281551718711853027e-01
5.555002391338348389e-02
2.055286616086959839e-01
4.828404635190963745e-02
1.010621190071105957e-01
2.293229103088378906e-01
9.876312613487243652e-01
3.326592147350311279e-01
3.695227503776550293e-01
4.468739926815032959e-01
9.251353740692138672e-01
9.757322072982788086e-01
8.439582586288452148e-01
5.091649889945983887e-01
6.446479558944702148e-01
7.386053204536437988e-01
8.611565232276916504e-01
2.102376222610473633e-01
3.579605519771575928e-01
4.174073040485382080e-01
7.731496691703796387e-01
2.555371224880218506e-01
9.369804263114929199e-01
5.219063162803649902e-01
6.405307054519653320e-01
6.021643877029418945e-01
7.866091728210449219e-01
3.843501508235931396e-01
9.640968441963195801e-01
1.363566517829895020e-01
2.655580267310142517e-02
6.142550110816955566e-01
9.290803670883178711e-01
7.637128233909606934e-02
5.365064144134521484e-01
6.526061296463012695e-01
9.989787936210632324e-01
3.729507327079772949e-01
8.519137501716613770e-01
8.311670422554016113e-01
4.479134082794189453e-02
8.027642369270324707e-01
4.162265732884407043e-02
1.747308224439620972e-01
3.768084049224853516e-01
2.717985510826110840e-01
6.676058769226074219e-01
5.293201804161071777e-01
6.938993930816650391e-02
9.474727511405944824e-01
7.311016321182250977e-01
7.082378268241882324e-01
8.856090307235717773e-01
7.652773261070251465e-01
9.577692151069641113e-01
7.109937071800231934e-01
3.252584040164947510e-01
1.399563848972320557e-01
8.565180897712707520e-01
4.792579114437103271e-01
7.451627254486083984e-01
8.219256401062011719e-01
6.985591650009155273e-01
6.101315617561340332e-01
2.149803638458251953e-01
8.310869336128234863e-02
3.360100388526916504e-01
2.873277962207794189e-01
9.781706333160400391e-02
1.975558400154113770e-01
4.914032518863677979e-01
7.909476757049560547e-01
1.513983011245727539e-01
5.852349996566772461e-01
2.755217254161834717e-01
4.946860671043395996e-01
6.794931888580322266e-01
8.648866415023803711e-01
4.582619071006774902e-01
5.188038349151611328e-01
1.782394200563430786e-01
9.331640005111694336e-01
2.993578314781188965e-01
4.032722413539886475e-01
6.752032637596130371e-01
7.936085760593414307e-02
1.323928534984588623e-01
9.393954277038574219e-02
9.437365531921386719e-01
7.785000205039978027e-01
5.449041724205017090e-01
3.019535727798938751e-02
6.357496380805969238e-01
3.806012868881225586e-01
5.042355060577392578e-01
3.398359194397926331e-02
6.318792104721069336e-01
8.121159076690673828e-01
6.985591650009155273e-01
5.407888293266296387e-01
5.181208252906799316e-02
4.708736836910247803e-01
1.854532510042190552e-01
2.517539858818054199e-01
4.355832934379577637e-01
4.875337183475494385e-01
4.617538452148437500e-01
1.095034629106521606e-01
3.982413411140441895e-01
5.784854292869567871e-01
4.248536527156829834e-01
2.831348776817321777e-01
9.049034118652343750e-02
4.662530720233917236e-01
9.100214242935180664e-01
6.196430921554565430e-01
6.827397942543029785e-01
5.600792765617370605e-01
7.600373625755310059e-01
6.711562871932983398e-01
3.481619060039520264e-01
8.987663388252258301e-01
1.670209765434265137e-01
5.329585075378417969e-01
7.825976014137268066e-01
1.707225888967514038e-01
8.952201604843139648e-01
3.913836181163787842e-01
4.432295262813568115e-01
1.591281592845916748e-01
4.750901758670806885e-01
1.126920804381370544e-01
6.599551439285278320e-01
7.176244258880615234e-01
3.951302766799926758e-01
3.398376107215881348e-01
9.180536866188049316e-01
1.629924923181533813e-01
2.950596809387207031e-01
5.255420804023742676e-01
1.550154983997344971e-01
5.825733542442321777e-01
9.838234782218933105e-01
4.208869934082031250e-01
9.215852022171020508e-01
1.902211308479309082e-01
7.260130643844604492e-01
2.911639213562011719e-01
8.683425784111022949e-01
3.530153930187225342e-01
5.156222581863403320e-01
5.752961635589599609e-01
4.144084453582763672e-01
7.949205040931701660e-01
8.403850793838500977e-01
9.141953587532043457e-01
2.448073923587799072e-01
8.162819147109985352e-01
8.354490399360656738e-01
4.078475236892700195e-01
7.418708205223083496e-01
7.731496691703796387e-01
1.164435967803001404e-01
6.227685883641242981e-02
2.636087536811828613e-01
8.272621631622314453e-01
6.238694787025451660e-01
7.351590991020202637e-01
2.792901098728179932e-01
9.058982729911804199e-01
8.475925922393798828e-01
4.985542893409729004e-01
7.984219789505004883e-01
4.508928954601287842e-01
9.019860029220581055e-01
8.917447328567504883e-01
5.042355060577392578e-01
4.284705519676208496e-01
2.484564930200576782e-01
5.124310851097106934e-01
3.442851006984710693e-01
1.939929723739624023e-01
3.657073378562927246e-01
5.898710340261459351e-02
7.526628375053405762e-01
3.025579452514648438e-01
1.937617175281047821e-02
8.073291182518005371e-01
4.321782886981964111e-01
3.067295551300048828e-01
1.815777271986007690e-01
5.560445785522460938e-01
8.716440796852111816e-01
2.011662423610687256e-01
6.590002775192260742e-02
2.225469052791595459e-01
7.145841717720031738e-01
6.563308238983154297e-01
5.642176866531372070e-01
9.607802033424377441e-01
5.528810024261474609e-01
8.747363090515136719e-01
2.414818108081817627e-01
1.222546473145484924e-01
5.976449251174926758e-01
7.488816380500793457e-01
3.120909333229064941e-01
2.678299546241760254e-01
9.510723948478698730e-01
3.172590136528015137e-01
8.632904291152954102e-02
3.788490220904350281e-02
2.280390821397304535e-03
3.287082314491271973e-01
7.652773261070251465e-01
4.391965270042419434e-01
6.872316002845764160e-01
3.880316317081451416e-01
2.194019556045532227e-01
1.222546473145484924e-01
9.796282052993774414e-01
4.835433065891265869e-01
6.021643877029418945e-01
9.544721841812133789e-01
9.916054010391235352e-01
7.219537496566772461e-01
8.219256401062011719e-01
9.677690267562866211e-01
6.484143137931823730e-01
3.620147705078125000e-01
1.044686287641525269e-01
6.069177389144897461e-01
3.210799992084503174e-01
6.902226805686950684e-01
5.722514986991882324e-01
7.292232662439346313e-02
1.433760970830917358e-01
6.637296080589294434e-01
3.120909333229064941e-01
4.546578228473663330e-01
5.488107800483703613e-01
