2.773057520389556885e-01
9.063849449157714844e-01
3.137674033641815186e-01
6.330993175506591797e-01
8.395705223083496094e-01
4.950232058763504028e-02
1.446733176708221436e-01
6.815540790557861328e-01
5.466703772544860840e-01
5.070372819900512695e-01
3.805988132953643799e-01
1.979920417070388794e-01
4.503794908523559570e-01
2.652020156383514404e-01
9.237610548734664917e-02
9.667457938194274902e-01
7.900821566581726074e-01
3.589500784873962402e-01
1.517267525196075439e-01
4.713838994503021240e-01
2.614301741123199463e-01
3.394863009452819824e-01
7.982898354530334473e-01
4.158539175987243652e-01
6.182169318199157715e-01
1.074273809790611267e-01
5.504900217056274414e-01
9.193329811096191406e-01
5.683220550417900085e-02
9.497238397598266602e-01
8.644530177116394043e-01
2.053610235452651978e-01
7.042213678359985352e-01
8.943994045257568359e-01
7.644371986389160156e-01
2.543368935585021973e-01
4.567810595035552979e-01
9.878565073013305664e-01
2.729867696762084961e-01
2.096890807151794434e-01
2.242541462182998657e-01
1.645382642745971680e-01
3.054276704788208008e-01
1.853251457214355469e-01
2.172220647335052490e-01
3.805988132953643799e-01
5.433324575424194336e-01
7.514392733573913574e-01
6.259565353393554688e-01
7.577184438705444336e-01
4.785225689411163330e-01
4.468910694122314453e-01
4.115285277366638184e-01
4.195080101490020752e-01
9.579491615295410156e-01
8.023533821105957031e-01
9.457660317420959473e-01
5.330941453576087952e-02
9.913333654403686523e-01
8.354977369308471680e-01
4.240371286869049072e-01
9.837355613708496094e-01
2.207216769456863403e-01
6.411917805671691895e-01
2.136363089084625244e-01
6.147913336753845215e-01
6.043489277362823486e-02
6.736723780632019043e-01
8.503198027610778809e-01
7.715265750885009766e-01
6.377773284912109375e-01
8.873236775398254395e-01
8.774679154157638550e-02
3.558411598205566406e-01
3.326310217380523682e-01
8.237149566411972046e-02
2.902449369430541992e-01
8.574358224868774414e-01
4.604058265686035156e-01
7.198369503021240234e-01
3.616297617554664612e-02
2.317620664834976196e-01
9.533872008323669434e-01
1.275907754898071289e-01
8.093153238296508789e-01
4.866640567779541016e-01
1.549724936485290527e-01
6.997646093368530273e-01
6.578052639961242676e-01
3.866774737834930420e-01
4.538119435310363770e-01
8.277711272239685059e-01
7.085478901863098145e-01
9.797045588493347168e-01
4.040412604808807373e-01
9.106612801551818848e-01
2.765561453998088837e-02
7.255120873451232910e-01
5.545358657836914062e-01
2.982802689075469971e-01
3.461523354053497314e-01
2.573724389076232910e-01
7.940114140510559082e-01
9.152535796165466309e-01
8.209678530693054199e-01
1.321469247341156006e-01
6.914720684289932251e-02
7.327344268560409546e-02
9.994004368782043457e-01
6.292979121208190918e-01
1.452781911939382553e-02
1.111521050333976746e-01
7.862161993980407715e-01
1.865607313811779022e-02
1.245489493012428284e-01
1.038886085152626038e-01
7.679669857025146484e-01
4.285569489002227783e-01
2.445244491100311279e-01
7.384645938873291016e-01
7.137101292610168457e-01
6.773038506507873535e-01
3.367388844490051270e-01
1.723367422819137573e-01
3.486458063125610352e-01
3.180359899997711182e-01
9.607858210802078247e-02
3.255947828292846680e-01
3.292608261108398438e-01
5.637429952621459961e-01
1.184884309768676758e-01
9.234965443611145020e-01
1.000892445445060730e-01
5.967388153076171875e-01
7.166674137115478516e-01
8.839787840843200684e-01
8.315821290016174316e-01
3.674235939979553223e-01
1.360761374235153198e-01
1.757897138595581055e-01
3.747129738330841064e-01
9.234966039657592773e-01
5.363178253173828125e-01
3.899666070938110352e-01
2.186369895935058594e-02
9.026604890823364258e-01
3.992320299148559570e-01
2.387938052415847778e-01
6.220973134040832520e-01
9.956283569335937500e-01
5.003864169120788574e-01
4.435834586620330811e-01
3.520880639553070068e-01
9.373914003372192383e-01
7.345557808876037598e-01
8.427338600158691406e-01
9.695295095443725586e-01
4.075697362422943115e-01
1.954094469547271729e-01
4.325012564659118652e-01
8.535643219947814941e-01
1.184884309768676758e-01
1.479272395372390747e-01
5.177426934242248535e-01
2.511534094810485840e-01
9.767423868179321289e-01
5.747414827346801758e-01
3.215635716915130615e-01
3.964731991291046143e-01
8.805947899818420410e-01
8.760316967964172363e-01
4.938918948173522949e-01
6.699579358100891113e-01
5.215281844139099121e-01
5.244802832603454590e-01
6.524642705917358398e-01
7.450078725814819336e-01
3.017848432064056396e-01
5.594581961631774902e-01
7.255120873451232910e-01
6.001038551330566406e-01
4.675030708312988281e-01
2.947121560573577881e-01
6.921270489692687988e-01
2.687494754791259766e-01
7.713206857442855835e-02
6.647799015045166016e-01
2.765561453998088837e-02
4.746967852115631104e-01
8.987423181533813477e-01
4.637601375579833984e-01
5.395866632461547852e-01
5.112279653549194336e-01
5.924962162971496582e-01
4.825015068054199219e-01
8.237149566411972046e-02
7.745331525802612305e-01
5.003864169120788574e-01
6.070975065231323242e-01
8.059252500534057617e-01
4.394625425338745117e-01
5.837981700897216797e-01
4.613293707370758057e-02
1.797098219394683838e-01
1.039739232510328293e-02
8.243420720100402832e-01
5.884731411933898926e-01
8.907179832458496094e-01
6.493948698043823242e-01
8.608319163322448730e-01
3.633152842521667480e-01
5.791441202163696289e-01
9.285231828689575195e-01
6.593690812587738037e-02
2.358042001724243164e-01
3.955557569861412048e-02
6.458557248115539551e-01
3.096073269844055176e-01
7.577184438705444336e-01
2.280810773372650146e-01
6.106591820716857910e-01
8.167805671691894531e-01
7.788421511650085449e-01
6.620648317039012909e-03
8.701052069664001465e-01
3.057881491258740425e-03
1.853251457214355469e-01
9.329665303230285645e-01
2.479180842638015747e-01
5.709995627403259277e-01
1.911889016628265381e-01
1.404609829187393188e-01
1.686633378267288208e-01
6.847897768020629883e-01
3.287784010171890259e-02
3.706036210060119629e-01
2.017063498497009277e-01
4.906058609485626221e-01
5.673860907554626465e-01
9.727558493614196777e-01
4.229045286774635315e-02
6.889116764068603516e-01
6.647799015045166016e-01
6.030511260032653809e-01
2.413713634014129639e-01
7.826217412948608398e-01
5.141047239303588867e-01
4.357938468456268311e-01
7.450078725814819336e-01
8.701052069664001465e-01
6.578052639961242676e-01
2.857661545276641846e-01
2.817418873310089111e-01
8.128315806388854980e-01
9.412051439285278320e-01
6.960716247558593750e-01
