8.490788936614990234e-01
5.360700488090515137e-01
6.420353055000305176e-01
2.128781676292419434e-01
2.196049839258193970e-01
7.239109277725219727e-01
3.108656592667102814e-02
9.247667193412780762e-01
1.883908361196517944e-01
4.063207209110260010e-01
7.626407742500305176e-01
5.969586372375488281e-01
4.682249426841735840e-01
8.304331898689270020e-01
4.530995488166809082e-01
1.213812530040740967e-01
6.143696308135986328e-01
7.813754677772521973e-01
1.923263370990753174e-01
9.110180735588073730e-01
6.824368834495544434e-01
8.507329970598220825e-02
8.982243537902832031e-01
3.339401483535766602e-01
7.517136335372924805e-01
6.508171558380126953e-01
5.038660764694213867e-01
3.220224380493164062e-01
3.955924212932586670e-01
3.534126579761505127e-01
2.361595779657363892e-01
4.644706249237060547e-01
1.479160636663436890e-01
7.661762833595275879e-01
2.012222409248352051e-01
4.324838221073150635e-01
5.280782580375671387e-01
2.163962274789810181e-01
3.077136874198913574e-01
8.210827708244323730e-01
7.899864315986633301e-01
8.172067403793334961e-01
6.176299452781677246e-01
6.267494056373834610e-03
9.302682876586914062e-01
3.491149246692657471e-01
4.839979708194732666e-01
1.018632110208272934e-02
9.421729296445846558e-02
5.396820306777954102e-01
1.175468787550926208e-01
4.190739244222640991e-02
8.577218651771545410e-01
8.623195290565490723e-01
8.139805793762207031e-01
9.619998335838317871e-01
6.575329303741455078e-01
6.460840702056884766e-01
7.085195779800415039e-01
3.841839432716369629e-01
1.322336345911026001e-01
4.903357475996017456e-02
5.648754239082336426e-01
7.195236086845397949e-01
3.690948784351348877e-01
7.320489287376403809e-01
3.762761950492858887e-01
8.923900723457336426e-01
7.595492601394653320e-01
6.933650374412536621e-01
5.527842044830322266e-01
4.438693821430206299e-01
2.770645320415496826e-01
5.183191299438476562e-01
1.616557985544204712e-01
9.766237735748291016e-01
5.231919288635253906e-01
5.611360073089599609e-01
5.720657110214233398e-02
2.811470925807952881e-01
3.301448523998260498e-01
9.874360561370849609e-01
4.545952379703521729e-02
4.870576858520507812e-01
6.741265058517456055e-01
7.157223820686340332e-01
4.935984909534454346e-01
1.072007119655609131e-01
3.180257678031921387e-01
8.257002234458923340e-01
2.090619057416915894e-01
5.724738240242004395e-01
1.616557985544204712e-01
1.537422537803649902e-01
6.390370726585388184e-01
9.408543705940246582e-01
4.809873104095458984e-01
8.783620595932006836e-01
1.966985911130905151e-01
1.138255000114440918e-01
1.414768397808074951e-01
7.353520393371582031e-01
1.838803738355636597e-01
6.294550895690917969e-01
9.333794713020324707e-01
3.819449990987777710e-02
2.612715661525726318e-01
7.014238238334655762e-01
9.191665053367614746e-01
9.936724305152893066e-01
6.699566245079040527e-01
2.265335293486714363e-03
3.116384148597717285e-01
2.655006349086761475e-01
1.537422537803649902e-01
4.252544045448303223e-01
2.882949709892272949e-01
5.312097445130348206e-02
6.898109912872314453e-01
6.100548431277275085e-02
8.533217310905456543e-01
4.030496478080749512e-01
4.761225879192352295e-01
1.709668152034282684e-02
6.111474037170410156e-01
8.870966434478759766e-01
9.585168361663818359e-01
9.367794394493103027e-01
2.531833052635192871e-01
1.708330959081649780e-01
6.321063041687011719e-01
5.527842044830322266e-01
1.381968241184949875e-02
1.383822411298751831e-01
5.894850492477416992e-01
3.043463230133056641e-01
9.801850318908691406e-01
5.685647726058959961e-01
3.411884903907775879e-01
7.987957596778869629e-01
7.899864315986633301e-01
9.977548718452453613e-01
3.617543280124664307e-01
8.828321695327758789e-01
9.900585412979125977e-01
2.731232643127441406e-01
4.967294633388519287e-01
4.717904925346374512e-01
2.574549317359924316e-01
7.690114378929138184e-01
2.318139970302581787e-01
7.949934005737304688e-01
7.464598417282104492e-01
5.142180323600769043e-01
6.040952801704406738e-01
4.401156306266784668e-01
7.849142551422119141e-01
9.652556180953979492e-01
9.553331136703491211e-01
3.263443708419799805e-01
4.900460243225097656e-01
1.006246358156204224e-01
2.054430544376373291e-02
9.835696816444396973e-01
8.103966116905212402e-01
5.107432007789611816e-01
8.029834628105163574e-01
3.730480372905731201e-01
1.787530034780502319e-01
3.653548061847686768e-01
6.862204670906066895e-01
4.361753761768341064e-01
2.908190488815307617e-01
9.247667193412780762e-01
5.862132906913757324e-01
3.147988021373748779e-01
7.559816837310791016e-01
9.481191039085388184e-01
8.349969983100891113e-01
2.404641360044479370e-01
5.475296378135681152e-01
3.876912593841552734e-01
4.565497934818267822e-01
7.781168222427368164e-01
4.223069846630096436e-01
9.721836447715759277e-01
9.688259959220886230e-01
2.770082652568817139e-02
1.041037589311599731e-01
3.375099003314971924e-01
9.025253057479858398e-01
3.450544774532318115e-01
6.209780573844909668e-01
8.386271595954895020e-01
6.254851818084716797e-01
1.109797209501266479e-01
5.324481129646301270e-01
5.575206875801086426e-01
4.487232267856597900e-01
5.789216160774230957e-01
7.282909154891967773e-01
6.973380446434020996e-01
6.789048016071319580e-02
7.102256268262863159e-02
3.992505073547363281e-01
8.700696825981140137e-01
2.406525984406471252e-02
3.576868474483489990e-01
2.275630682706832886e-01
8.420068621635437012e-01
1.742581129074096680e-01
7.386227846145629883e-01
2.233577072620391846e-01
6.661599278450012207e-01
1.441322118043899536e-01
4.289867579936981201e-01
9.160346984863281250e-01
8.923900723457336426e-01
8.452232480049133301e-01
9.421729296445846558e-02
5.072609186172485352e-01
1.354231834411621094e-01
3.915458917617797852e-01
6.005944013595581055e-01
8.734259009361267090e-01
1.241116374731063843e-01
2.050775587558746338e-01
5.758587718009948730e-01
9.129154086112976074e-01
1.665227115154266357e-01
8.044617623090744019e-02
5.002536773681640625e-01
5.933516621589660645e-01
3.436135500669479370e-02
3.801864087581634521e-01
8.662309050559997559e-01
2.846857905387878418e-01
5.824911594390869141e-01
6.782364845275878906e-01
6.619165539741516113e-01
7.051436305046081543e-01
4.602170884609222412e-01
9.057537317276000977e-01
5.436117649078369141e-01
2.487280517816543579e-01
2.444863021373748779e-01
9.440565109252929688e-01
7.423752546310424805e-01
6.079774498939514160e-01
7.557693868875503540e-02
9.514915943145751953e-01
6.422595679759979248e-02
8.810787647962570190e-02
2.695160806179046631e-01
7.122767567634582520e-01
8.067755103111267090e-01
