7.825622558593750000e-01
2.033985555171966553e-01
6.688187122344970703e-01
7.715206742286682129e-01
5.203015804290771484e-01
6.459316611289978027e-01
7.107371091842651367e-01
8.291184902191162109e-01
3.453367650508880615e-01
3.558310121297836304e-02
5.415632128715515137e-01
6.220305562019348145e-01
7.864222526550292969e-01
5.521168112754821777e-01
8.041081950068473816e-03
1.923746056854724884e-02
5.589803457260131836e-01
6.373712420463562012e-01
1.127015128731727600e-01
6.020035147666931152e-01
1.011522486805915833e-01
9.888761043548583984e-01
2.462683022022247314e-01
7.551472187042236328e-01
4.566195607185363770e-01
9.034882783889770508e-01
7.638215422630310059e-01
1.045760884881019592e-01
2.899328768253326416e-01
4.776546657085418701e-01
6.408743262290954590e-01
5.902274250984191895e-01
4.863896965980529785e-01
7.191359400749206543e-01
6.502206325531005859e-01
1.965034902095794678e-01
1.165618300437927246e-01
3.531396389007568359e-01
3.717058300971984863e-01
6.254535317420959473e-01
6.725142598152160645e-01
7.067111730575561523e-01
9.994404911994934082e-01
1.712220907211303711e-01
3.979387283325195312e-01
9.711180925369262695e-01
5.842481851577758789e-01
2.085595726966857910e-01
4.400298595428466797e-01
2.459168666973710060e-03
6.103715300559997559e-01
2.145714610815048218e-01
6.448622047901153564e-02
8.069082498550415039e-01
3.987044468522071838e-02
2.197414934635162354e-01
9.784919023513793945e-01
9.069762229919433594e-01
2.292847633361816406e-01
6.649749279022216797e-01
9.477280825376510620e-02
3.848073780536651611e-01
7.472036480903625488e-01
6.307210326194763184e-01
2.598234415054321289e-01
1.243897825479507446e-01
5.276109557598829269e-03
7.304656505584716797e-01
4.863896965980529785e-01
1.308732628822326660e-01
4.784614965319633484e-02
8.786064386367797852e-01
1.333903968334197998e-01
2.857018411159515381e-01
7.679163813591003418e-01
1.542928721755743027e-02
8.431801795959472656e-01
5.014627575874328613e-01
3.085323572158813477e-01
7.420020699501037598e-01
8.956100791692733765e-02
4.210679829120635986e-01
5.383698344230651855e-01
3.004506826400756836e-01
5.209413170814514160e-02
3.789088428020477295e-01
3.755859434604644775e-01
5.934340357780456543e-01
9.573498964309692383e-01
3.409805595874786377e-01
8.748737573623657227e-01
6.867630779743194580e-02
4.064225852489471436e-01
9.823119640350341797e-01
7.976489663124084473e-01
4.973286092281341553e-01
4.749763011932373047e-01
1.278071999549865723e-01
3.225178420543670654e-01
6.572390794754028320e-01
9.675374627113342285e-01
1.931525915861129761e-01
2.929773926734924316e-01
4.927433729171752930e-01
3.282870054244995117e-01
3.679570853710174561e-01
5.125108957290649414e-01
5.625504255294799805e-01
8.956100791692733765e-02
6.610752344131469727e-01
6.761391758918762207e-01
9.639680385589599609e-01
3.323363959789276123e-01
9.752398729324340820e-01
4.599165022373199463e-01
4.293729960918426514e-01
3.930592536926269531e-01
6.540272235870361328e-01
3.197669684886932373e-01
4.362551271915435791e-01
9.386486411094665527e-01
6.799606680870056152e-01
1.620045453310012817e-01
3.367663621902465820e-01
1.784973591566085815e-01
9.962827563285827637e-01
1.489531099796295166e-01
6.846373081207275391e-01
8.829137682914733887e-01
3.044978678226470947e-01
8.920224905014038086e-01
9.349781274795532227e-01
1.815650612115859985e-01
2.342402637004852295e-01
9.244780540466308594e-01
7.958632707595825195e-02
2.506416738033294678e-01
6.282103657722473145e-01
2.423563450574874878e-01
7.270155102014541626e-02
4.129275679588317871e-01
7.593415975570678711e-01
7.232270836830139160e-01
1.542549431324005127e-01
5.348690748214721680e-01
7.370345592498779297e-01
6.168160438537597656e-01
2.390418946743011475e-01
8.876347541809082031e-01
5.556402802467346191e-01
5.164307355880737305e-01
6.059809327125549316e-01
3.640746474266052246e-01
2.637784481048583984e-01
9.856931567192077637e-01
3.252430260181427002e-01
8.196103572845458984e-01
7.510495781898498535e-01
7.148051857948303223e-01
9.504575729370117188e-01
4.442050457000732422e-01
1.084976568818092346e-01
8.631992340087890625e-01
4.098764359951019287e-01
7.261387109756469727e-01
7.420020699501037598e-01
3.158364444971084595e-02
3.817528784275054932e-01
1.620045453310012817e-01
5.237218737602233887e-01
5.978522896766662598e-01
1.449230015277862549e-01
5.842481851577758789e-01
8.040921092033386230e-01
9.138883948326110840e-01
9.541503787040710449e-01
4.489197134971618652e-01
8.995174765586853027e-01
5.311097502708435059e-01
5.050774216651916504e-01
5.737988352775573730e-01
9.923657178878784180e-01
8.963148593902587891e-01
1.894817948341369629e-01
3.119625747203826904e-01
6.924639940261840820e-01
3.489739298820495605e-01
6.986722350120544434e-01
5.085297822952270508e-01
9.204031825065612793e-01
6.889563202857971191e-01
5.449299812316894531e-01
6.168160438537597656e-01
2.254554629325866699e-01
8.382428884506225586e-01
8.681934475898742676e-01
1.620045453310012817e-01
5.704732537269592285e-01
2.551380991935729980e-01
4.810284674167633057e-01
8.009362220764160156e-01
5.591560900211334229e-02
9.606708288192749023e-01
1.997639536857604980e-01
8.344716578722000122e-02
2.745522260665893555e-01
5.779572725296020508e-01
3.889203965663909912e-01
8.583013415336608887e-01
4.530466198921203613e-01
9.169995784759521484e-01
7.342975139617919922e-01
7.907154560089111328e-01
1.743266582489013672e-01
2.197414934635162354e-01
8.507786989212036133e-01
7.943519353866577148e-01
2.821538150310516357e-01
8.717820048332214355e-01
4.326047897338867188e-01
1.850658506155014038e-01
8.257819414138793945e-01
5.274678468704223633e-01
2.085595726966857910e-01
2.964790463447570801e-01
7.615983486175537109e-02
4.393460974097251892e-02
6.009130179882049561e-02
3.159318566322326660e-01
7.744283676147460938e-01
2.672525048255920410e-01
8.222759366035461426e-01
5.661923289299011230e-01
9.317054152488708496e-01
9.828671067953109741e-02
2.710240483283996582e-01
8.472753167152404785e-01
9.279989004135131836e-01
7.783034443855285645e-01
9.428129792213439941e-01
9.464249610900878906e-01
1.417809724807739258e-01
2.365801110863685608e-02
7.022650837898254395e-01
8.330783247947692871e-01
8.539856076240539551e-01
4.023202359676361084e-01
2.739167772233486176e-02
4.258591532707214355e-01
1.515113711357116699e-01
1.205452457070350647e-01
3.570280075073242188e-01
4.164674282073974609e-01
3.602233231067657471e-01
5.485100746154785156e-01
4.629038870334625244e-01
