1.767387092113494873e-01
3.969585597515106201e-01
6.508126258850097656e-01
5.288843512535095215e-01
1.534274965524673462e-01
9.551051855087280273e-01
5.013157129287719727e-01
3.726454675197601318e-01
3.082088232040405273e-01
9.082323312759399414e-01
5.852780863642692566e-02
8.225017786026000977e-01
3.782490193843841553e-01
2.710562348365783691e-01
1.427899152040481567e-01
2.885132730007171631e-01
2.238903045654296875e-01
9.119684100151062012e-01
5.528496503829956055e-01
4.006202518939971924e-01
5.694777369499206543e-01
8.711959123611450195e-01
6.223119497299194336e-01
7.997586727142333984e-01
6.984426826238632202e-02
6.084334254264831543e-01
2.203357815742492676e-01
6.298170685768127441e-01
3.373752832412719727e-01
5.243268609046936035e-01
4.752391949295997620e-02
6.152071952819824219e-01
7.393767684698104858e-02
5.771530866622924805e-01
1.060247868299484253e-01
3.411397039890289307e-01
3.528327047824859619e-01
3.569291234016418457e-01
4.845634102821350098e-01
5.330324769020080566e-01
7.260404825210571289e-01
1.203707531094551086e-01
8.999993093311786652e-03
7.485904097557067871e-01
8.333417177200317383e-01
1.992460042238235474e-01
5.736964941024780273e-01
2.805017530918121338e-01
8.035138845443725586e-01
4.694329798221588135e-01
7.934605479240417480e-01
9.794911742210388184e-02
9.440652728080749512e-01
3.649102747440338135e-01
6.902386546134948730e-01
2.410550266504287720e-01
2.062236219644546509e-01
5.949134826660156250e-01
9.313744306564331055e-01
1.096086502075195312e-01
9.392260313034057617e-01
1.331901699304580688e-01
5.836449861526489258e-01
8.645566105842590332e-01
1.454837620258331299e-01
8.740250468254089355e-01
5.908359885215759277e-01
4.084283709526062012e-01
4.199500083923339844e-01
1.256226003170013428e-01
4.905593693256378174e-01
8.372611999511718750e-01
7.963564991950988770e-01
4.157680273056030273e-01
8.187775611877441406e-01
5.408903360366821289e-01
8.929981589317321777e-01
4.358530938625335693e-01
3.182561695575714111e-01
1.693765670061111450e-01
7.011059522628784180e-01
9.842295646667480469e-01
1.136951223015785217e-01
6.259713768959045410e-01
6.602411717176437378e-02
8.806918263435363770e-01
5.126049518585205078e-01
7.729150354862213135e-02
4.626378417015075684e-01
8.292911052703857422e-01
5.990865230560302734e-01
5.868222117424011230e-01
4.528549909591674805e-01
8.848600387573242188e-01
2.527796626091003418e-01
4.486173987388610840e-01
4.978241920471191406e-01
6.368175745010375977e-01
2.169513106346130371e-01
8.526360988616943359e-02
9.242364764213562012e-01
2.527795433998107910e-01
5.567621588706970215e-01
7.609488964080810547e-01
7.693727016448974609e-01
4.047664105892181396e-01
7.217031717300415039e-01
7.387553453445434570e-01
3.608292341232299805e-01
2.638902068138122559e-01
6.402751207351684570e-01
9.027662277221679688e-01
7.865936756134033203e-01
1.306783407926559448e-02
1.992459893226623535e-01
6.808323860168457031e-01
1.634941548109054565e-01
1.331901699304580688e-01
4.877597689628601074e-01
3.249368369579315186e-01
2.278451770544052124e-01
2.327395081520080566e-01
6.338240504264831543e-01
4.116727113723754883e-01
1.256226003170013428e-01
4.039470478892326355e-02
4.941963255405426025e-01
2.471124678850173950e-01
2.375252395868301392e-01
6.657672524452209473e-01
8.772614002227783203e-01
1.604768037796020508e-01
4.433172047138214111e-01
7.104044556617736816e-01
6.965127587318420410e-01
9.983102679252624512e-01
2.761811316013336182e-01
3.867937922477722168e-01
6.610987782478332520e-01
4.565173387527465820e-01
4.599437415599822998e-01
5.606123805046081543e-01
9.283970594406127930e-01
7.143546938896179199e-01
9.153209924697875977e-01
3.285817801952362061e-01
1.849903762340545654e-01
2.679325938224792480e-01
9.583845734596252441e-01
2.943488657474517822e-01
2.908081561326980591e-02
1.171011179685592651e-01
6.721507906913757324e-01
7.062187194824218750e-01
6.468660235404968262e-01
7.453871965408325195e-01
7.349475026130676270e-01
9.808178544044494629e-01
5.464182794094085693e-02
4.448120668530464172e-02
6.692910790443420410e-01
3.928981125354766846e-01
2.912487685680389404e-01
9.946053624153137207e-01
3.867937922477722168e-01
7.567768096923828125e-01
7.418642640113830566e-01
6.932193636894226074e-01
1.661629378795623779e-01
5.802375674247741699e-01
1.730687543749809265e-02
1.654693624004721642e-03
9.613329768180847168e-01
5.202659964561462402e-01
2.848740220069885254e-01
3.212277889251708984e-01
8.420820236206054688e-01
7.895964384078979492e-01
3.150819540023803711e-01
4.392884671688079834e-01
4.725908935070037842e-01
2.135132551193237305e-01
5.410125944763422012e-03
2.606165707111358643e-01
2.567658945918083191e-02
8.491038680076599121e-01
3.685064613819122314e-01
1.725493520498275757e-01
9.519084692001342773e-01
6.761962771415710449e-01
6.119621992111206055e-01
8.924588561058044434e-02
8.071845769882202148e-01
9.347141981124877930e-01
7.663673758506774902e-01
7.177318930625915527e-01
3.484109640121459961e-01
5.166163444519042969e-01
8.457944989204406738e-01
9.774207472801208496e-01
9.908791780471801758e-01
8.159482479095458984e-01
7.759482860565185547e-01
4.812301695346832275e-01
5.455100536346435547e-01
2.437739819288253784e-01
7.306130528450012207e-01
1.897118836641311646e-01
1.561414450407028198e-01
7.829887866973876953e-01
3.427633270621299744e-02
9.027662277221679688e-01
8.528342247009277344e-01
8.123043924570083618e-02
3.811138868331909180e-01
3.116256892681121826e-01
5.488687157630920410e-01
9.198592901229858398e-01
2.196215465664863586e-02
9.733580946922302246e-01
4.280126392841339111e-01
5.650116801261901855e-01
9.485114216804504395e-01
6.035659313201904297e-01
7.523853778839111328e-01
5.369321107864379883e-01
5.082550644874572754e-01
3.330665528774261475e-01
6.274814903736114502e-02
4.238496720790863037e-01
1.925339847803115845e-01
6.858169436454772949e-01
3.444454371929168701e-01
9.343577176332473755e-02
8.890044689178466797e-01
3.752401471138000488e-01
8.563489317893981934e-01
2.097630500793457031e-01
1.808610111474990845e-01
1.387580037117004395e-01
1.021729111671447754e-01
8.971403241157531738e-01
5.164728686213493347e-02
5.048447847366333008e-01
4.658907949924468994e-01
9.875127673149108887e-01
6.435565948486328125e-01
3.427633270621299744e-02
2.970329821109771729e-01
6.184012889862060547e-01
6.610987782478332520e-01
8.645564913749694824e-01
8.257686495780944824e-01
9.640384912490844727e-01
7.759482860565185547e-01
4.324195981025695801e-01
