5.555956959724426270e-01
6.031604409217834473e-01
2.255559116601943970e-01
4.680867195129394531e-01
8.493489623069763184e-01
2.732582986354827881e-01
9.413241744041442871e-01
4.500054419040679932e-01
3.032256364822387695e-01
4.031147956848144531e-01
4.780529439449310303e-01
5.262178927659988403e-02
3.393478691577911377e-01
9.901901483535766602e-01
9.236096739768981934e-01
4.068438708782196045e-01
9.346643686294555664e-01
1.933381259441375732e-01
5.144494175910949707e-01
1.866322010755538940e-01
3.866496384143829346e-01
7.143520712852478027e-01
9.194926023483276367e-01
7.934128046035766602e-01
4.715001285076141357e-01
1.263027191162109375e-01
9.979407191276550293e-01
7.145343720912933350e-02
9.522515535354614258e-01
7.644310593605041504e-01
5.262133851647377014e-02
3.190255761146545410e-01
8.170298337936401367e-01
6.911057829856872559e-01
9.555432200431823730e-01
1.902853101491928101e-01
6.663109660148620605e-01
2.567615807056427002e-01
4.225893318653106689e-01
4.327964782714843750e-01
5.225356221199035645e-01
5.062510967254638672e-01
7.068164944648742676e-01
2.428772151470184326e-01
1.109018996357917786e-01
5.971268415451049805e-01
5.584315657615661621e-01
3.393478095531463623e-01
4.404605329036712646e-01
2.361258864402770996e-02
3.713409006595611572e-01
6.486887931823730469e-01
1.985768415033817291e-02
8.284057974815368652e-01
8.372785449028015137e-01
8.806369900703430176e-01
1.678755134344100952e-01
7.826250195503234863e-01
6.218889355659484863e-01
5.413321852684020996e-01
9.374366998672485352e-01
8.048405051231384277e-01
6.422648429870605469e-01
1.810147315263748169e-01
6.578478217124938965e-01
9.670371413230895996e-01
5.102987289428710938e-01
3.147516250610351562e-01
1.328995823860168457e-01
3.101395368576049805e-01
9.100666046142578125e-01
6.252651810646057129e-01
1.518682688474655151e-01
7.488588988780975342e-02
6.828363984823226929e-02
5.702232718467712402e-01
1.133876759558916092e-02
4.939672946929931641e-01
1.565567255020141602e-01
6.084813475608825684e-01
1.032355823554098606e-03
4.290809333324432373e-01
9.742114543914794922e-01
9.266128540039062500e-01
7.856692671775817871e-01
6.186287403106689453e-01
5.520862936973571777e-01
4.562935531139373779e-01
3.450495898723602295e-01
7.881794869899749756e-02
2.965155839920043945e-01
6.783560514450073242e-01
8.904064893722534180e-01
8.256553411483764648e-01
4.424188751727342606e-03
4.259047806262969971e-01
2.928489148616790771e-01
7.785558104515075684e-01
5.620428919792175293e-01
6.117873787879943848e-01
6.334048509597778320e-02
2.536549270153045654e-01
6.450958251953125000e-01
1.810148060321807861e-01
8.170298337936401367e-01
2.091551274061203003e-01
1.546071469783782959e-02
4.822769165039062500e-01
4.192109107971191406e-01
4.525637924671173096e-01
8.689373135566711426e-01
3.635249137878417969e-01
4.366178214550018311e-01
7.243595719337463379e-01
2.016414999961853027e-01
9.419447928667068481e-02
2.999572157859802246e-01
8.847261667251586914e-01
6.829164028167724609e-01
3.787548542022705078e-01
2.885062992572784424e-01
7.968772649765014648e-01
5.303239822387695312e-01
6.151667237281799316e-01
9.774554967880249023e-01
9.448528885841369629e-01
2.705601453781127930e-01
5.657699108123779297e-01
8.975107222795486450e-02
7.483475208282470703e-01
8.531969189643859863e-01
5.187972784042358398e-01
7.516435384750366211e-01
6.370254158973693848e-01
3.488707840442657471e-01
3.052493371069431305e-02
2.640344761312007904e-02
5.898018479347229004e-01
7.716515660285949707e-01
3.848115727305412292e-02
3.554245233535766602e-01
7.176395058631896973e-01
7.560204267501831055e-01
2.334942966699600220e-01
8.209278434514999390e-02
9.941893219947814941e-01
7.105897068977355957e-01
7.284267544746398926e-01
4.154095351696014404e-01
8.727468252182006836e-01
3.826315701007843018e-01
7.682408690452575684e-01
9.815253615379333496e-01
9.038667082786560059e-01
3.306648433208465576e-01
8.904064893722534180e-01
1.060991808772087097e-01
9.834591299295425415e-02
5.807760953903198242e-01
5.917680636048316956e-02
5.345346331596374512e-01
8.769341111183166504e-01
6.946407556533813477e-01
7.750796675682067871e-01
2.501666247844696045e-01
9.481309652328491211e-01
2.767198383808135986e-01
2.604605853557586670e-01
4.254265874624252319e-02
4.431625306606292725e-01
1.109018996357917786e-01
8.462319970130920410e-01
3.590344786643981934e-01
1.599488109350204468e-01
7.328234314918518066e-01
3.909798562526702881e-01
2.131455093622207642e-01
1.298259347677230835e-01
5.736352801322937012e-01
3.752013742923736572e-01
1.428818702697753906e-01
2.379456758499145508e-01
1.753425449132919312e-01
7.209018468856811523e-01
7.787704467773437500e-03
9.100666046142578125e-01
3.062217533588409424e-01
6.620914936065673828e-01
6.871200203895568848e-01
5.469983220100402832e-01
3.954948782920837402e-01
5.469983220100402832e-01
4.902651607990264893e-01
2.293140292167663574e-01
5.262687802314758301e-01
6.697082519531250000e-01
9.859600663185119629e-01
6.532483100891113281e-01
8.170298337936401367e-01
4.644307196140289307e-01
2.800683379173278809e-01
9.708494544029235840e-01
5.021125674247741699e-01
5.868669748306274414e-01
9.637300372123718262e-01
1.218817159533500671e-01
2.218361347913742065e-01
4.865496158599853516e-01
3.267932236194610596e-01
6.370254158973693848e-01
1.978453248739242554e-01
1.022436544299125671e-01
7.413660883903503418e-01
1.188933402299880981e-01
3.678613603115081787e-01
7.032176256179809570e-01
6.734909415245056152e-01
3.342210352420806885e-01
8.005170822143554688e-01
4.107700586318969727e-01
1.364746987819671631e-01
5.928960442543029785e-01
8.593285828828811646e-02
8.335061669349670410e-01
8.650065660476684570e-01
7.452529072761535645e-01
3.231005966663360596e-01
4.749024510383605957e-01
2.176878303289413452e-01
6.985181570053100586e-01
2.054079622030258179e-01
5.807760953903198242e-01
4.695598781108856201e-02
6.031604409217834473e-01
3.997129797935485840e-01
8.421829342842102051e-01
5.376862287521362305e-01
4.977419674396514893e-01
8.599158525466918945e-01
4.603515267372131348e-01
9.593865275382995605e-01
1.393661201000213623e-01
9.158472418785095215e-01
1.472432315349578857e-01
9.000746607780456543e-01
8.559392094612121582e-01
8.076518774032592773e-01
3.519514501094818115e-01
7.602353096008300781e-01
8.962954878807067871e-01
7.373606562614440918e-01
2.838240265846252441e-01
1.634499281644821167e-01
2.462650686502456665e-01
1.716874539852142334e-01
3.457567095756530762e-02
