3.079460859298706055e-01
7.093416452407836914e-01
6.804158687591552734e-01
3.816827237606048584e-01
4.476498365402221680e-01
1.296923160552978516e-01
1.951549574732780457e-02
9.852292537689208984e-01
9.741098880767822266e-01
2.428033500909805298e-01
4.075371026992797852e-01
9.381111264228820801e-01
5.738661438226699829e-02
3.610656829550862312e-03
8.285952806472778320e-01
4.706148505210876465e-01
9.109793901443481445e-01
4.904522895812988281e-01
8.530850410461425781e-01
2.592557072639465332e-01
6.472744941711425781e-01
2.267992198467254639e-01
1.809702366590499878e-01
3.842192143201828003e-02
1.628156602382659912e-01
4.345881640911102295e-01
2.486941069364547729e-01
6.895611286163330078e-01
8.098170757293701172e-01
8.805448412895202637e-01
1.539294421672821045e-01
1.023351624608039856e-01
6.334146857261657715e-01
3.999085128307342529e-01
6.373480558395385742e-01
4.623648822307586670e-01
7.911819964647293091e-03
6.068561077117919922e-01
7.275156378746032715e-01
5.790084004402160645e-01
9.582528471946716309e-01
1.666095852851867676e-01
1.114173829555511475e-01
7.945548892021179199e-01
4.513870179653167725e-01
8.497096300125122070e-01
8.023901581764221191e-01
2.397820949554443359e-01
3.753212988376617432e-01
5.376724004745483398e-01
3.212674856185913086e-01
9.706823229789733887e-01
1.699403077363967896e-01
3.860985636711120605e-01
4.744886159896850586e-01
3.718548119068145752e-01
5.416242405772209167e-02
7.245714664459228516e-01
9.781063199043273926e-01
4.979891479015350342e-01
1.580800414085388184e-01
2.981127500534057617e-01
2.925341129302978516e-01
5.897982120513916016e-01
7.014477849006652832e-01
9.673961400985717773e-01
7.747634649276733398e-01
7.209541797637939453e-01
5.672200322151184082e-01
1.076410338282585144e-01
5.966117382049560547e-01
4.386764764785766602e-01
4.309929311275482178e-01
8.165881633758544922e-01
9.913994073867797852e-01
7.442803382873535156e-01
2.520257532596588135e-01
4.591034948825836182e-01
8.568049669265747070e-01
7.782405018806457520e-01
4.237121343612670898e-01
8.996334671974182129e-01
5.632869005203247070e-01
2.025762647390365601e-01
1.465548388659954071e-02
3.319454789161682129e-01
2.630249857902526855e-01
2.171639949083328247e-01
1.849454343318939209e-01
3.449629992246627808e-02
7.907014489173889160e-01
2.360991537570953369e-01
7.659713178873062134e-02
8.466497808694839478e-02
5.060457587242126465e-01
7.986164689064025879e-01
5.472651720046997070e-01
1.337890923023223877e-01
7.502748370170593262e-01
8.645034432411193848e-01
7.417982816696166992e-01
1.774761080741882324e-01
9.499748349189758301e-01
8.365471959114074707e-01
9.230061620473861694e-02
6.068561077117919922e-01
2.298553735017776489e-01
6.549595594406127930e-01
7.502748370170593262e-01
1.122500561177730560e-02
3.460699021816253662e-01
5.135918259620666504e-01
6.506825685501098633e-01
2.058135420083999634e-01
7.154670357704162598e-01
5.017056465148925781e-01
8.996334671974182129e-01
2.702169418334960938e-01
9.954913258552551270e-01
2.925341129302978516e-01
9.258024096488952637e-01
6.288582682609558105e-01
5.257238149642944336e-01
3.245628178119659424e-01
7.841642498970031738e-01
8.759250044822692871e-01
8.058084845542907715e-01
8.244844079017639160e-01
8.907958269119262695e-01
4.818454086780548096e-01
8.613137602806091309e-01
6.845020055770874023e-01
9.428629279136657715e-01
7.154670357704162598e-01
1.381872445344924927e-01
4.039874970912933350e-01
5.752766728401184082e-01
2.205152660608291626e-01
3.180181682109832764e-01
8.724176883697509766e-01
3.428046107292175293e-01
8.208234310150146484e-01
5.498736500740051270e-01
3.607911467552185059e-01
8.996335268020629883e-01
6.404942274093627930e-01
3.786906301975250244e-01
6.199069619178771973e-01
9.996833801269531250e-01
4.943036437034606934e-01
4.268727302551269531e-01
7.841642498970031738e-01
9.147490262985229492e-01
2.790420055389404297e-01
7.306483983993530273e-01
2.820953428745269775e-01
3.283902406692504883e-01
5.598720312118530273e-01
9.464092850685119629e-01
6.436073035001754761e-02
6.584601402282714844e-01
3.029080331325531006e-01
6.688597202301025391e-01
3.684176802635192871e-01
6.656174659729003906e-01
7.597398757934570312e-01
9.540668725967407227e-01
4.667668640613555908e-01
6.442028880119323730e-01
3.493582010269165039e-01
4.108352959156036377e-02
8.117455989122390747e-02
1.990872770547866821e-01
8.133437037467956543e-01
3.135592937469482422e-01
2.669671773910522461e-01
9.222323894500732422e-01
1.448283791542053223e-01
7.552464604377746582e-01
3.569033443927764893e-01
3.530907630920410156e-01
4.861568808555603027e-01
5.213802456855773926e-01
2.103185951709747314e-01
5.524789094924926758e-01
2.458649724721908569e-01
9.349111914634704590e-01
5.829217433929443359e-01
1.414709538221359253e-01
5.706740617752075195e-01
3.958536982536315918e-01
5.402435064315795898e-01
2.868373990058898926e-01
5.935435295104980469e-01
8.828994631767272949e-02
7.171041518449783325e-02
3.079460859298706055e-01
1.023351624608039856e-01
9.180867671966552734e-01
6.765222549438476562e-01
6.012850403785705566e-01
6.241514682769775391e-01
2.816937305033206940e-02
4.105210304260253906e-01
3.915102779865264893e-01
6.065590307116508484e-02
1.731694340705871582e-01
6.936632394790649414e-01
7.681267857551574707e-01
1.180508062243461609e-01
6.976324915885925293e-01
4.432155787944793701e-01
3.642820417881011963e-01
8.405258059501647949e-01
9.852292537689208984e-01
1.222905740141868591e-01
2.550753653049468994e-01
6.792901456356048584e-02
6.144204139709472656e-01
9.281530380249023438e-01
4.554359912872314453e-01
4.778977632522583008e-01
7.050297260284423828e-01
8.450564742088317871e-01
5.097413659095764160e-01
8.840631246566772461e-01
3.392240107059478760e-01
6.728268265724182129e-01
1.962836682796478271e-01
6.625488996505737305e-01
5.867892503738403320e-01
1.922978758811950684e-01
6.144204139709472656e-01
3.141799569129943848e-02
9.661904722452163696e-02
1.885231882333755493e-01
9.633374810218811035e-01
9.075322747230529785e-01
8.328822255134582520e-01
3.356697857379913330e-01
5.293457508087158203e-01
2.746619880199432373e-01
1.141328662633895874e-01
1.262950897216796875e-01
5.333589911460876465e-01
2.139148861169815063e-01
2.414577268064022064e-02
8.686398863792419434e-01
1.492011547088623047e-01
7.718192338943481445e-01
8.878430724143981934e-01
2.233954817056655884e-01
5.186549574136734009e-02
7.634600400924682617e-01
5.179402232170104980e-01
2.326205223798751831e-01
