1.849106550216674805e-01
9.174879789352416992e-01
9.137279987335205078e-01
3.036281168460845947e-01
3.205757439136505127e-01
1.169296652078628540e-01
5.863100290298461914e-01
2.384870201349258423e-01
1.503171473741531372e-01
9.631708264350891113e-01
8.256315588951110840e-01
7.294715046882629395e-01
1.204270943999290466e-01
9.631705880165100098e-01
3.532789647579193115e-01
6.694025993347167969e-01
2.580657415091991425e-02
6.557809114456176758e-01
7.013182044029235840e-01
9.804768562316894531e-01
3.602314591407775879e-01
1.717859804630279541e-01
8.320083841681480408e-03
5.523417592048645020e-01
6.104607582092285156e-01
6.279223561286926270e-01
8.043057918548583984e-01
5.593084692955017090e-01
4.930376112461090088e-01
5.401584506034851074e-01
2.421482056379318237e-01
2.039500176906585693e-01
4.248136878013610840e-01
4.573394358158111572e-01
7.225486040115356445e-01
7.652841806411743164e-01
1.976917088031768799e-01
2.806813418865203857e-01
7.326827049255371094e-01
5.215052366256713867e-01
9.040832519531250000e-01
6.406894922256469727e-01
6.208915114402770996e-01
5.174552798271179199e-01
9.250643253326416016e-01
5.992199182510375977e-01
6.803187131881713867e-01
3.640797138214111328e-01
9.837106466293334961e-01
7.906387001276016235e-02
9.498665481805801392e-02
8.619269728660583496e-01
9.944477677345275879e-01
8.369040489196777344e-01
8.873467445373535156e-01
7.513390183448791504e-01
1.538601517677307129e-01
7.402986288070678711e-01
1.782811991870403290e-02
5.665006041526794434e-01
3.902980387210845947e-01
4.645832479000091553e-01
6.485233306884765625e-01
8.115353584289550781e-01
6.444079279899597168e-01
8.219215869903564453e-01
8.688253760337829590e-01
8.766103386878967285e-01
2.769798636436462402e-01
4.109389707446098328e-02
4.333083629608154297e-01
5.751683115959167480e-01
6.525518894195556641e-01
6.363940238952636719e-01
7.614104151725769043e-01
5.090523362159729004e-01
3.396166265010833740e-01
6.643689870834350586e-01
6.598893404006958008e-01
6.733114719390869141e-01
5.330922007560729980e-01
1.335744410753250122e-01
1.318780798465013504e-02
8.545867204666137695e-01
2.993849217891693115e-01
9.104618430137634277e-01
7.926176190376281738e-01
3.114808499813079834e-01
2.347765713930130005e-01
2.687257230281829834e-01
4.815073311328887939e-01
2.190249413251876831e-02
3.830612897872924805e-01
1.430804729461669922e-01
7.694121599197387695e-01
8.730196952819824219e-01
6.066159009933471680e-01
4.008478522300720215e-01
5.705797076225280762e-01
2.949328422546386719e-01
3.680183589458465576e-01
9.487830400466918945e-01
3.430290818214416504e-01
8.910080194473266602e-01
2.912273705005645752e-01
7.253435254096984863e-02
4.859746694564819336e-01
8.800480961799621582e-01
1.717859208583831787e-01
2.646130919456481934e-01
1.020325273275375366e-01
3.866195678710937500e-01
7.438886761665344238e-01
7.858122587203979492e-01
8.500293642282485962e-02
6.140970587730407715e-01
5.788900852203369141e-01
7.779499888420104980e-01
9.244476258754730225e-02
5.561346411705017090e-01
3.796305060386657715e-01
5.297166705131530762e-01
6.030892729759216309e-01
3.938639760017395020e-01
3.719232380390167236e-01
4.894374907016754150e-01
3.074594438076019287e-01
9.536237120628356934e-01
1.577187627553939819e-01
1.014454290270805359e-03
2.210097610950469971e-01
4.767982065677642822e-01
2.246554195880889893e-01
4.682457447052001953e-01
4.723218083381652832e-01
3.566932976245880127e-01
3.332029655575752258e-02
4.116345047950744629e-01
2.282385528087615967e-01
2.183254957199096680e-01
5.014166235923767090e-01
1.335744410753250122e-01
5.256736874580383301e-01
6.984636783599853516e-01
6.841024756431579590e-01
2.496176511049270630e-01
4.969665110111236572e-01
2.874743342399597168e-01
7.891809940338134766e-01
4.609432220458984375e-01
7.194173932075500488e-01
4.045788049697875977e-01
1.933428943157196045e-01
5.494812726974487305e-01
2.009284496307373047e-01
8.947191834449768066e-01
9.876623153686523438e-01
9.209993481636047363e-01
3.364055454730987549e-01
6.319384574890136719e-01
4.489938020706176758e-01
8.076652288436889648e-01
9.403041005134582520e-01
2.963337674736976624e-02
1.897228360176086426e-01
7.477117180824279785e-01
7.364432215690612793e-01
8.005332350730895996e-01
3.723073378205299377e-02
1.128469631075859070e-01
5.630396008491516113e-01
5.901770591735839844e-01
8.332093954086303711e-01
4.150279462337493896e-01
7.582488656044006348e-01
3.290363848209381104e-01
8.656047582626342773e-01
1.806965470314025879e-01
7.263644337654113770e-01
4.080916047096252441e-01
8.149741888046264648e-01
7.077723145484924316e-01
5.945998430252075195e-01
2.461968809366226196e-01
5.364235639572143555e-01
6.177450418472290039e-01
7.739143371582031250e-01
2.607834637165069580e-01
4.357969388365745544e-03
1.020325273275375366e-01
5.880694091320037842e-02
6.922056078910827637e-01
8.497244715690612793e-01
4.414764940738677979e-01
9.766896367073059082e-01
5.129196643829345703e-01
4.221116602420806885e-01
7.105387449264526367e-01
8.500293642282485962e-02
9.296692609786987305e-01
6.907370686531066895e-02
1.463474035263061523e-01
5.056481957435607910e-01
9.336282610893249512e-01
8.186402320861816406e-01
1.279307752847671509e-01
9.073078632354736328e-01
2.730090320110321045e-01
4.856372624635696411e-02
7.965110540390014648e-01
6.240513324737548828e-01
3.247523903846740723e-01
5.827393531799316406e-01
5.575897544622421265e-02
6.922055482864379883e-01
8.407387733459472656e-01
9.975088834762573242e-01
1.770864278078079224e-01
2.312710732221603394e-01
2.078661024570465088e-01
8.584704399108886719e-01
7.040485143661499023e-01
4.377566277980804443e-01
1.617670208215713501e-01
3.760750293731689453e-01
9.695773720741271973e-01
2.572515308856964111e-01
3.158953785896301270e-01
4.184896647930145264e-01
7.549929618835449219e-01
9.733928442001342773e-01
8.446319103240966797e-01
1.661871522665023804e-01
6.768336296081542969e-01
3.501033484935760498e-01
1.395169943571090698e-01
4.449266791343688965e-01
9.372934103012084961e-01
5.189656838774681091e-02
2.532858252525329590e-01
3.328600525856018066e-01
8.294659256935119629e-01
2.106518745422363281e-01
2.841071188449859619e-01
9.908664226531982422e-01
8.837773799896240234e-01
3.466657400131225586e-01
9.440629482269287109e-01
4.530437290668487549e-01
4.494743049144744873e-02
7.820522189140319824e-01
7.604517042636871338e-02
1.090051233768463135e-01
9.573744535446166992e-01
1.238106712698936462e-01
3.974714279174804688e-01
