4.910916090011596680e-01
6.869464367628097534e-02
9.699481725692749023e-01
1.395433396100997925e-01
7.759013175964355469e-01
9.053881764411926270e-01
7.190574407577514648e-01
1.799640059471130371e-01
2.187542170286178589e-01
6.535583138465881348e-01
1.278472691774368286e-01
3.749649822711944580e-01
4.310845434665679932e-01
5.108387395739555359e-02
3.265936970710754395e-01
9.404834508895874023e-01
6.656966805458068848e-01
1.136342957615852356e-01
7.988491654396057129e-01
1.766702085733413696e-01
8.818275928497314453e-01
7.459080815315246582e-01
6.984840035438537598e-01
3.680555224418640137e-01
9.775209426879882812e-02
1.319137811660766602e-01
4.754863381385803223e-01
2.491289079189300537e-01
7.708393931388854980e-01
3.716478347778320312e-01
7.589126229286193848e-01
7.299275398254394531e-01
2.735358476638793945e-01
8.396658301353454590e-01
9.852068424224853516e-01
2.417347729206085205e-01
6.625784635543823242e-01
6.427084803581237793e-01
7.054728269577026367e-01
9.926711916923522949e-01
5.514931082725524902e-01
1.168654114007949829e-01
2.522127330303192139e-01
2.034728229045867920e-01
9.794221520423889160e-01
8.926649093627929688e-01
3.616149127483367920e-01
2.102975547313690186e-01
8.205738849937915802e-03
8.136933296918869019e-02
8.320665955543518066e-01
7.508833408355712891e-01
9.128664731979370117e-01
2.842247188091278076e-01
9.447341561317443848e-01
2.285522222518920898e-01
8.361508250236511230e-01
1.353807151317596436e-01
3.991798162460327148e-01
7.246906757354736328e-01
7.695594429969787598e-02
2.873083949089050293e-01
7.839446663856506348e-01
3.785225450992584229e-01
6.770876049995422363e-01
5.949535369873046875e-01
8.689249157905578613e-01
8.952997624874114990e-02
2.339821457862854004e-01
5.161159634590148926e-01
4.365234170109033585e-03
7.872525453567504883e-01
6.876436471939086914e-01
3.643825054168701172e-01
3.817165493965148926e-01
8.969373703002929688e-01
9.535408616065979004e-01
7.246906757354736328e-01
2.625942528247833252e-01
4.461444020271301270e-01
7.302363216876983643e-02
1.829201579093933105e-01
6.950784921646118164e-01
8.533690124750137329e-02
1.205009669065475464e-01
9.385713934898376465e-02
5.812968686223030090e-02
4.784420877695083618e-02
3.497682213783264160e-01
5.605996847152709961e-01
3.148065209388732910e-01
2.769695818424224854e-01
9.658036828041076660e-01
4.006112576462328434e-04
5.728350281715393066e-01
3.858295083045959473e-01
8.026182651519775391e-01
2.070472240447998047e-01
4.061118513345718384e-02
5.371973514556884766e-01
5.879928469657897949e-01
6.180741190910339355e-01
3.148065209388732910e-01
2.667553722858428955e-01
9.816924333572387695e-01
6.529451161623001099e-02
2.575055956840515137e-01
1.576413512229919434e-01
3.991798758506774902e-01
4.086589813232421875e-01
7.382205128669738770e-01
9.893363118171691895e-01
5.212693214416503906e-01
7.549662590026855469e-01
3.265936970710754395e-01
2.147600054740905762e-01
1.616488695144653320e-01
9.287941455841064453e-01
3.886999785900115967e-01
2.229065448045730591e-01
6.060711145401000977e-01
9.493222236633300781e-01
3.327426910400390625e-01
3.399540781974792480e-01
4.465486109256744385e-02
9.367852210998535156e-01
6.841287612915039062e-01
8.542158603668212891e-01
6.218870878219604492e-01
4.672016203403472900e-01
4.638346433639526367e-01
6.593046188354492188e-01
1.436251252889633179e-01
7.020173668861389160e-01
5.161159634590148926e-01
6.299480199813842773e-01
2.988708913326263428e-01
8.234052062034606934e-01
4.947991371154785156e-01
2.909355461597442627e-01
3.043639063835144043e-01
4.495843350887298584e-01
9.621891975402832031e-01
8.462271690368652344e-01
5.439500212669372559e-01
1.159770321100950241e-02
6.105769872665405273e-01
1.735768467187881470e-01
1.693910509347915649e-01
3.929677009582519531e-01
6.732716560363769531e-01
1.240609511733055115e-01
8.194164633750915527e-01
5.065432190895080566e-01
8.656685948371887207e-01
2.971496433019638062e-02
4.429228007793426514e-01
2.285522222518920898e-01
8.716332316398620605e-01
8.502593636512756348e-01
4.605079889297485352e-01
5.239832401275634766e-01
5.668901205062866211e-01
9.009661078453063965e-01
4.711929261684417725e-01
9.578362703323364258e-01
6.259996891021728516e-01
4.345830976963043213e-01
6.145309805870056152e-01
4.530901908874511719e-01
1.010246425867080688e-01
5.109500885009765625e-01
7.124425172805786133e-01
2.601528540253639221e-02
8.161076903343200684e-01
4.136998951435089111e-01
2.804905772209167480e-01
9.239087700843811035e-01
6.916386485099792480e-01
9.095328450202941895e-01
3.209928572177886963e-01
1.528642792254686356e-02
6.802579760551452637e-01
3.714343532919883728e-02
2.695581316947937012e-01
9.967074990272521973e-01
1.856319755315780640e-01
8.619654774665832520e-01
8.118571043014526367e-01
5.030826330184936523e-01
2.248354069888591766e-02
8.887696266174316406e-01
4.797786772251129150e-01
8.849731087684631348e-01
7.927165031433105469e-01
6.693501472473144531e-01
6.019797325134277344e-01
1.543964147567749023e-01
3.432496190071105957e-01
8.582571148872375488e-01
8.053784370422363281e-01
8.091330528259277344e-01
7.342554330825805664e-01
6.484118103981018066e-01
5.802888870239257812e-01
8.278810381889343262e-01
3.344411775469779968e-02
1.470927000045776367e-01
4.839418232440948486e-01
2.460830360651016235e-01
2.947674095630645752e-01
7.419562935829162598e-01
5.982754230499267578e-01
6.484118103981018066e-01
4.228012561798095703e-01
5.568833947181701660e-01
3.084366619586944580e-01
3.465943336486816406e-01
5.482735112309455872e-02
4.043116271495819092e-01
8.425545692443847656e-01
4.871094524860382080e-01
1.999820768833160400e-01
9.193620085716247559e-01
5.767828226089477539e-01
4.272392690181732178e-01
1.510253548622131348e-01
1.972381323575973511e-01
5.839983224868774414e-01
4.182730615139007568e-01
2.575055956840515137e-01
1.049207597970962524e-01
5.403237938880920410e-01
4.388333857059478760e-01
6.181421130895614624e-02
1.093907356262207031e-01
4.989630579948425293e-01
4.564552009105682373e-01
7.632094025611877441e-01
5.668901205062866211e-01
7.152957320213317871e-01
7.801524400711059570e-01
7.927165031433105469e-01
5.911154747009277344e-01
5.476022958755493164e-01
7.086704373359680176e-01
3.525808155536651611e-01
1.900929957628250122e-02
1.651621311902999878e-01
6.387652158737182617e-01
9.326076507568359375e-01
9.158618450164794922e-01
3.367397785186767578e-01
7.668356895446777344e-01
6.343933343887329102e-01
2.377370893955230713e-01
