9.634332060813903809e-01
9.603728055953979492e-01
1.698824614286422729e-01
1.594005823135375977e-01
5.431793928146362305e-01
2.868255674839019775e-01
5.041210651397705078e-01
6.021413803100585938e-01
2.672768533229827881e-01
7.388070821762084961e-01
8.314555287361145020e-01
6.846415996551513672e-01
8.816151022911071777e-01
9.272268414497375488e-01
3.157950341701507568e-01
2.240633070468902588e-01
2.392816692590713501e-01
6.289077401161193848e-01
7.592284679412841797e-02
7.590280175209045410e-01
9.835307598114013672e-01
4.487718343734741211e-01
8.117568492889404297e-01
1.872473359107971191e-01
6.057690382003784180e-01
1.521879285573959351e-01
6.934610009193420410e-01
8.690231442451477051e-01
2.943114042282104492e-01
3.041677176952362061e-01
9.549116343259811401e-02
6.688384413719177246e-01
9.878137707710266113e-01
2.601370215415954590e-01
2.985436916351318359e-01
5.351318717002868652e-01
9.798448681831359863e-01
2.314987629652023315e-01
9.861383587121963501e-03
4.223380386829376221e-01
8.750396966934204102e-01
6.250840425491333008e-01
5.306999087333679199e-01
4.794289544224739075e-02
4.179295003414154053e-01
3.882411718368530273e-01
5.501026511192321777e-01
7.967899441719055176e-01
5.649493932723999023e-01
2.886847034096717834e-02
6.443381309509277344e-01
5.950966477394104004e-01
5.099940299987792969e-01
5.171710252761840820e-01
2.747192978858947754e-01
2.274091839790344238e-01
6.177409887313842773e-01
6.136044263839721680e-01
5.467401146888732910e-01
1.800909936428070068e-01
5.760782212018966675e-02
3.245052695274353027e-01
6.353322863578796387e-01
8.354690670967102051e-01
2.847876846790313721e-01
3.174117580056190491e-02
1.293055713176727295e-01
3.393626511096954346e-01
4.021412134170532227e-01
4.924693107604980469e-01
2.141671031713485718e-01
5.916011333465576172e-01
7.558491230010986328e-01
2.533405423164367676e-01
3.813395202159881592e-01
5.136303231120109558e-02
5.762357711791992188e-01
9.461442232131958008e-01
9.999758601188659668e-01
4.411188662052154541e-01
7.788710594177246094e-01
4.056300520896911621e-01
6.521359682083129883e-01
9.307528138160705566e-01
1.626909822225570679e-01
8.750396966934204102e-01
6.649127602577209473e-01
6.323580145835876465e-01
9.762257933616638184e-01
7.858996987342834473e-01
6.811180710792541504e-02
1.195115745067596436e-01
2.498082816600799561e-01
2.985436916351318359e-01
7.655929327011108398e-01
7.151972055435180664e-01
4.623403549194335938e-01
1.331835091114044189e-01
9.360994100570678711e-01
3.599128425121307373e-01
7.311200499534606934e-01
3.349948227405548096e-01
4.558049738407135010e-01
9.549116343259811401e-02
4.881177842617034912e-01
2.636842131614685059e-01
3.920823037624359131e-01
6.557382345199584961e-01
4.745330810546875000e-01
6.487481594085693359e-01
4.336032271385192871e-01
7.927943468093872070e-01
2.356283515691757202e-01
9.039247035980224609e-01
2.508740872144699097e-02
1.075759381055831909e-01
5.210791826248168945e-01
8.049554228782653809e-01
7.524263262748718262e-01
4.436256363987922668e-02
4.374800622463226318e-01
8.439782857894897461e-01
3.284752070903778076e-01
4.812368154525756836e-01
3.560044467449188232e-01
8.964753150939941406e-01
5.883017778396606445e-01
4.011363536119461060e-02
6.974563598632812500e-01
7.430363893508911133e-01
6.891844272613525391e-01
5.264217257499694824e-01
5.760782584547996521e-02
8.083210587501525879e-01
4.136035144329071045e-01
8.619914650917053223e-01
9.235232472419738770e-01
1.046109870076179504e-01
9.533504247665405273e-01
1.556634157896041870e-01
8.471084237098693848e-01
7.346603274345397949e-01
5.394019484519958496e-01
4.965348541736602783e-01
2.141671031713485718e-01
8.226698040962219238e-01
9.116789102554321289e-01
8.153163194656372070e-01
5.099940299987792969e-01
4.652318358421325684e-01
4.264690279960632324e-01
3.478591740131378174e-01
3.747593164443969727e-01
6.883461028337478638e-03
2.085120230913162231e-01
9.719954133033752441e-01
3.988803029060363770e-01
8.858749866485595703e-01
9.968855381011962891e-01
1.730995625257492065e-01
1.763144284486770630e-01
1.152483969926834106e-01
8.538240790367126465e-01
7.038105726242065430e-01
7.180380076169967651e-02
8.919798731803894043e-01
4.450954794883728027e-01
9.077041149139404297e-01
5.722333788871765137e-01
4.520342350006103516e-01
6.445608288049697876e-02
5.543763637542724609e-01
5.003045797348022461e-01
5.617778897285461426e-01
1.297473534941673279e-02
2.779292166233062744e-01
4.096982479095458984e-01
7.942755520343780518e-02
1.995796859264373779e-01
7.825515270233154297e-01
1.478244364261627197e-01
1.402055472135543823e-01
1.440732479095458984e-01
7.234731316566467285e-01
9.567797183990478516e-01
4.304045736789703369e-01
1.662196069955825806e-01
3.847554028034210205e-01
5.584616065025329590e-01
9.153403043746948242e-01
3.543696552515029907e-02
4.588080942630767822e-01
2.139703556895256042e-02
9.195358157157897949e-01
3.318399786949157715e-01
2.460227161645889282e-01
3.706776201725006104e-01
7.760466337203979492e-01
8.578678369522094727e-01
1.834771335124969482e-01
3.669446110725402832e-01
9.005053043365478516e-01
7.894780039787292480e-01
1.702694408595561981e-02
3.441058993339538574e-01
6.216171979904174805e-01
7.005555033683776855e-01
1.264184117317199707e-01
5.844716429710388184e-01
7.072516679763793945e-01
9.497599601745605469e-01
7.275592088699340820e-01
3.519197404384613037e-01
9.923000931739807129e-01
3.203361332416534424e-01
8.010875582695007324e-01
9.676480889320373535e-01
8.655131459236145020e-01
3.119189441204071045e-01
7.621358036994934082e-01
2.565401196479797363e-01
1.111978888511657715e-01
3.636256158351898193e-01
8.237203210592269897e-02
4.844911992549896240e-01
7.106332778930664062e-01
6.807413101196289062e-01
1.368254572153091431e-01
1.226306334137916565e-01
5.801613330841064453e-01
6.770332455635070801e-01
3.957065641880035400e-01
2.041565775871276855e-01
8.393167257308959961e-01
2.198951840400695801e-01
8.267149925231933594e-01
2.430243939161300659e-01
2.710300385951995850e-01
3.777558505535125732e-01
8.188201785087585449e-01
1.915065050125122070e-01
9.360994100570678711e-01
4.779320657253265381e-01
5.985594391822814941e-01
1.954940259456634521e-01
3.079809248447418213e-01
1.007033884525299072e-01
6.733984351158142090e-01
7.193526029586791992e-01
3.303647041320800781e-03
5.682781338691711426e-01
2.814177870750427246e-01
6.600883603096008301e-01
8.502906560897827148e-01
7.475394606590270996e-01
6.097949743270874023e-01
