5.400919318199157715e-01
8.164126276969909668e-01
3.043991923332214355e-01
7.978432774543762207e-01
8.324797153472900391e-01
2.461201250553131104e-01
4.785690605640411377e-01
5.218347907066345215e-01
1.005767062306404114e-01
9.081929326057434082e-01
6.337190270423889160e-01
5.308569222688674927e-02
2.807420194149017334e-01
6.757382750511169434e-01
5.957674384117126465e-01
7.640336155891418457e-01
5.182091593742370605e-01
8.359029293060302734e-01
9.140803217887878418e-01
7.584885358810424805e-01
9.477128386497497559e-01
2.908281683921813965e-01
1.413425654172897339e-01
2.688563764095306396e-01
9.280259013175964355e-01
6.531187295913696289e-01
7.825425863265991211e-01
8.093883991241455078e-01
9.560829401016235352e-01
3.424623608589172363e-01
5.897276401519775391e-01
4.650626480579376221e-01
6.195613145828247070e-01
3.592094182968139648e-01
4.347701668739318848e-01
4.196939468383789062e-01
3.998914659023284912e-01
5.147453546524047852e-01
5.329138636589050293e-01
8.437324762344360352e-01
3.155297338962554932e-01
3.860180675983428955e-01
1.181463971734046936e-01
5.435777306556701660e-01
8.226035237312316895e-01
6.438984870910644531e-01
1.116824522614479065e-01
3.088390827178955078e-01
2.622447907924652100e-01
4.586434736847877502e-02
9.868883490562438965e-01
4.991575479507446289e-01
2.398013472557067871e-01
3.525812625885009766e-01
1.043992191553115845e-01
1.795982867479324341e-01
8.124985098838806152e-01
8.829706907272338867e-01
4.829540550708770752e-01
8.523302674293518066e-01
3.925854265689849854e-01
6.606304049491882324e-01
9.972113966941833496e-01
1.630088984966278076e-01
5.663250088691711426e-01
5.627704858779907227e-01
2.090513408184051514e-01
4.742492139339447021e-01
6.570656299591064453e-01
5.596837997436523438e-01
7.491076588630676270e-01
6.371166706085205078e-01
4.042981564998626709e-01
7.676767110824584961e-01
9.399917721748352051e-01
1.243794560432434082e-01
2.573683559894561768e-01
1.529721021652221680e-01
1.494143605232238770e-01
9.762964248657226562e-01
1.570829749107360840e-01
9.207416772842407227e-01
8.861752748489379883e-01
2.312631011009216309e-01
6.167051792144775391e-01
4.617579281330108643e-01
5.737426877021789551e-01
5.254204273223876953e-01
3.356476128101348877e-01
2.841070294380187988e-01
3.777711838483810425e-02
6.480572223663330078e-01
6.673929691314697266e-01
9.110332131385803223e-01
3.622210621833801270e-01
9.798534512519836426e-01
8.652817606925964355e-01
1.729422807693481445e-01
8.762052655220031738e-01
8.061405420303344727e-01
6.260638236999511719e-01
4.049889743328094482e-03
6.729759275913238525e-02
2.660147249698638916e-01
9.904308319091796875e-01
2.015877664089202881e-01
5.697987675666809082e-01
5.508077144622802734e-01
9.360330700874328613e-01
4.507951140403747559e-01
7.713231444358825684e-01
6.848304867744445801e-01
1.236314605921506882e-02
1.874891072511672974e-01
1.983543038368225098e-01
5.871709436178207397e-02
8.684263229370117188e-01
7.754022479057312012e-01
4.898339137434959412e-02
6.260638833045959473e-01
9.515579938888549805e-01
4.424651265144348145e-01
4.914059937000274658e-01
3.464350700378417969e-01
8.762052059173583984e-01
2.157424390316009521e-02
6.716566681861877441e-01
2.049869596958160400e-01
4.386879205703735352e-01
4.695338606834411621e-01
7.935886979103088379e-01
6.099109053611755371e-01
1.760141700506210327e-01
3.203556537628173828e-01
4.164727404713630676e-02
3.740015029907226562e-01
9.829716682434082031e-01
7.148177623748779297e-01
6.804665327072143555e-01
7.093830108642578125e-01
2.503882348537445068e-01
7.417470812797546387e-01
8.730196952819824219e-02
6.927620172500610352e-01
6.129401326179504395e-01
4.952063262462615967e-01
4.540342986583709717e-01
5.292246341705322266e-01
4.580614566802978516e-01
5.468694567680358887e-01
8.281924724578857422e-01
1.379586458206176758e-01
5.871709436178207397e-02
4.870940148830413818e-01
3.525812625885009766e-01
3.778616786003112793e-01
2.172108652302995324e-04
1.692753583192825317e-01
8.894162774085998535e-01
7.010948061943054199e-01
1.204757541418075562e-01
3.371435031294822693e-02
3.281557857990264893e-01
9.321658313274383545e-02
9.172685742378234863e-01
5.553875565528869629e-01
7.377686500549316406e-01
3.681603968143463135e-01
5.863786935806274414e-01
9.632837176322937012e-01
4.166525602340698242e-01
1.912643015384674072e-01
2.278105467557907104e-01
1.310371756553649902e-01
8.020219802856445312e-01
3.681603968143463135e-01
1.835925728082656860e-01
7.852424979209899902e-01
7.893628478050231934e-01
2.572636120021343231e-02
9.696245938539505005e-02
7.584885358810424805e-01
3.396987915039062500e-01
4.271271824836730957e-01
7.148178219795227051e-01
8.962451815605163574e-01
4.226697385311126709e-01
2.126719951629638672e-01
7.053520083427429199e-01
4.106364846229553223e-01
8.310546167194843292e-03
1.148961707949638367e-01
9.319454431533813477e-01
5.925558805465698242e-01
6.387676298618316650e-02
4.308993518352508545e-01
3.895379900932312012e-01
1.630088984966278076e-01
2.993018031120300293e-01
3.241528868675231934e-01
9.240997433662414551e-01
7.273162007331848145e-01
7.243175506591796875e-01
6.963412761688232422e-01
8.429385721683502197e-02
8.615378737449645996e-01
1.948485821485519409e-01
5.987038016319274902e-01
8.572387695312500000e-01
3.321057558059692383e-01
2.573683559894561768e-01
7.200865745544433594e-01
9.736884236335754395e-01
5.109813213348388672e-01
7.790938019752502441e-01
2.874460518360137939e-01
7.457385659217834473e-01
5.035017728805541992e-01
9.700192809104919434e-01
8.399984836578369141e-01
7.673297822475433350e-02
8.048079907894134521e-02
9.005509316921234131e-02
1.453649848699569702e-01
7.326916605234146118e-02
2.166084051132202148e-01
3.816907703876495361e-01
9.598928689956665039e-01
4.469276070594787598e-01
4.078440666198730469e-01
2.201738655567169189e-01
7.530049085617065430e-01
2.398013472557067871e-01
9.671769142150878906e-01
8.226035237312316895e-01
9.439778327941894531e-01
2.346046864986419678e-01
2.238764315843582153e-01
2.983762696385383606e-02
5.364553332328796387e-01
1.721557974815368652e-02
8.930290341377258301e-01
7.347418069839477539e-01
5.823647975921630859e-01
9.935271739959716797e-01
3.965600728988647461e-01
6.643897891044616699e-01
6.406722664833068848e-01
2.942799627780914307e-01
3.120921254158020020e-01
1.310371756553649902e-01
5.778383612632751465e-01
6.885825395584106445e-01
1.077654808759689331e-01
5.070692896842956543e-01
8.478068709373474121e-01
