5.345014929771423340e-01
3.963297605514526367e-01
2.110399901866912842e-01
5.026609301567077637e-01
8.677247762680053711e-01
9.557836651802062988e-01
4.053301215171813965e-01
7.896734476089477539e-01
3.366554677486419678e-01
3.029647469520568848e-01
8.943293094635009766e-01
9.360698461532592773e-01
9.769029021263122559e-01
3.925781846046447754e-01
9.513709545135498047e-01
8.310478180646896362e-02
4.491249620914459229e-01
3.971821069717407227e-02
9.735289812088012695e-01
9.275093674659729004e-01
3.612941503524780273e-01
7.192780971527099609e-01
3.492783308029174805e-01
2.081230580806732178e-01
5.745902657508850098e-01
2.952748835086822510e-01
3.458529412746429443e-01
8.785975575447082520e-01
3.649757802486419678e-01
4.384793639183044434e-01
7.813558578491210938e-01
6.215848922729492188e-01
5.715810656547546387e-01
7.336688041687011719e-01
8.830285072326660156e-01
8.047478199005126953e-01
1.991661936044692993e-01
7.979000806808471680e-01
2.395543158054351807e-01
6.975872516632080078e-01
3.205553889274597168e-01
2.898748517036437988e-01
4.633308351039886475e-01
9.203663468360900879e-01
6.807498335838317871e-01
8.603480458259582520e-01
6.368595957756042480e-01
5.909644961357116699e-01
8.199472427368164062e-01
3.164121210575103760e-01
8.125174045562744141e-01
7.936972379684448242e-01
1.499947607517242432e-01
5.786516666412353516e-01
2.986019253730773926e-01
1.127668470144271851e-01
2.427641302347183228e-01
2.676851451396942139e-01
3.804677724838256836e-01
6.628848314285278320e-01
2.639808058738708496e-01
1.700075417757034302e-01
1.085697263479232788e-01
6.135486364364624023e-01
8.159314393997192383e-01
6.520919799804687500e-01
5.866034626960754395e-01
6.180314421653747559e-01
6.856352090835571289e-01
4.675224125385284424e-01
5.060158371925354004e-01
9.390794485807418823e-02
6.260275840759277344e-01
9.666955471038818359e-01
7.125739455223083496e-01
8.011107444763183594e-01
8.872624039649963379e-01
1.841073483228683472e-01
9.697232246398925781e-01
1.171174943447113037e-01
4.110278487205505371e-01
8.383699655532836914e-01
7.548418045043945312e-01
5.148484110832214355e-01
8.644371032714843750e-01
3.125828206539154053e-01
1.379810273647308350e-01
3.329308629035949707e-01
1.346331238746643066e-01
8.239678144454956055e-01
8.379404433071613312e-03
1.808955371379852295e-01
5.384356379508972168e-01
4.876054823398590088e-01
6.164184212684631348e-02
3.287314474582672119e-01
4.562363922595977783e-01
7.533107697963714600e-02
5.944757461547851562e-01
1.907062903046607971e-02
7.477518916130065918e-01
3.397617340087890625e-01
1.423816680908203125e-01
8.709920644760131836e-01
4.142674207687377930e-01
9.114257693290710449e-01
7.307632565498352051e-01
8.469506502151489258e-01
5.509080365300178528e-02
4.840005040168762207e-01
1.872857660055160522e-01
3.079272210597991943e-01
8.509527444839477539e-01
1.659461408853530884e-01
7.583850026130676270e-01
8.879666030406951904e-02
7.205022871494293213e-02
5.655736327171325684e-01
1.212354674935340881e-01
4.952244460582733154e-01
1.574563831090927124e-01
7.223525047302246094e-01
3.429111540317535400e-01
3.848706781864166260e-01
1.244924291968345642e-01
1.526839006692171097e-02
1.912386864423751831e-01
5.275602340698242188e-01
3.998303413391113281e-01
5.187308192253112793e-01
9.946427345275878906e-01
4.349238872528076172e-01
3.750419616699218750e-01
9.946427345275878906e-01
6.894173622131347656e-01
2.388302609324455261e-02
5.525310635566711426e-01
7.925176620483398438e-02
9.633579850196838379e-01
8.278616070747375488e-01
9.314987659454345703e-01
4.311384856700897217e-01
2.498914301395416260e-01
4.352694004774093628e-02
8.980384469032287598e-01
5.683059096336364746e-01
1.461372077465057373e-01
1.007782742381095886e-01
5.489641427993774414e-01
7.745359539985656738e-01
2.708491683006286621e-01
7.409794330596923828e-01
4.760333299636840820e-01
4.124094266444444656e-03
8.879666030406951904e-02
6.688611507415771484e-01
3.750419616699218750e-01
5.418637394905090332e-01
2.197932302951812744e-01
6.771439909934997559e-01
7.745359539985656738e-01
2.808093652129173279e-02
9.141701459884643555e-01
3.241735398769378662e-01
2.328774929046630859e-01
9.883332252502441406e-01
9.595733284950256348e-01
9.846718311309814453e-01
7.049707770347595215e-01
2.898748517036437988e-01
7.506445646286010742e-01
6.480044722557067871e-01
8.553946614265441895e-01
8.743757605552673340e-01
4.273625016212463379e-01
6.594780683517456055e-01
3.531698882579803467e-01
9.473416805267333984e-01
5.556873679161071777e-01
1.535326540470123291e-01
7.441875338554382324e-01
4.993548989295959473e-01
2.617453634738922119e-01
2.197932302951812744e-01
8.086674809455871582e-01
6.864091753959655762e-02
8.425636887550354004e-01
1.311559230089187622e-01
2.361793518066406250e-01
1.777872592210769653e-01
1.189769618213176727e-02
2.796704471111297607e-01
8.314166069030761719e-01
6.300010681152343750e-01
1.742218285799026489e-01
6.436645984649658203e-01
2.148285806179046631e-01
9.404198527336120605e-01
8.908149003982543945e-01
9.170607924461364746e-01
5.217752456665039062e-01
5.823866724967956543e-01
2.528771758079528809e-01
6.051471233367919922e-01
5.458506345748901367e-01
1.618497073650360107e-01
7.652168869972229004e-01
2.461206763982772827e-01
9.010391235351562500e-01
9.997566342353820801e-01
7.016159892082214355e-01
1.276659816503524780e-01
9.746704250574111938e-02
9.437727332115173340e-01
4.417448937892913818e-01
5.275602340698242188e-01
3.688236773014068604e-01
2.749058306217193604e-01
6.935695409774780273e-01
4.491249620914459229e-01
5.980211496353149414e-01
6.404707431793212891e-01
6.332017183303833008e-01
4.579641297459602356e-02
3.688907250761985779e-02
6.528959423303604126e-02
7.624181509017944336e-01
5.101599097251892090e-01
2.830088138580322266e-01
7.373543977737426758e-01
6.688612103462219238e-01
4.916958212852478027e-01
5.799501389265060425e-02
2.038291394710540771e-01
4.799187481403350830e-01
1.950858682394027710e-01
3.888011574745178223e-01
4.715529382228851318e-01
2.293110489845275879e-01
4.594864249229431152e-01
9.813204407691955566e-01
3.572825193405151367e-01
4.053300023078918457e-01
7.689520120620727539e-01
2.252733111381530762e-01
8.349922299385070801e-01
7.092610001564025879e-01
6.559745073318481445e-01
1.049223467707633972e-01
6.088265776634216309e-01
7.855708599090576172e-01
7.157126069068908691e-01
9.232959747314453125e-01
3.306964784860610962e-02
6.017770171165466309e-01
4.168389439582824707e-01
