2.433454990386962891e-01
9.891669750213623047e-01
4.860827624797821045e-01
6.467123627662658691e-01
6.619788408279418945e-01
4.003019630908966064e-01
2.701342999935150146e-01
8.788796067237854004e-01
4.583218693733215332e-01
5.557528138160705566e-01
1.266316324472427368e-01
5.374395847320556641e-01
5.444892048835754395e-01
7.601296901702880859e-01
2.959629893302917480e-01
7.060435414314270020e-01
2.066379636526107788e-01
9.566358923912048340e-01
3.521699309349060059e-01
1.305240988731384277e-01
1.336148679256439209e-01
9.364632368087768555e-01
8.979954570531845093e-02
6.085599064826965332e-01
4.514822363853454590e-01
8.675097823143005371e-01
5.598896741867065430e-01
5.113337039947509766e-01
7.901467084884643555e-01
1.692396216094493866e-02
9.645320177078247070e-01
1.365264952182769775e-01
3.042232692241668701e-01
6.950439214706420898e-01
1.187711879611015320e-01
7.266355212777853012e-03
3.113970160484313965e-01
4.786077141761779785e-01
5.753462314605712891e-01
7.673870921134948730e-01
1.609210222959518433e-01
6.844806671142578125e-01
2.893714606761932373e-01
9.833623170852661133e-01
5.759214982390403748e-04
7.312828898429870605e-01
3.083996772766113281e-01
3.748060464859008789e-01
8.709004521369934082e-01
6.578682661056518555e-01
8.901143074035644531e-01
4.255999028682708740e-01
7.388322949409484863e-01
3.864120543003082275e-01
2.760934531688690186e-01
8.457890152931213379e-01
6.154624819755554199e-01
4.406262636184692383e-01
7.126919031143188477e-01
5.644939541816711426e-01
5.784965753555297852e-01
7.159196138381958008e-01
7.512738108634948730e-01
2.848136425018310547e-02
2.370966523885726929e-01
6.120042204856872559e-01
5.479484796524047852e-01
1.079984158277511597e-01
2.531124353408813477e-01
1.979664713144302368e-01
6.408061385154724121e-01
8.989972472190856934e-01
8.419224023818969727e-01
6.673856824636459351e-02
3.351610004901885986e-01
2.495951503515243530e-01
9.699721634387969971e-02
9.891669750213623047e-01
8.245192170143127441e-01
4.028530791401863098e-02
4.901471734046936035e-01
3.575434386730194092e-01
7.057507336139678955e-02
5.975410342216491699e-01
4.747612178325653076e-01
8.206080198287963867e-01
1.147514358162879944e-01
3.011122345924377441e-01
9.770934581756591797e-01
2.141220867633819580e-01
2.073231339454650879e-02
4.824204742908477783e-01
8.750459551811218262e-01
8.088496923446655273e-01
2.921949625015258789e-01
8.601496219635009766e-01
6.282334327697753906e-01
4.292979538440704346e-01
6.731410026550292969e-01
5.942487120628356934e-01
2.595934271812438965e-01
7.992067337036132812e-01
8.471653610467910767e-02
2.842965126037597656e-01
7.024657726287841797e-01
9.323148131370544434e-01
3.292425349354743958e-02
6.770315766334533691e-01
6.657369136810302734e-01
8.570536375045776367e-01
7.351654171943664551e-01
2.179631888866424561e-01
6.541230082511901855e-01
9.312032163143157959e-02
3.314550817012786865e-01
3.183934986591339111e-01
6.314442753791809082e-01
1.480302065610885620e-01
6.408061385154724121e-01
7.461284101009368896e-02
8.529782295227050781e-01
8.941149711608886719e-01
3.939420878887176514e-01
8.863530158996582031e-01
1.864400953054428101e-01
4.367563724517822266e-01
1.833196878433227539e-01
8.641108870506286621e-01
6.016734242439270020e-01
5.679065585136413574e-01
6.693007946014404297e-01
5.517787337303161621e-01
2.659670114517211914e-01
3.704640567302703857e-01
4.042798578739166260e-01
6.354090571403503418e-01
5.110674351453781128e-02
3.218021988868713379e-01
7.429020404815673828e-01
3.664950728416442871e-01
1.793752759695053101e-01
5.517096444964408875e-02
3.781969249248504639e-01
2.479080669581890106e-02
1.229164451360702515e-01
7.271393537521362305e-01
7.090183496475219727e-01
4.092479944229125977e-01
9.603044390678405762e-01
5.252755880355834961e-01
7.871603965759277344e-01
1.900158673524856567e-01
7.820941805839538574e-01
3.684061765670776367e-02
8.128305673599243164e-01
6.225782036781311035e-01
2.564750611782073975e-01
1.676077246665954590e-01
1.941334754228591919e-01
6.049085259437561035e-01
7.797904312610626221e-02
2.226658165454864502e-01
6.988501548767089844e-01
4.326661527156829834e-01
4.092479944229125977e-01
9.947047829627990723e-01
2.335478961467742920e-01
7.711517810821533203e-01
3.396922945976257324e-01
8.826124668121337891e-01
4.942228794097900391e-01
3.973754048347473145e-01
9.157412648200988770e-01
4.155720174312591553e-01
8.281788825988769531e-01
1.444139480590820312e-01
5.715932846069335938e-01
5.308051109313964844e-01
5.846353769302368164e-01
1.389416586607694626e-02
5.019661784172058105e-01
8.314863443374633789e-01
5.846353769302368164e-01
4.409073665738105774e-02
2.269187718629837036e-01
8.349993228912353516e-01
2.401478439569473267e-01
2.630996704101562500e-01
7.471799850463867188e-01
9.088819622993469238e-01
4.614591002464294434e-01
2.842965126037597656e-01
4.708736240863800049e-01
2.102864980697631836e-01
9.804105162620544434e-01
7.943872213363647461e-01
3.617684841156005859e-01
8.147599548101425171e-02
5.897282436490058899e-02
3.440071940422058105e-01
6.290798634290695190e-02
2.022678107023239136e-01
3.898237645626068115e-01
5.064573884010314941e-01
4.672003388404846191e-01
7.560574412345886230e-01
4.640189707279205322e-01
5.187094807624816895e-01
1.041369047015905380e-02
5.900729298591613770e-01
2.307922393083572388e-01
4.441550970077514648e-01
8.040322065353393555e-01
4.766039922833442688e-02
9.437087178230285645e-01
7.228139638900756836e-01
1.043847948312759399e-01
8.167579174041748047e-01
9.127657413482666016e-01
3.484907448291778564e-01
3.144073188304901123e-01
4.475842118263244629e-01
4.981200098991394043e-01
1.558501422405242920e-01
9.975342750549316406e-01
9.400357007980346680e-01
4.224166274070739746e-01
6.881616115570068359e-01
9.480369091033935547e-01
7.636054158210754395e-01
8.386363983154296875e-01
2.760934531688690186e-01
6.917461156845092773e-01
9.523463845252990723e-01
7.192137837409973145e-01
1.403376013040542603e-01
4.189954102039337158e-01
9.043004512786865234e-01
9.725635647773742676e-01
1.011073812842369080e-01
1.754850298166275024e-01
1.111049130558967590e-01
8.490948081016540527e-01
2.464637607336044312e-01
1.641686707735061646e-01
4.547115564346313477e-01
6.808719038963317871e-01
6.190072894096374512e-01
5.221549272537231445e-01
1.558502018451690674e-01
5.152185559272766113e-01
3.509027184918522835e-03
9.686878919601440430e-01
6.506275534629821777e-01
9.289020299911499023e-01
5.406862497329711914e-01
