6.621306538581848145e-01
6.268173456192016602e-01
6.432371735572814941e-01
5.496743321418762207e-01
9.578068256378173828e-01
8.602857589721679688e-01
4.274832010269165039e-01
8.191414475440979004e-01
4.972933828830718994e-01
9.633432030677795410e-01
5.107944011688232422e-01
2.913233637809753418e-01
3.158990144729614258e-01
6.336784958839416504e-01
2.984677255153656006e-01
1.834756135940551758e-01
1.055127978324890137e-01
6.678668260574340820e-01
4.667320251464843750e-01
1.255520582199096680e-01
7.129506021738052368e-02
5.625402331352233887e-01
2.314995378255844116e-01
8.347477763891220093e-02
7.117647528648376465e-01
3.242347240447998047e-01
8.566252589225769043e-01
8.939220309257507324e-01
3.892014026641845703e-01
1.367197036743164062e-01
4.585687518119812012e-01
3.702651560306549072e-01
2.351296693086624146e-01
4.890673607587814331e-02
3.735895827412605286e-02
2.034759223461151123e-01
5.742526650428771973e-01
8.976063728332519531e-01
4.001840651035308838e-01
5.291119813919067383e-01
4.389064311981201172e-01
4.729695152491331100e-03
5.328770279884338379e-01
2.571305930614471436e-01
1.782904751598834991e-02
9.973694682121276855e-01
9.841701388359069824e-02
3.513123691082000732e-01
8.349823951721191406e-01
7.039785385131835938e-01
3.965690732002258301e-01
5.461024641990661621e-01
6.887716054916381836e-01
5.248533561825752258e-02
4.903405010700225830e-01
1.909898370504379272e-01
1.740088909864425659e-01
4.179672598838806152e-01
3.764511048793792725e-01
8.147845268249511719e-01
6.511801481246948242e-01
7.264991402626037598e-01
6.395857930183410645e-01
3.636408448219299316e-01
8.874004124663770199e-04
9.719423055648803711e-01
3.106226027011871338e-01
3.066863417625427246e-01
9.935427904129028320e-01
6.587542295455932617e-01
2.448018193244934082e-01
6.165765523910522461e-01
2.503442466259002686e-01
3.555965125560760498e-01
4.048373699188232422e-01
9.089823365211486816e-01
3.932664692401885986e-01
1.331570893526077271e-01
4.547500312328338623e-01
5.865114331245422363e-01
7.774415016174316406e-01
5.689121484756469727e-01
8.227347731590270996e-01
2.112372666597366333e-01
8.021502494812011719e-01
9.138273596763610840e-01
5.043838024139404297e-01
4.093023538589477539e-01
7.948963046073913574e-01
8.773621320724487305e-01
5.079041719436645508e-01
1.134584173560142517e-01
3.362282514572143555e-01
2.071871012449264526e-01
7.803383469581604004e-01
9.793879985809326172e-01
8.264467716217041016e-01
6.014032959938049316e-01
5.908371210098266602e-01
6.094620823860168457e-01
8.101565837860107422e-01
6.406728923320770264e-02
7.173010110855102539e-01
9.211004376411437988e-01
7.552318572998046875e-01
8.487510681152343750e-01
5.546435117721557617e-01
9.530900418758392334e-02
9.155284613370895386e-02
3.702651560306549072e-01
4.778002202510833740e-01
1.367677375674247742e-02
7.628666758537292480e-01
3.594195246696472168e-01
9.279349446296691895e-01
1.094323471188545227e-01
4.514126181602478027e-01
7.493218183517456055e-01
2.808828055858612061e-01
9.177073240280151367e-01
9.827247262001037598e-01
7.074317932128906250e-01
2.272964715957641602e-01
1.985233873128890991e-01
4.415310919284820557e-01
3.843209147453308105e-01
5.686293542385101318e-02
5.585663318634033203e-01
7.296405434608459473e-01
5.785468816757202148e-01
6.925976872444152832e-01
4.869781434535980225e-01
4.250119924545288086e-01
3.430542647838592529e-01
4.177820309996604919e-02
1.402880251407623291e-01
2.514321729540824890e-02
6.365920901298522949e-01
9.247224926948547363e-01
8.853939175605773926e-01
9.318147897720336914e-01
3.470509052276611328e-01
7.666549086570739746e-01
6.301926374435424805e-01
9.864942431449890137e-01
2.175284735858440399e-02
6.233656406402587891e-01
2.189065814018249512e-01
9.487465023994445801e-01
7.385768890380859375e-01
3.198046684265136719e-01
6.129959821701049805e-01
7.847943902015686035e-02
5.941146016120910645e-01
1.439984887838363647e-01
5.980807542800903320e-01
4.138688147068023682e-01
7.702696323394775391e-01
6.053263694047927856e-02
8.813520669937133789e-01
6.469315290451049805e-01
4.630384743213653564e-01
9.633432030677795410e-01
9.428248405456542969e-01
1.622560620307922363e-01
1.693111360073089600e-01
5.401678681373596191e-01
5.401678681373596191e-01
6.816534399986267090e-01
4.549077153205871582e-02
5.141599774360656738e-01
5.689121484756469727e-01
4.702526628971099854e-01
2.808828055858612061e-01
6.857026219367980957e-01
9.007932543754577637e-01
8.788921684026718140e-02
2.944177389144897461e-01
8.639674186706542969e-01
8.060938119888305664e-01
5.816252827644348145e-01
9.899682402610778809e-01
9.392533302307128906e-01
8.386853933334350586e-01
5.009542107582092285e-01
8.305895328521728516e-01
5.176119804382324219e-01
6.552582979202270508e-01
6.741685867309570312e-01
6.981760859489440918e-01
1.173274591565132141e-01
5.247052907943725586e-01
5.211890935897827148e-01
7.173010110855102539e-01
2.233346253633499146e-01
1.022347956895828247e-01
9.755654931068420410e-01
4.827106595039367676e-01
8.526764512062072754e-01
1.296834945678710938e-01
7.922515869140625000e-01
2.392658293247222900e-01
4.737269282341003418e-01
1.212571412324905396e-01
9.354181885719299316e-01
1.591509431600570679e-01
9.286468848586082458e-03
9.511609673500061035e-01
2.150045484304428101e-01
7.552318572998046875e-01
3.321432471275329590e-01
4.446514844894409180e-01
9.686605930328369141e-01
4.934410154819488525e-01
1.873374432325363159e-01
7.987666726112365723e-01
9.048466682434082031e-01
3.284566700458526611e-01
9.544646143913269043e-01
2.869420647621154785e-01
1.946056932210922241e-01
7.338328957557678223e-01
6.802579015493392944e-02
7.847943902015686035e-02
8.704043626785278320e-01
7.227103710174560547e-01
8.671418428421020508e-01
8.453442454338073730e-01
8.421641588211059570e-01
2.448018193244934082e-01
2.882170490920543671e-02
2.650987207889556885e-01
3.020015954971313477e-01
2.539112865924835205e-01
1.464843750000000000e-01
6.051841378211975098e-01
3.394794762134552002e-01
6.678668260574340820e-01
2.614460289478302002e-01
6.780968308448791504e-01
3.799352049827575684e-01
2.725670039653778076e-01
4.477947652339935303e-01
8.738987445831298828e-01
3.318055346608161926e-02
1.785455197095870972e-01
7.737259268760681152e-01
8.898508548736572266e-01
1.658531725406646729e-01
6.199939250946044922e-01
7.397704571485519409e-02
7.464495301246643066e-01
4.215370714664459229e-01
7.428177595138549805e-01
2.752998769283294678e-01
6.981760859489440918e-01
