1.147693023085594177e-01
9.008603692054748535e-01
3.317617177963256836e-01
7.247136235237121582e-01
6.108687520027160645e-01
2.674315571784973145e-01
5.173130631446838379e-01
2.777890264987945557e-01
2.150739356875419617e-02
9.269955754280090332e-01
4.821580052375793457e-01
9.689640998840332031e-01
8.485075831413269043e-01
5.988697409629821777e-01
8.576081991195678711e-01
5.144343376159667969e-01
2.845334410667419434e-01
4.178050458431243896e-01
2.882373034954071045e-01
7.641575932502746582e-01
7.107685208320617676e-01
3.678788840770721436e-01
9.900670498609542847e-02
9.077895879745483398e-01
5.214707851409912109e-01
7.494609951972961426e-01
3.393381237983703613e-01
2.559196650981903076e-01
1.977830827236175537e-01
6.145662665367126465e-01
6.093959882855415344e-02
7.590591311454772949e-01
1.781383007764816284e-01
6.973546743392944336e-01
4.126549884676933289e-02
1.712321043014526367e-01
2.037109881639480591e-01
3.895058631896972656e-01
8.561068214476108551e-03
5.856844186782836914e-01
8.428412079811096191e-01
7.993319630622863770e-01
9.367111921310424805e-01
3.264302909374237061e-01
3.760538399219512939e-01
3.645095229148864746e-01
6.245356202125549316e-01
9.628173112869262695e-01
5.576459765434265137e-01
1.057450175285339355e-01
7.107685208320617676e-01
7.006108164787292480e-01
2.238393425941467285e-01
2.809914052486419678e-01
7.847282290458679199e-01
8.838923573493957520e-01
2.319685071706771851e-01
3.957047760486602783e-01
4.310795068740844727e-01
6.932888627052307129e-01
5.923946499824523926e-01
9.621009975671768188e-02
3.347067534923553467e-01
8.971047401428222656e-01
2.999062240123748779e-01
5.411135554313659668e-01
5.644500628113746643e-02
4.895398616790771484e-01
8.318040966987609863e-01
3.099800050258636475e-01
4.757398273795843124e-03
8.539438247680664062e-02
9.591375589370727539e-01
3.069241344928741455e-01
2.494634129106998444e-02
8.191321492195129395e-01
7.531477808952331543e-01
9.656122326850891113e-01
3.264303207397460938e-01
3.036547005176544189e-01
7.208244800567626953e-01
7.452949285507202148e-01
1.895937025547027588e-01
5.447801947593688965e-01
4.731882512569427490e-01
3.597292304039001465e-01
2.172818183898925781e-01
5.028103590011596680e-01
5.953066349029541016e-01
7.041064500808715820e-01
7.590591311454772949e-01
3.486628830432891846e-01
6.378841996192932129e-01
6.902805715799331665e-02
6.378842592239379883e-01
8.804043531417846680e-01
1.581822484731674194e-01
4.473577439785003662e-01
8.651311993598937988e-01
4.775103032588958740e-01
8.029112815856933594e-01
2.172818183898925781e-01
3.724414482712745667e-02
2.357671111822128296e-01
4.437332749366760254e-01
6.567076444625854492e-01
7.409692406654357910e-01
7.250360399484634399e-02
9.918696284294128418e-01
4.400729238986968994e-01
5.260038971900939941e-01
5.892253518104553223e-01
2.743059694766998291e-01
9.043522477149963379e-01
2.911926619708538055e-02
8.876354098320007324e-01
9.336105585098266602e-01
1.282192915678024292e-01
6.022520065307617188e-01
4.558331668376922607e-01
6.435682773590087891e-01
4.363708496093750000e-01
2.631384730339050293e-01
5.775161981582641602e-01
4.656911492347717285e-01
8.953094482421875000e-02
3.443659842014312744e-01
9.396370649337768555e-01
6.472241282463073730e-01
9.542216062545776367e-01
5.527536273002624512e-01
5.224629119038581848e-02
4.022288918495178223e-01
6.210815310478210449e-01
8.728320598602294922e-01
3.793216943740844727e-01
7.373375296592712402e-01
1.389926970005035400e-01
9.542216658592224121e-01
9.489949345588684082e-01
1.352125257253646851e-01
2.525081038475036621e-01
7.167623043060302734e-01
1.561470050364732742e-02
3.957045376300811768e-01
3.520147502422332764e-01
2.974697053432464600e-01
1.250687390565872192e-01
2.489788681268692017e-01
3.308409079909324646e-02
4.626273810863494873e-01
5.109516382217407227e-01
6.893873214721679688e-01
8.926813006401062012e-01
3.854094743728637695e-01
3.171404600143432617e-01
5.069023370742797852e-01
7.701905369758605957e-01
2.172818183898925781e-01
3.171404600143432617e-01
9.723833203315734863e-01
3.555805087089538574e-01
6.749806404113769531e-01
4.885702207684516907e-02
2.037109732627868652e-01
1.190318912267684937e-02
9.843935370445251465e-01
8.386418223381042480e-01
6.181862950325012207e-01
6.280224323272705078e-01
6.567083001136779785e-01
2.448078989982604980e-01
8.066725730895996094e-01
5.657990574836730957e-01
1.541257053613662720e-01
9.807024002075195312e-01
7.290888428688049316e-01
1.750278025865554810e-01
8.485075831413269043e-01
7.787364125251770020e-01
8.108968138694763184e-01
9.965690970420837402e-01
1.501928716897964478e-01
8.609918355941772461e-01
6.859382987022399902e-01
4.100684225559234619e-01
4.694457352161407471e-01
4.858208000659942627e-01
1.216931492090225220e-01
8.234939575195312500e-01
2.281861752271652222e-01
5.310767889022827148e-01
6.676314473152160645e-01
8.154051303863525391e-01
9.155860543251037598e-01
9.113106131553649902e-01
1.941106468439102173e-01
7.334261536598205566e-01
7.936606407165527344e-01
9.195353984832763672e-01
6.819646954536437988e-01
9.767317175865173340e-01
1.179015040397644043e-01
7.847282290458679199e-01
8.076819777488708496e-02
4.590264260768890381e-01
6.716677546501159668e-01
5.484241247177124023e-01
5.820020437240600586e-01
9.233829379081726074e-01
6.783398389816284180e-01
5.690785646438598633e-01
8.690034151077270508e-01
8.535348773002624512e-01
2.704654633998870850e-01
1.024000942707061768e-01
9.303530454635620117e-01
3.827550709247589111e-01
9.883126020431518555e-01
9.334107488393783569e-02
7.680907845497131348e-01
4.136350452899932861e-01
6.560453027486801147e-02
1.468403935432434082e-01
2.403434962034225464e-01
4.225722849369049072e-01
1.427722573280334473e-01
7.893711924552917480e-01
5.621954202651977539e-01
8.765358924865722656e-01
1.824261844158172607e-01
6.641209721565246582e-01
1.858475245535373688e-02
1.863742619752883911e-01
2.596952915191650391e-01
1.316059827804565430e-01
6.501128673553466797e-01
8.353517055511474609e-01
6.318843364715576172e-01
5.342239737510681152e-01
4.061386287212371826e-01
1.627914458513259888e-01
3.721444010734558105e-01
4.310793578624725342e-01
5.374937653541564941e-01
4.535513743758201599e-02
1.666579395532608032e-01
5.729542374610900879e-01
2.099541127681732178e-01
1.922396477311849594e-04
4.264283180236816406e-01
8.277316093444824219e-01
7.964206337928771973e-01
7.621734589338302612e-02
4.933507442474365234e-01
4.974238574504852295e-01
