4.843632876873016357e-01
3.458065092563629150e-01
9.151446223258972168e-01
1.865481883287429810e-01
8.761526942253112793e-01
5.672541856765747070e-01
3.829870820045471191e-01
2.216183841228485107e-01
3.829870820045471191e-01
1.005896702408790588e-01
7.909252047538757324e-01
4.250693321228027344e-01
4.758502244949340820e-01
1.815541535615921021e-01
5.357412099838256836e-01
4.577693641185760498e-01
2.910746335983276367e-01
2.106326371431350708e-01
9.060567617416381836e-01
4.362000524997711182e-01
6.291646957397460938e-01
4.456683099269866943e-01
8.117979764938354492e-02
2.178556919097900391e-01
1.945077776908874512e-01
7.475617527961730957e-01
2.324541509151458740e-01
7.902311161160469055e-03
6.335303783416748047e-01
2.969811260700225830e-01
3.425292670726776123e-01
6.515532135963439941e-01
4.093073904514312744e-01
8.666874170303344727e-01
4.493979513645172119e-01
2.556604444980621338e-01
2.595736086368560791e-01
7.026882767677307129e-01
9.587230533361434937e-02
1.210585758090019226e-01
6.207021474838256836e-01
5.390863418579101562e-01
2.146632075309753418e-01
7.520643472671508789e-01
9.369485378265380859e-01
4.287709891796112061e-01
3.191673457622528076e-01
5.327578186988830566e-01
8.300666213035583496e-01
8.937277197837829590e-01
6.760916113853454590e-02
7.249423861503601074e-01
3.670460879802703857e-01
3.707754611968994141e-01
5.969399809837341309e-01
3.534678816795349121e-01
6.898000240325927734e-01
4.695642888545989990e-01
2.665852606296539307e-01
4.955508410930633545e-01
6.941644549369812012e-01
3.386176824569702148e-01
5.056546330451965332e-01
5.132017657160758972e-02
6.171034574508666992e-01
3.149794638156890869e-01
5.467101335525512695e-01
2.524028122425079346e-01
1.670633703470230103e-01
9.845817685127258301e-01
4.618838131427764893e-01
6.853052973747253418e-01
8.348975181579589844e-01
9.117475152015686035e-02
2.414330095052719116e-01
8.799243569374084473e-01
2.739089131355285645e-01
9.060567617416381836e-01
5.220777988433837891e-01
6.406039595603942871e-01
7.122870683670043945e-01
3.736073970794677734e-01
1.467641144990921021e-01
7.812666147947311401e-02
5.093216300010681152e-01
7.321022152900695801e-01
2.778800725936889648e-01
5.577459931373596191e-01
3.920990042388439178e-03
8.558927774429321289e-01
1.383761316537857056e-01
2.704171538352966309e-01
8.044403195381164551e-01
6.666327714920043945e-01
9.631240963935852051e-01
2.252720296382904053e-01
5.475967004895210266e-02
5.021927952766418457e-01
8.626234531402587891e-01
7.387655973434448242e-01
5.706094503402709961e-01
8.498104810714721680e-01
6.483303308486938477e-01
6.148039922118186951e-02
1.908378005027770996e-01
1.359181571751832962e-02
1.296729892492294312e-01
9.009276032447814941e-01
3.347619771957397461e-01
9.512508511543273926e-01
3.178969025611877441e-02
8.734554052352905273e-01
7.872960567474365234e-01
4.687670990824699402e-02
1.501367539167404175e-01
4.058853387832641602e-01
4.219196438789367676e-01
1.635510921478271484e-01
1.981518864631652832e-01
2.894766815006732941e-02
6.512255221605300903e-02
8.835371732711791992e-01
5.177477598190307617e-01
4.179368317127227783e-01
5.131538510322570801e-01
1.124876141548156738e-01
7.098446488380432129e-01
8.696747422218322754e-01
9.975374937057495117e-01
6.988007426261901855e-01
5.896526575088500977e-01
4.656722545623779297e-01
9.334800243377685547e-01
9.671095609664916992e-01
8.424217998981475830e-02
5.293886661529541016e-01
2.855310440063476562e-01
1.335003972053527832e-01
4.919005036354064941e-01
6.630545854568481445e-01
4.807234406471252441e-01
3.225494325160980225e-01
9.572495818138122559e-01
2.038870304822921753e-01
5.427059531211853027e-01
8.861677646636962891e-01
8.220441937446594238e-01
3.499109447002410889e-01
2.910746335983276367e-01
9.225278496742248535e-01
6.012241244316101074e-01
5.847606658935546875e-01
2.495900727808475494e-02
9.114551544189453125e-01
3.264892399311065674e-01
8.005694150924682617e-01
9.845817685127258301e-01
4.534339010715484619e-01
6.370857357978820801e-01
4.989265799522399902e-01
7.800219655036926270e-01
1.359177567064762115e-02
4.027115926146507263e-02
4.134921431541442871e-01
7.678033113479614258e-01
7.560020089149475098e-01
8.722788840532302856e-02
7.766928672790527344e-01
7.279090285301208496e-01
9.754367470741271973e-01
7.597221136093139648e-01
2.072513997554779053e-01
8.398550748825073242e-01
8.439021706581115723e-01
9.263320565223693848e-01
6.737036108970642090e-01
7.976532578468322754e-01
9.941381216049194336e-01
1.051619946956634521e-01
6.697492003440856934e-01
3.775224387645721436e-01
2.034163102507591248e-02
1.725622713565826416e-01
4.424613416194915771e-01
1.088274419307708740e-01
5.504891276359558105e-01
6.249358654022216797e-01
5.640709400177001953e-01
3.052408099174499512e-01
3.507423028349876404e-02
6.106469631195068359e-01
2.290306836366653442e-01
1.291404361836612225e-03
9.470608234405517578e-01
9.709078669548034668e-01
4.328691661357879639e-01
9.191394448280334473e-01
2.445910274982452393e-01
9.298978447914123535e-01
9.906770586967468262e-01
8.262931704521179199e-01
5.259297490119934082e-01
5.543075203895568848e-01
7.939668297767639160e-01
1.766978055238723755e-01
3.991765379905700684e-01
4.879046082496643066e-01
4.758502244949340820e-01
8.558929562568664551e-01
7.062634229660034180e-01
3.309633731842041016e-01
7.635412812232971191e-01
6.810312271118164062e-01
1.574133634567260742e-01
1.257823705673217773e-01
5.799254775047302246e-01
4.392325580120086670e-01
3.005764484405517578e-01
7.432757616043090820e-01
8.968350291252136230e-01
2.483345568180084229e-01
3.923615515232086182e-01
9.797036647796630859e-01
1.168299540877342224e-01
8.166730999946594238e-01
3.884995579719543457e-01
8.166730999946594238e-01
6.551644802093505859e-01
4.027115926146507263e-02
9.572495222091674805e-01
5.847606658935546875e-01
5.608931183815002441e-01
3.632531166076660156e-01
2.367257475852966309e-01
4.027317166328430176e-01
3.102089762687683105e-01
6.772999167442321777e-01
5.825004354119300842e-02
6.443969011306762695e-01
7.727323174476623535e-01
6.061172485351562500e-01
6.140040159225463867e-01
2.814287245273590088e-01
9.420341849327087402e-01
7.837284207344055176e-01
5.933296680450439453e-01
6.590080261230468750e-01
7.354909777641296387e-01
8.078728318214416504e-01
8.118802309036254883e-01
3.962585628032684326e-01
1.423723697662353516e-01
2.629132568836212158e-01
8.469646573066711426e-01
1.574133634567260742e-01
3.605957031250000000e-01
