2.591813355684280396e-02
3.377677798271179199e-01
4.423314630985260010e-01
9.012674689292907715e-01
9.504060149192810059e-01
5.596276521682739258e-01
7.528197020292282104e-02
6.779474616050720215e-01
1.321846097707748413e-01
5.687125325202941895e-01
7.872714400291442871e-01
5.838107466697692871e-01
1.434681862592697144e-01
7.176957130432128906e-01
1.792126148939132690e-01
4.311670660972595215e-01
2.129384726285934448e-01
5.523694157600402832e-01
7.413093447685241699e-01
9.956305027008056641e-01
6.743118762969970703e-01
7.535245418548583984e-01
9.623191356658935547e-01
7.919210195541381836e-01
5.557149052619934082e-01
5.118006467819213867e-01
7.997673153877258301e-01
9.760951995849609375e-01
3.061347305774688721e-01
6.894909590482711792e-02
7.464958429336547852e-01
7.686536908149719238e-01
1.557087600231170654e-01
1.977976262569427490e-01
4.548667669296264648e-01
8.066608756780624390e-02
6.988207101821899414e-01
8.380416035652160645e-01
5.262368917465209961e-01
2.738752067089080811e-01
6.705111861228942871e-01
9.056022167205810547e-01
8.460407853126525879e-01
6.819450855255126953e-01
9.431411027908325195e-01
4.548667669296264648e-01
8.342709541320800781e-01
2.017636448144912720e-01
3.269457817077636719e-01
4.822462201118469238e-01
3.855355381965637207e-01
4.453876614570617676e-01
1.705020666122436523e-01
7.824233770370483398e-01
2.940885722637176514e-02
8.417008519172668457e-01
6.066649556159973145e-01
1.627476960420608521e-01
1.229616403579711914e-01
4.727695584297180176e-01
6.373007297515869141e-01
3.539440333843231201e-01
2.353230416774749756e-01
5.936720967292785645e-02
4.169722199440002441e-01
1.391336321830749512e-01
8.894756436347961426e-01
5.620606988668441772e-02
2.985613346099853516e-01
9.258432686328887939e-02
2.927528023719787598e-01
2.353230416774749756e-01
3.205914497375488281e-01
2.511687874794006348e-01
2.777006328105926514e-01
8.701257109642028809e-01
8.103847503662109375e-01
3.896231055259704590e-01
3.338067531585693359e-01
3.703033030033111572e-01
3.302465081214904785e-01
1.001913398504257202e-01
5.063504576683044434e-01
5.259264633059501648e-02
5.927015542984008789e-01
9.263955354690551758e-01
7.646222710609436035e-01
9.657722711563110352e-01
7.293194532394409180e-01
5.299648046493530273e-01
5.767464637756347656e-01
8.383844792842864990e-02
5.729898810386657715e-01
9.919956922531127930e-01
6.218627095222473145e-01
9.263955354690551758e-01
6.500504612922668457e-01
3.927761316299438477e-01
5.801328420639038086e-01
9.793798923492431641e-01
8.581710457801818848e-01
2.844513356685638428e-01
1.799759687855839729e-03
8.615073561668395996e-01
4.347173571586608887e-01
9.096509814262390137e-01
4.863197207450866699e-01
8.187542557716369629e-01
3.092049062252044678e-01
7.503855228424072266e-01
6.327405571937561035e-01
5.557859316468238831e-03
5.340238809585571289e-01
2.985613346099853516e-01
1.130318120121955872e-01
2.292973846197128296e-01
1.838629692792892456e-02
8.657208681106567383e-01
1.705020666122436523e-01
6.575698852539062500e-01
7.757486701011657715e-01
9.210069775581359863e-01
8.813074231147766113e-02
2.434599995613098145e-01
2.605720758438110352e-01
5.493620038032531738e-01
5.462653040885925293e-01
2.887166142463684082e-01
1.260651648044586182e-01
8.523064851760864258e-01
9.161614775657653809e-01
6.414832472801208496e-01
2.709316015243530273e-01
3.764483705163002014e-02
1.291980594396591187e-01
8.928748369216918945e-01
9.590601325035095215e-01
2.056173980236053467e-01
5.160850286483764648e-01
7.570653557777404785e-01
4.233793914318084717e-01
7.371857762336730957e-01
3.032496869564056396e-01
6.949419379234313965e-01
1.356539279222488403e-01
5.198020339012145996e-01
4.952960312366485596e-01
7.253031134605407715e-01
1.595603525638580322e-01
4.269401729106903076e-01
8.783815503120422363e-01
2.228777483105659485e-02
9.325622320175170898e-01
3.590791821479797363e-01
1.065366342663764954e-01
1.037996485829353333e-01
4.388101696968078613e-01
2.470882534980773926e-01
2.541297972202301025e-01
8.230451941490173340e-01
9.360964298248291016e-01
9.627201408147811890e-02
1.423378102481365204e-02
1.521741896867752075e-01
6.121838688850402832e-01
7.065647244453430176e-01
2.809767425060272217e-01
6.426423788070678711e-02
4.680063128471374512e-01
4.912956357002258301e-01
4.007236957550048828e-01
7.719557285308837891e-01
3.641347587108612061e-01
1.863270252943038940e-01
7.137598395347595215e-01
9.130439162254333496e-01
4.179449379444122314e-02
9.989565014839172363e-01
8.837741017341613770e-01
1.824594736099243164e-01
2.178732454776763916e-01
6.121838688850402832e-01
3.641347587108612061e-01
6.611638069152832031e-01
8.143880367279052734e-01
5.023037195205688477e-01
3.125401437282562256e-01
6.267896890640258789e-01
9.538113474845886230e-01
4.927897080779075623e-02
1.762550771236419678e-01
5.638113021850585938e-01
5.390037894248962402e-01
9.831389784812927246e-01
9.724843502044677734e-01
4.484688639640808105e-01
6.031389832496643066e-01
4.647440314292907715e-01
8.968864083290100098e-01
1.016694866120815277e-02
8.030099272727966309e-01
1.101523786783218384e-01
4.778254330158233643e-01
4.047443568706512451e-01
6.297862529754638672e-01
7.027527689933776855e-01
4.987275302410125732e-01
3.746151626110076904e-01
4.094267487525939941e-01
3.205914497375488281e-01
5.431643724441528320e-01
2.086874991655349731e-01
1.901576519012451172e-01
7.216828465461730957e-01
3.344419598579406738e-02
8.308293223381042480e-01
7.528197020292282104e-02
9.389863014221191406e-01
3.778598308563232422e-01
3.962843120098114014e-01
2.223608940839767456e-01
6.005995273590087891e-01
9.877470135688781738e-01
4.139361381530761719e-01
4.727695584297180176e-01
6.661210060119628906e-01
7.792506217956542969e-01
3.407072722911834717e-01
1.940151304006576538e-01
3.824352920055389404e-01
6.536368131637573242e-01
3.489280343055725098e-01
3.446488976478576660e-01
6.458573341369628906e-01
2.263148576021194458e-01
8.523064851760864258e-01
6.904837489128112793e-01
5.232050418853759766e-01
5.880662202835083008e-01
1.477653235197067261e-01
2.569228410720825195e-01
8.064981102943420410e-01
6.862855553627014160e-01
9.690731763839721680e-01
3.539440333843231201e-01
5.967570543289184570e-01
7.963964343070983887e-01
8.837741017341613770e-01
7.104731798171997070e-01
4.200108945369720459e-01
7.605267763137817383e-01
7.331712841987609863e-01
8.743187785148620605e-01
8.272383213043212891e-01
4.547993466258049011e-02
9.462513923645019531e-01
