6.505097746849060059e-01
4.349320232868194580e-01
8.414952158927917480e-01
9.225214123725891113e-01
3.590669929981231689e-01
2.640850841999053955e-01
1.026408523321151733e-01
2.874005734920501709e-01
4.315947890281677246e-01
1.097929924726486206e-01
2.404261380434036255e-01
7.245377898216247559e-01
5.009828209877014160e-01
8.659183382987976074e-01
5.744037032127380371e-01
9.432303309440612793e-01
9.141828417778015137e-01
4.181152284145355225e-01
7.353094220161437988e-01
2.160294651985168457e-01
6.439893841743469238e-01
1.734995841979980469e-01
3.447203934192657471e-01
3.240901827812194824e-01
7.809535861015319824e-01
2.793323695659637451e-01
7.549988031387329102e-01
8.208240270614624023e-01
5.435749292373657227e-01
6.570990085601806641e-01
7.630919218063354492e-01
9.764767885208129883e-01
7.881382107734680176e-02
3.270439207553863525e-01
2.602622844278812408e-02
9.930685162544250488e-01
6.766003966331481934e-01
7.511794567108154297e-01
5.289361476898193359e-01
6.640776395797729492e-01
1.772998124361038208e-01
9.524690508842468262e-01
5.994482040405273438e-01
1.856941729784011841e-01
8.965981006622314453e-01
7.675328850746154785e-01
2.444354891777038574e-01
7.587644457817077637e-01
9.103956222534179688e-01
8.095538020133972168e-01
8.482328653335571289e-01
3.042358160018920898e-01
1.623524129390716553e-01
4.523912668228149414e-01
1.488855630159378052e-01
9.068771004676818848e-01
2.286648154258728027e-01
5.333574414253234863e-01
4.640661776065826416e-01
2.359722554683685303e-01
2.222717851400375366e-01
4.722789824008941650e-01
9.533293545246124268e-02
2.254137098789215088e-01
5.631707906723022461e-01
9.551743865013122559e-01
8.514389991760253906e-01
1.324771791696548462e-01
2.185660898685455322e-01
4.214067161083221436e-01
9.345350265502929688e-01
9.904941543936729431e-03
7.071776986122131348e-01
8.878008127212524414e-01
1.065669208765029907e-01
8.583028912544250488e-01
6.678376197814941406e-01
9.087541699409484863e-02
5.994480848312377930e-01
8.307674527168273926e-02
4.949601888656616211e-01
1.936421692371368408e-01
3.536664545536041260e-01
6.604704856872558594e-01
5.141285061836242676e-01
2.721254527568817139e-01
3.406856358051300049e-01
5.400773882865905762e-01
3.872343003749847412e-01
9.732742905616760254e-01
4.906011223793029785e-01
6.259075403213500977e-01
9.961308836936950684e-01
5.371382832527160645e-01
6.219454407691955566e-01
4.143851399421691895e-01
8.062978982925415039e-01
9.001347422599792480e-01
2.918024659156799316e-01
1.973986476659774780e-01
4.760614335536956787e-01
5.181818604469299316e-01
7.991693019866943359e-01
2.082582861185073853e-01
1.207776367664337158e-01
9.307060241699218750e-01
2.999849319458007812e-01
9.848822355270385742e-01
4.246693849563598633e-01
7.881335020065307617e-01
9.270596504211425781e-01
3.903314471244812012e-01
2.960324883460998535e-01
4.072653949260711670e-01
4.009868502616882324e-01
8.453557491302490234e-01
4.419181942939758301e-01
6.093388795852661133e-01
5.131917074322700500e-02
1.582727581262588501e-01
5.692793130874633789e-01
9.037357568740844727e-01
3.130299448966979980e-01
3.829964399337768555e-01
2.616071607917547226e-03
3.656063675880432129e-01
5.813031792640686035e-01
1.336977537721395493e-02
5.923220887780189514e-02
2.521646618843078613e-01
5.940416455268859863e-01
7.007000446319580078e-01
2.683849334716796875e-01
2.050129771232604980e-01
2.616071607917547226e-03
5.512499213218688965e-01
3.717365860939025879e-01
6.141223311424255371e-01
3.656063675880432129e-01
9.692513942718505859e-01
8.723321557044982910e-02
8.773145079612731934e-01
5.512499213218688965e-01
8.698012232780456543e-01
6.707444041967391968e-02
5.107942223548889160e-01
6.362243294715881348e-01
4.278948903083801270e-01
6.803004741668701172e-01
7.762684822082519531e-01
4.602829515933990479e-01
4.419181644916534424e-01
3.202903568744659424e-01
4.685166478157043457e-01
9.591526985168457031e-01
5.901589989662170410e-01
2.318984568119049072e-01
4.011031240224838257e-02
3.486922979354858398e-01
7.389141917228698730e-01
1.695970892906188965e-01
8.248005509376525879e-01
7.721269726753234863e-01
9.627777338027954102e-01
5.599814057350158691e-01
5.778104066848754883e-01
7.467613220214843750e-01
6.295554637908935547e-01
7.129543423652648926e-01
7.275766134262084961e-01
2.487337440252304077e-01
6.838595271110534668e-01
3.943196535110473633e-01
5.572734773159027100e-02
1.285401284694671631e-01
9.892564415931701660e-01
2.833509743213653564e-01
8.134446740150451660e-01
1.246334761381149292e-01
6.974292993545532227e-01
6.538804173469543457e-01
8.808391690254211426e-01
4.563171565532684326e-01
2.368900179862976074e-02
1.170064955949783325e-01
5.469217300415039062e-01
2.558175623416900635e-01
7.954893112182617188e-01
9.178046584129333496e-01
7.101096510887145996e-01
2.011745125055313110e-01
1.133703812956809998e-01
8.737066388130187988e-01
8.845214247703552246e-01
5.009828209877014160e-01
5.067815184593200684e-01
1.818445473909378052e-01
8.289269208908081055e-01
5.236414074897766113e-01
3.406856358051300049e-01
1.404621154069900513e-01
4.422567039728164673e-02
3.983088433742523193e-01
6.475857496261596680e-01
1.534526646137237549e-01
4.489862322807312012e-01
1.897526830434799194e-01
3.757089972496032715e-01
6.048619747161865234e-01
5.860047936439514160e-01
2.597433924674987793e-01
4.867908060550689697e-01
7.423807978630065918e-01
7.315459847450256348e-01
6.184057593345642090e-01
7.074453681707382202e-02
9.916040301322937012e-02
4.111782014369964600e-01
8.623285293579101562e-01
2.017324417829513550e-02
1.650219969451427460e-02
9.481086134910583496e-01
8.380774855613708496e-01
6.878712773323059082e-01
6.401978135108947754e-01
6.330372691154479980e-01
9.801148772239685059e-01
1.655290126800537109e-01
7.846979498863220215e-01
3.759538754820823669e-02
6.929996013641357422e-01
8.028824925422668457e-01
9.660643339157104492e-01
1.363709568977355957e-01
4.831727147102355957e-01
5.289361476898193359e-01
5.692793130874633789e-01
6.334819644689559937e-02
8.169789910316467285e-01
3.167747259140014648e-01
1.444160938262939453e-01
7.040927410125732422e-01
8.336571455001831055e-01
6.726642251014709473e-01
7.492852210998535156e-02
9.382824301719665527e-01
3.536664843559265137e-01
3.083668351173400879e-01
8.549755811691284180e-01
2.756097912788391113e-01
7.918549776077270508e-01
4.795700311660766602e-01
4.801989719271659851e-02
5.204940438270568848e-01
3.794335722923278809e-01
4.041339457035064697e-01
