2.518081367015838623e-01
3.457006812095642090e-01
9.913929104804992676e-01
1.892658621072769165e-01
3.498584926128387451e-01
4.715951979160308838e-01
4.729207232594490051e-02
9.655483365058898926e-01
6.353213191032409668e-01
9.817522168159484863e-01
9.015775918960571289e-01
1.840448230504989624e-01
5.711362361907958984e-01
5.466125607490539551e-01
5.322459936141967773e-01
8.950132131576538086e-01
3.178901970386505127e-01
6.702360510826110840e-01
9.316817522048950195e-01
8.040466308593750000e-01
3.282445371150970459e-01
1.167081948369741440e-02
8.344042897224426270e-01
5.939787030220031738e-01
6.088362932205200195e-01
2.185675799846649170e-01
3.930689990520477295e-01
1.950444653630256653e-02
3.214802145957946777e-01
6.428560018539428711e-01
5.076464414596557617e-01
3.612440824508666992e-01
9.510073661804199219e-01
8.744981884956359863e-01
2.904621362686157227e-01
7.997132539749145508e-01
1.788700670003890991e-01
8.776164054870605469e-01
5.769455060362815857e-02
3.247855901718139648e-01
5.433985590934753418e-01
1.565114706754684448e-01
5.536060929298400879e-01
1.587957516312599182e-02
9.951974749565124512e-01
6.614066362380981445e-01
2.048659026622772217e-01
1.395455896854400635e-01
2.563723623752593994e-01
3.694904968142509460e-02
3.575155138969421387e-01
7.892262339591979980e-01
3.146445751190185547e-01
9.201732277870178223e-01
1.742248982191085815e-01
2.439603209495544434e-01
6.792572140693664551e-01
3.898304700851440430e-01
8.837203979492187500e-01
5.006261467933654785e-01
1.096459478139877319e-01
4.018496870994567871e-01
4.829334616661071777e-01
6.831087470054626465e-01
7.276681065559387207e-01
2.982822060585021973e-01
1.022155284881591797e-01
5.279143452644348145e-01
9.737809896469116211e-01
5.416670069098472595e-02
6.286088228225708008e-01
4.464989304542541504e-01
2.676467299461364746e-01
3.795810937881469727e-01
2.013326138257980347e-01
6.225817799568176270e-01
6.395069360733032227e-01
8.471673727035522461e-01
8.302104473114013672e-01
9.546066522598266602e-01
8.223499059677124023e-01
9.080166220664978027e-01
2.794429063796997070e-01
3.534986376762390137e-01
6.579303741455078125e-01
5.239170789718627930e-01
4.598351418972015381e-01
9.476006031036376953e-01
8.259529471397399902e-01
2.304889708757400513e-01
5.204467773437500000e-01
2.339134663343429565e-01
4.557673931121826172e-01
6.519274413585662842e-02
1.059572473168373108e-01
9.582620859146118164e-01
5.041366815567016602e-01
2.700814511626958847e-03
8.706836700439453125e-01
2.382261157035827637e-01
2.118721455335617065e-01
8.460188657045364380e-02
7.094132304191589355e-01
8.175132870674133301e-01
9.440809488296508789e-01
1.248425617814064026e-01
4.896007776260375977e-01
7.617496419697999954e-03
2.651418186724185944e-02
3.108923435211181641e-01
2.870352566242218018e-01
2.090496122837066650e-01
6.655409932136535645e-01
7.496827095746994019e-02
4.262582659721374512e-01
8.118700981140136719e-01
6.225818991661071777e-01
9.046002626419067383e-01
4.382847249507904053e-01
1.437685191631317139e-01
1.355373710393905640e-01
5.808829665184020996e-01
2.603199779987335205e-01
1.840448230504989624e-01
6.848530471324920654e-02
9.360928535461425781e-01
7.180125266313552856e-02
8.413928747177124023e-01
6.013800501823425293e-01
6.923635005950927734e-01
9.983876943588256836e-01
7.121132612228393555e-01
8.503339886665344238e-01
5.118243694305419922e-01
6.047847270965576172e-01
6.987048983573913574e-01
1.171710044145584106e-01
8.666220307350158691e-01
7.671258449554443359e-01
1.209453567862510681e-01
4.183196127414703369e-01
1.524901986122131348e-01
3.369394838809967041e-01
6.923639178276062012e-01
2.147573232650756836e-01
2.834153175354003906e-01
4.109853208065032959e-01
3.063692450523376465e-01
7.480875253677368164e-01
7.154276967048645020e-01
7.187271714210510254e-01
4.934101104736328125e-01
1.977198123931884766e-01
6.156999617815017700e-02
8.541723489761352539e-01
3.693515062332153320e-01
6.749487519264221191e-01
9.240975379943847656e-01
9.866616725921630859e-01
4.351133108139038086e-02
4.078756570816040039e-01
4.042060971260070801e-01
5.569128394126892090e-01
4.142705798149108887e-01
4.673116803169250488e-01
5.778350830078125000e-01
2.638605833053588867e-01
2.323461137712001801e-02
4.306287169456481934e-01
7.028532028198242188e-01
3.923590853810310364e-02
7.932289838790893555e-01
7.376286387443542480e-01
1.704165488481521606e-01
4.794453680515289307e-01
7.341970205307006836e-01
9.403547644615173340e-01
6.326296925544738770e-01
9.617333412170410156e-01
5.979494452476501465e-01
8.413928747177124023e-01
1.284042000770568848e-01
8.175134062767028809e-01
6.541396975517272949e-01
7.443784475326538086e-01
2.215356230735778809e-01
1.484031975269317627e-01
9.320586919784545898e-02
7.636182308197021484e-01
9.150165915489196777e-01
8.859690278768539429e-02
9.775912761688232422e-02
7.057813405990600586e-01
5.680158734321594238e-01
6.469489932060241699e-01
5.498418211936950684e-01
7.594785094261169434e-01
3.727950453758239746e-01
3.325188457965850830e-01
5.054748803377151489e-02
4.221612215042114258e-01
1.132792830467224121e-01
6.508615016937255859e-01
7.517212033271789551e-01
9.281401038169860840e-01
2.758557796478271484e-01
6.132509708404541016e-01
1.320116370916366577e-01
5.167369842529296875e-01
5.398352742195129395e-01
5.745121836662292480e-01
4.346052110195159912e-01
5.891301631927490234e-01
9.109153151512145996e-01
8.581206798553466797e-01
3.764657974243164062e-01
3.021479249000549316e-01
5.845828056335449219e-01
7.965202927589416504e-01
4.866267144680023193e-01
6.173011064529418945e-01
7.828234136104583740e-02
1.670478284358978271e-01
7.711372971534729004e-01
4.512591660022735596e-01
2.945235967636108398e-01
3.410390615463256836e-01
7.408910393714904785e-01
8.069797754287719727e-01
2.719420194625854492e-01
2.905842661857604980e-02
4.759138226509094238e-01
1.629991084337234497e-01
8.150532841682434082e-02
1.930207014083862305e-01
1.598806232213973999e-01
8.983695507049560547e-01
8.806999325752258301e-01
4.421238005161285400e-01
2.477295994758605957e-01
7.306738495826721191e-01
7.762416005134582520e-01
4.968591630458831787e-01
5.363850593566894531e-01
7.552601099014282227e-01
9.778980016708374023e-01
9.696112871170043945e-01
3.654845952987670898e-01
4.636293351650238037e-01
7.809267640113830566e-01
6.865671873092651367e-01
8.622844815254211426e-01
7.848712205886840820e-01
2.407968491315841675e-01
3.827124834060668945e-01
3.859363496303558350e-01
