9.607905745506286621e-01
9.273546934127807617e-02
5.659492015838623047e-01
2.970352470874786377e-01
5.962609872221946716e-02
8.073027729988098145e-01
2.205263972282409668e-01
1.283873915672302246e-01
8.990054130554199219e-01
3.909261822700500488e-01
5.618347525596618652e-01
3.266586065292358398e-01
7.316105961799621582e-01
3.883432596921920776e-02
1.200840100646018982e-01
2.282331436872482300e-01
6.998292803764343262e-01
3.708494007587432861e-01
4.309908449649810791e-01
7.747300863265991211e-01
6.346468925476074219e-01
4.553795158863067627e-01
6.665014028549194336e-01
3.369288444519042969e-01
5.090124011039733887e-01
7.474361062049865723e-01
4.097378849983215332e-01
9.189842343330383301e-01
1.502243280410766602e-01
4.644604325294494629e-01
3.208498954772949219e-01
5.681934580206871033e-02
6.397704482078552246e-01
4.734039008617401123e-01
8.711622357368469238e-01
8.916355371475219727e-01
9.946587681770324707e-01
2.550228238105773926e-01
6.113631129264831543e-01
2.259407751262187958e-02
7.405518293380737305e-01
3.196691721677780151e-02
7.358582019805908203e-01
1.237645745277404785e-01
3.762531578540802002e-01
5.775041580200195312e-01
8.398070335388183594e-01
1.565868258476257324e-01
3.128152787685394287e-01
2.166655957698822021e-01
9.450548291206359863e-01
9.566158652305603027e-01
8.824318647384643555e-01
5.916988849639892578e-01
1.632868647575378418e-01
1.322210580110549927e-01
4.962509870529174805e-01
7.747300863265991211e-01
1.419542543590068817e-02
4.258763790130615234e-01
9.405962824821472168e-01
1.160332486033439636e-01
2.512885034084320068e-01
3.797994852066040039e-01
9.229047894477844238e-01
2.624206244945526123e-01
7.647119164466857910e-01
4.057682454586029053e-01
3.611344993114471436e-01
6.838561296463012695e-01
2.832804024219512939e-01
6.148527860641479492e-01
8.436268568038940430e-01
8.009770512580871582e-01
3.653332293033599854e-01
9.489850401878356934e-01
3.403716683387756348e-01
9.868069291114807129e-01
3.952029645442962646e-01
8.219217658042907715e-01
8.784554004669189453e-01
6.594283133745193481e-02
3.869702219963073730e-01
1.015452370047569275e-01
7.096763849258422852e-01
1.867354512214660645e-01
7.163087129592895508e-01
3.325721025466918945e-01
6.527606844902038574e-01
9.642462134361267090e-01
4.256148263812065125e-02
9.757482409477233887e-01
5.736383795738220215e-01
8.544868230819702148e-01
5.982670187950134277e-01
7.982740402221679688e-01
6.959310173988342285e-01
1.394371390342712402e-01
1.015452370047569275e-01
6.706004142761230469e-01
4.824063777923583984e-01
6.280370056629180908e-02
5.214921757578849792e-02
8.634918332099914551e-01
6.487802863121032715e-01
9.367928504943847656e-01
7.025722861289978027e-01
8.676089048385620117e-01
4.892152547836303711e-01
8.503490686416625977e-01
6.397704482078552246e-01
3.512868881225585938e-01
2.724037766456604004e-01
1.995609551668167114e-01
7.129695415496826172e-01
5.390328168869018555e-01
1.531699150800704956e-01
5.477200746536254883e-01
2.085032314062118530e-01
7.541532516479492188e-01
9.832016229629516602e-01
6.921201944351196289e-02
5.231734514236450195e-01
4.522561728954315186e-01
5.945959687232971191e-01
2.042261064052581787e-01
2.476851940155029297e-01
6.898095011711120605e-01
9.720990061759948730e-01
5.334124565124511719e-01
7.795870304107666016e-01
5.883710384368896484e-01
2.447643280029296875e-01
6.691499613225460052e-03
4.309908449649810791e-01
7.914368510246276855e-01
9.907746911048889160e-01
2.793987691402435303e-01
6.619000434875488281e-01
1.450952887535095215e-01
7.199401855468750000e-01
8.875783085823059082e-01
3.987360000610351562e-01
5.849512815475463867e-01
2.386786639690399170e-01
2.740867668762803078e-03
6.305930018424987793e-01
8.348578810691833496e-01
3.708494007587432861e-01
2.658586502075195312e-01
9.994305372238159180e-01
5.477200746536254883e-01
9.527825713157653809e-01
9.297246932983398438e-01
2.902241945266723633e-01
4.851366281509399414e-01
4.135285913944244385e-01
9.151657223701477051e-01
9.068451523780822754e-01
5.302547216415405273e-01
8.182930350303649902e-01
8.335944265127182007e-02
5.159944295883178711e-01
5.199616551399230957e-01
1.356212049722671509e-01
5.056067705154418945e-01
4.786938428878784180e-02
4.962509870529174805e-01
8.951959609985351562e-01
6.451843976974487305e-01
8.147787451744079590e-01
2.355415672063827515e-01
9.678295850753784180e-01
6.069259047508239746e-01
9.028770327568054199e-01
1.910033226013183594e-01
7.581111192703247070e-01
4.734039008617401123e-01
8.685297518968582153e-02
1.100165098905563354e-01
9.011156857013702393e-02
8.470308780670166016e-01
7.276934385299682617e-01
4.356775879859924316e-01
5.816855430603027344e-01
4.217947721481323242e-01
6.758177876472473145e-01
2.244335711002349854e-01
9.263079762458801270e-01
3.086438775062561035e-01
6.270673274993896484e-01
4.789841771125793457e-01
7.647119164466857910e-01
7.694581151008605957e-01
3.831075429916381836e-01
5.123681426048278809e-01
1.699630469083786011e-01
8.073027729988098145e-01
2.866400182247161865e-01
7.947474718093872070e-01
4.174757301807403564e-01
3.538769111037254333e-02
3.008032441139221191e-01
6.797621846199035645e-01
5.699061751365661621e-01
1.015452370047569275e-01
2.692409455776214600e-01
4.486018717288970947e-01
7.239688634872436523e-01
3.043785393238067627e-01
6.229054331779479980e-01
8.095138520002365112e-02
4.585087597370147705e-01
2.933313250541687012e-01
9.794736504554748535e-01
3.577837944030761719e-01
4.644604325294494629e-01
3.480615615844726562e-01
1.782293468713760376e-01
8.302170038223266602e-01
3.266586065292358398e-01
8.587655425071716309e-01
2.318792194128036499e-01
2.778063528239727020e-02
5.576410889625549316e-01
6.183263659477233887e-01
9.333464503288269043e-01
2.760343849658966064e-01
5.269879698753356934e-01
3.542793095111846924e-01
1.822724789381027222e-01
7.512318491935729980e-01
1.736622154712677002e-01
5.021341443061828613e-01
1.450952887535095215e-01
4.019122123718261719e-01
5.390328168869018555e-01
8.750280141830444336e-01
1.123458892107009888e-01
6.575927734375000000e-01
9.110807776451110840e-01
1.953252106904983521e-01
5.536748766899108887e-01
1.600253880023956299e-01
7.440592646598815918e-01
1.058031246066093445e-02
6.898095011711120605e-01
1.668057292699813843e-01
1.776544936001300812e-02
3.445843756198883057e-01
2.589332461357116699e-01
8.259989023208618164e-01
6.026881337165832520e-01
3.162324130535125732e-01
7.059907317161560059e-01
2.127434015274047852e-01
