3.647364377975463867e-01
4.105031490325927734e-01
7.918335795402526855e-01
4.900057986378669739e-02
6.751830577850341797e-01
6.124461889266967773e-01
9.614607095718383789e-01
4.236974120140075684e-01
1.127654984593391418e-01
4.009312093257904053e-01
8.851214051246643066e-01
2.367395721375942230e-02
1.654927283525466919e-01
5.886715054512023926e-01
3.608750104904174805e-01
3.826317489147186279e-01
3.418253660202026367e-01
4.845726191997528076e-01
9.777126312255859375e-01
1.403152346611022949e-01
7.995949387550354004e-01
7.394499778747558594e-01
8.644254207611083984e-01
9.738528132438659668e-01
1.490479335188865662e-03
6.195418834686279297e-01
8.933905363082885742e-01
8.315773606300354004e-01
9.553315639495849609e-01
9.696746468544006348e-01
8.891543149948120117e-01
6.400646567344665527e-01
5.692588686943054199e-01
6.978919506072998047e-01
6.280957460403442383e-01
3.182068467140197754e-01
3.037339448928833008e-01
7.467743158340454102e-01
1.323827803134918213e-01
1.616450846195220947e-01
5.283894538879394531e-01
9.431874155998229980e-01
7.679081559181213379e-01
3.102996647357940674e-01
5.920671224594116211e-01
2.510424554347991943e-01
6.642612814903259277e-01
8.539230227470397949e-01
6.364497542381286621e-01
4.810065031051635742e-01
6.900959014892578125e-01
8.459240794181823730e-01
9.970133304595947266e-01
8.602609857916831970e-03
6.434215903282165527e-01
9.849859476089477539e-01
7.753008008003234863e-01
3.135614693164825439e-01
7.883547544479370117e-01
1.152355037629604340e-02
9.116082191467285156e-01
3.295448422431945801e-01
9.812719821929931641e-01
8.420035839080810547e-01
3.904420733451843262e-01
2.395767867565155029e-01
2.961127758026123047e-01
1.487583816051483154e-01
4.339935481548309326e-01
3.721244633197784424e-01
7.123934030532836914e-01
7.357744872570037842e-02
6.940427422523498535e-01
2.779810726642608643e-01
4.942338466644287109e-01
8.573443889617919922e-01
8.609225153923034668e-01
2.903592884540557861e-01
1.160962209105491638e-01
8.499797582626342773e-01
3.002234697341918945e-01
3.574708104133605957e-01
3.226394951343536377e-01
5.031661391258239746e-01
5.580320954322814941e-01
1.947352737188339233e-01
4.048637747764587402e-01
4.367969632148742676e-01
3.185977786779403687e-02
1.882506459951400757e-01
3.758579492568969727e-01
3.684689402580261230e-01
5.082084536552429199e-01
9.324702024459838867e-01
5.616700649261474609e-01
8.974982500076293945e-01
5.458513498306274414e-01
2.579720318317413330e-01
5.186818242073059082e-01
9.473173618316650391e-01
6.079242751002311707e-02
8.817928433418273926e-01
3.466390073299407959e-01
9.051130414009094238e-01
6.823014020919799805e-01
4.990233778953552246e-01
1.097426712512969971e-01
8.263207077980041504e-01
3.576219081878662109e-02
6.158928275108337402e-01
7.851781845092773438e-01
7.742805033922195435e-02
7.435517907142639160e-01
6.325749158859252930e-01
5.733926296234130859e-01
4.661200940608978271e-01
5.391817092895507812e-01
2.903592884540557861e-01
8.195589780807495117e-01
1.234725490212440491e-01
4.691595435142517090e-01
2.843452394008636475e-01
8.263207077980041504e-01
5.652884244918823242e-01
4.483309686183929443e-01
9.262809753417968750e-01
1.806624084711074829e-01
7.957950234413146973e-01
7.603685259819030762e-01
3.332076966762542725e-01
4.076915085315704346e-01
7.786803245544433594e-01
4.560508430004119873e-01
2.092450708150863647e-01
4.891735911369323730e-01
7.715414166450500488e-01
7.572259306907653809e-01
3.071495294570922852e-01
2.809484899044036865e-01
8.783480525016784668e-01
4.752292633056640625e-01
2.608363926410675049e-01
8.030930757522583008e-01
8.440752327442169189e-02
3.790917694568634033e-01
9.146065115928649902e-01
5.819363594055175781e-01
3.541689515113830566e-01
5.242516398429870605e-01
6.470808386802673340e-01
6.230583190917968750e-01
2.169986516237258911e-01
5.494995713233947754e-01
1.196114867925643921e-01
9.294592142105102539e-01
4.590572416782379150e-01
2.541000545024871826e-01
8.066959977149963379e-01
2.207660675048828125e-01
1.728043407201766968e-01
1.530530005693435669e-01
2.289084345102310181e-01
5.536690354347229004e-01
2.015247344970703125e-01
8.107908368110656738e-01
4.410469904541969299e-02
7.201642394065856934e-01
7.504366040229797363e-01
6.514338850975036621e-01
9.958880394697189331e-02
1.516619604080915451e-02
2.130582034587860107e-01
5.316630005836486816e-01
3.263287544250488281e-01
7.367814779281616211e-01
8.081354200839996338e-02
4.274674654006958008e-01
4.303494393825531006e-01
8.738067150115966797e-01
7.085062265396118164e-01
9.654149413108825684e-01
2.324280738830566406e-01
4.407111704349517822e-01
1.065610200166702271e-01
9.082049727439880371e-01
9.970133304595947266e-01
6.861705780029296875e-01
3.505771160125732422e-01
4.529329538345336914e-01
5.956729650497436523e-01
7.817781567573547363e-01
5.357295870780944824e-01
9.390130043029785156e-01
2.474359124898910522e-01
3.375566899776458740e-01
1.981071084737777710e-01
4.133819043636322021e-01
5.777586698532104492e-01
3.864347040653228760e-01
5.714680254459381104e-02
6.715422272682189941e-01
6.787877082824707031e-01
7.328039407730102539e-01
1.363214850425720215e-01
1.442126780748367310e-01
9.888771176338195801e-01
1.575130373239517212e-01
2.751452922821044922e-01
9.013324975967407227e-01
8.831623941659927368e-02
5.120788812637329102e-01
8.689177632331848145e-01
1.904940977692604065e-02
4.444148838520050049e-01
7.028082609176635742e-01
9.919480681419372559e-01
7.642541527748107910e-01
5.270566791296005249e-03
8.156897425651550293e-01
2.056376636028289795e-01
8.378735780715942383e-01
6.955573707818984985e-02
2.637228667736053467e-01
4.168583154678344727e-01
1.916880458593368530e-01
6.677758097648620605e-01
1.027791574597358704e-01
1.280767321586608887e-01
5.428243279457092285e-01
6.559191346168518066e-01
9.511937499046325684e-01
4.752292633056640625e-01
8.349627256393432617e-01
2.805756591260433197e-02
5.341010540723800659e-02
7.267368435859680176e-01
1.691306680440902710e-01
2.248912602663040161e-01
4.207153916358947754e-01
1.765057444572448730e-01
6.530604511499404907e-02
5.986059904098510742e-01
9.105926752090454102e-02
1.845318526029586792e-01
6.099207997322082520e-01
5.186818242073059082e-01
9.357266426086425781e-01
6.605643033981323242e-01
7.162648439407348633e-01
5.855693221092224121e-01
3.957602083683013916e-01
3.967474400997161865e-02
2.359466552734375000e-01
9.580755233764648438e-01
7.267369627952575684e-01
2.436221390962600708e-01
