6.821097731590270996e-01
9.084331989288330078e-01
4.963034093379974365e-01
1.880573108792304993e-02
8.334850072860717773e-01
9.236395359039306641e-01
5.940308570861816406e-01
4.557868242263793945e-01
5.345354080200195312e-01
1.702342182397842407e-01
1.099913492798805237e-01
1.962755918502807617e-01
1.199213862419128418e-01
9.624647498130798340e-01
1.608963459730148315e-01
3.255713284015655518e-01
2.730505168437957764e-01
8.503452688455581665e-02
2.766942381858825684e-01
8.023218512535095215e-01
8.836650848388671875e-01
6.293932795524597168e-01
9.280489385128021240e-02
7.546241283416748047e-01
9.161785244941711426e-01
4.896863400936126709e-01
9.505172371864318848e-01
7.336781620979309082e-01
6.863407492637634277e-01
7.576251626014709473e-01
8.210312128067016602e-01
3.388533592224121094e-01
5.571095347404479980e-01
7.472152709960937500e-01
6.255965232849121094e-01
1.569423824548721313e-01
5.138754844665527344e-01
1.014589294791221619e-01
5.775163769721984863e-01
8.531569838523864746e-01
6.052446365356445312e-01
3.699555099010467529e-01
5.973728895187377930e-01
5.906589627265930176e-01
5.700554847717285156e-01
4.161337018013000488e-01
9.404564499855041504e-01
3.462460935115814209e-01
1.381106525659561157e-01
6.188086271286010742e-01
2.049679756164550781e-01
3.096050024032592773e-01
1.175508182495832443e-02
9.043830037117004395e-01
5.233843922615051270e-01
3.027949333190917969e-01
8.125447630882263184e-01
4.006350040435791016e-01
9.994598627090454102e-01
5.433730483055114746e-01
7.014545798301696777e-01
1.662012040615081787e-01
9.778233766555786133e-01
4.112938642501831055e-01
5.737050771713256836e-01
1.882824897766113281e-01
5.603727102279663086e-01
4.192297160625457764e-01
7.656072974205017090e-01
7.171352952718734741e-02
1.146583929657936096e-01
2.527984976768493652e-01
1.738211363554000854e-01
8.940052986145019531e-02
6.546049714088439941e-01
6.333673000335693359e-01
9.327110648155212402e-01
3.499283790588378906e-01
5.381700396537780762e-01
5.036979317665100098e-01
7.077954411506652832e-01
8.165467977523803711e-01
9.005935788154602051e-01
5.176161527633666992e-01
2.697221934795379639e-01
6.410172581672668457e-01
7.277438640594482422e-01
8.370809555053710938e-01
9.648375958204269409e-02
4.054289162158966064e-01
7.273186463862657547e-03
8.967964053153991699e-01
2.490272372961044312e-01
6.449529528617858887e-01
2.871600389480590820e-01
6.699839830398559570e-01
9.198669791221618652e-01
6.012794971466064453e-01
8.402826189994812012e-01
8.868706226348876953e-01
6.147543787956237793e-01
7.569358497858047485e-02
1.468407064676284790e-01
3.075161762535572052e-02
7.857440114021301270e-01
1.502480953931808472e-01
6.514042019844055176e-01
2.830022871494293213e-01
5.318104028701782227e-01
2.442689239978790283e-01
4.822042584419250488e-01
5.065436959266662598e-01
5.819842815399169922e-01
6.652713418006896973e-01
5.670853257179260254e-01
7.113980650901794434e-01
6.865258514881134033e-02
8.900875449180603027e-01
3.163527250289916992e-01
9.122422337532043457e-01
1.770811676979064941e-01
9.827844500541687012e-01
7.787497043609619141e-01
3.613224625587463379e-01
3.904209136962890625e-01
7.614912986755371094e-01
2.350830137729644775e-01
7.472152709960937500e-01
8.258652687072753906e-01
2.001372873783111572e-01
6.374921798706054688e-01
6.744692921638488770e-01
9.470738172531127930e-01
2.315242588520050049e-01
2.908057272434234619e-01
1.014589294791221619e-01
6.231251358985900879e-02
5.433731079101562500e-01
8.443867564201354980e-01
9.367673993110656738e-01
9.953755736351013184e-01
7.367593646049499512e-01
4.476932287216186523e-01
9.871825575828552246e-01
2.288263291120529175e-01
8.637974262237548828e-01
9.584289193153381348e-01
4.239920079708099365e-01
3.388528525829315186e-01
5.233842730522155762e-01
3.872992992401123047e-01
6.786699295043945312e-01
7.704238891601562500e-01
5.152314156293869019e-02
2.258915603160858154e-01
4.071481898427009583e-02
3.710743784904479980e-02
6.614471673965454102e-01
6.523761153221130371e-02
4.628226757049560547e-01
7.151689529418945312e-01
4.333493411540985107e-01
4.112938642501831055e-01
6.981891393661499023e-01
1.068771779537200928e-01
2.391672432422637939e-01
2.991583347320556641e-01
3.063819706439971924e-01
1.804209798574447632e-01
1.253146976232528687e-01
3.130312860012054443e-01
4.290064573287963867e-01
7.401718497276306152e-01
4.628226757049560547e-01
3.345879539847373962e-02
7.183871269226074219e-01
3.754245815798640251e-03
5.485314130783081055e-01
9.739294648170471191e-01
6.943362355232238770e-01
8.488500714302062988e-01
4.868718087673187256e-01
1.289089769124984741e-01
9.664856791496276855e-01
6.902012228965759277e-01
1.428337097167968750e-01
8.089818358421325684e-01
1.199213191866874695e-01
9.277599453926086426e-01
9.544674158096313477e-01
7.943691015243530273e-01
3.839251697063446045e-01
5.539434030652046204e-02
1.331189125776290894e-01
1.841169595718383789e-01
3.585490882396697998e-01
2.796024084091186523e-01
3.937407732009887695e-01
2.952706813812255859e-01
3.546195030212402344e-01
4.519008100032806396e-01
9.909627437591552734e-01
6.099798679351806641e-01
9.697202444076538086e-01
4.963034093379974365e-01
3.306909501552581787e-01
7.895619869232177734e-01
8.669072985649108887e-01
8.300424814224243164e-01
3.336782455444335938e-01
2.224890589714050293e-01
4.373777210712432861e-01
5.863804221153259277e-01
7.823702096939086914e-01
7.303987145423889160e-01
6.577780246734619141e-01
8.039715141057968140e-02
5.109264850616455078e-01
1.517245825380086899e-02
4.748481810092926025e-01
2.559658885002136230e-01
3.201273381710052490e-01
8.705642819404602051e-01
6.221960783004760742e-01
8.932887911796569824e-01
3.972168564796447754e-01
4.445035755634307861e-01
1.536568552255630493e-01
2.195196226239204407e-02
8.740525245666503906e-01
7.752328515052795410e-01
2.598948776721954346e-01
2.049679756164550781e-01
1.926159262657165527e-01
4.821913316845893860e-02
8.060024976730346680e-01
5.280599594116210938e-01
3.808293044567108154e-01
5.640286207199096680e-01
4.788242876529693604e-01
7.050583362579345703e-01
7.984176874160766602e-01
6.484760046005249023e-01
2.099093049764633179e-01
4.683195650577545166e-01
2.192958593368530273e-01
8.606310486793518066e-01
2.651364803314208984e-01
8.573873639106750488e-01
4.427366703748703003e-02
9.438627958297729492e-01
4.409775137901306152e-01
4.718713164329528809e-01
3.644305765628814697e-01
3.671532869338989258e-01
5.884688347578048706e-02
