2.132259905338287354e-01
3.341163098812103271e-01
5.726203694939613342e-02
2.195152789354324341e-01
8.420849442481994629e-01
5.986837744712829590e-01
5.189311504364013672e-01
8.450867533683776855e-01
6.313092708587646484e-01
6.529995799064636230e-01
2.877916693687438965e-01
9.577118754386901855e-01
3.036138042807579041e-02
9.684068560600280762e-01
7.332517951726913452e-02
1.181912124156951904e-01
4.151075780391693115e-01
2.132257670164108276e-01
7.968026399612426758e-01
1.626716554164886475e-02
2.641521394252777100e-01
5.156458020210266113e-01
6.866056919097900391e-01
3.129495978355407715e-01
7.177402377128601074e-01
2.074593752622604370e-01
5.414364337921142578e-01
2.428357154130935669e-01
6.826772689819335938e-01
3.390563428401947021e-01
4.983777105808258057e-01
4.917195737361907959e-01
6.047204732894897461e-01
4.624496400356292725e-01
6.636756658554077148e-01
3.380039706826210022e-02
1.886484175920486450e-01
3.093508183956146240e-01
5.344405174255371094e-01
7.503677606582641602e-01
2.835781276226043701e-01
1.810798197984695435e-01
2.521782517433166504e-01
5.084442496299743652e-01
2.465394735336303711e-01
6.979394555091857910e-01
3.807968199253082275e-01
6.565922498703002930e-01
1.147980764508247375e-01
9.249447844922542572e-03
6.393076181411743164e-01
6.115868091583251953e-01
9.392920732498168945e-01
1.766787767410278320e-01
8.213121891021728516e-01
7.701066732406616211e-01
2.657895721495151520e-02
1.654698997735977173e-01
7.344049215316772461e-01
3.693523406982421875e-01
1.430337727069854736e-01
7.547903060913085938e-01
7.814042568206787109e-01
4.151075780391693115e-01
3.936410844326019287e-01
8.388264179229736328e-01
1.219487041234970093e-01
9.201576113700866699e-01
3.898782432079315186e-01
4.295751750469207764e-01
9.804183840751647949e-01
6.714405417442321777e-01
8.761522769927978516e-01
1.463207155466079712e-01
9.651274085044860840e-01
1.351904124021530151e-01
6.790876388549804688e-01
5.620794892311096191e-01
7.861504554748535156e-01
6.417058408260345459e-03
4.410081505775451660e-01
2.333537936210632324e-01
8.909139037132263184e-01
4.238636791706085205e-01
7.464309334754943848e-01
4.262227118015289307e-01
6.352208256721496582e-01
9.123495221138000488e-01
4.441956877708435059e-01
6.495730876922607422e-01
1.490535736083984375e-01
6.675381064414978027e-01
3.262468874454498291e-01
1.074400618672370911e-01
8.521746993064880371e-01
7.627277374267578125e-01
3.974994421005249023e-01
2.302578836679458618e-01
1.111011579632759094e-01
5.115964412689208984e-01
4.690225422382354736e-01
3.629477918148040771e-01
3.390563428401947021e-01
7.722866535186767578e-02
8.945975899696350098e-01
9.489643573760986328e-01
1.729109287261962891e-01
5.581505298614501953e-01
5.316354632377624512e-01
8.483487367630004883e-01
8.142814040184020996e-01
9.023910760879516602e-01
2.034926265478134155e-01
8.245909810066223145e-01
7.294868230819702148e-01
6.944199800491333008e-01
4.762601554393768311e-01
3.165197670459747314e-01
6.599709391593933105e-01
3.716094046831130981e-02
4.583240449428558350e-01
8.565208911895751953e-01
7.735389471054077148e-01
8.435648679733276367e-02
6.277486085891723633e-01
1.958828270435333252e-01
9.957038164138793945e-01
5.370029434561729431e-02
5.379199385643005371e-01
9.528124332427978516e-02
9.982746094465255737e-02
4.371019601821899414e-01
9.284583330154418945e-01
4.801749587059020996e-01
2.366393655538558960e-01
2.787050306797027588e-01
2.263459861278533936e-01
6.156225800514221191e-01
8.177658319473266602e-01
6.127279251813888550e-02
4.725318849086761475e-01
2.949104011058807373e-01
9.320421814918518066e-01
9.911000132560729980e-01
8.051530718803405762e-01
2.227439135313034058e-01
6.752533316612243652e-01
5.950258970260620117e-01
3.435259163379669189e-01
3.547389209270477295e-01
3.588154315948486328e-01
4.980616271495819092e-02
7.771521806716918945e-01
9.843676686286926270e-01
5.542001128196716309e-01
7.250130176544189453e-01
5.451436042785644531e-01
3.846203684806823730e-01
3.296695947647094727e-01
8.987064361572265625e-01
9.730584025382995605e-01
7.433211207389831543e-01
8.605790734291076660e-01
3.725478351116180420e-01
9.245990514755249023e-01
3.197550475597381592e-01
1.872104220092296600e-02
4.475639462471008301e-01
9.769229888916015625e-01
2.706572115421295166e-01
4.513527452945709229e-01
1.923645138740539551e-01
6.198992133140563965e-01
7.015022039413452148e-01
2.641521394252777100e-01
5.831474661827087402e-01
8.640608787536621094e-01
9.356600642204284668e-01
1.625298857688903809e-01
3.468160331249237061e-01
2.718026749789714813e-03
2.911846637725830078e-01
1.306179761886596680e-01
4.983777105808258057e-01
2.747930586338043213e-01
9.162820875644683838e-02
4.100120812654495239e-02
4.334092736244201660e-01
4.879658818244934082e-01
8.100569248199462891e-01
7.900488376617431641e-01
2.394751161336898804e-01
5.663280487060546875e-01
4.028517603874206543e-01
4.151075780391693115e-01
8.701986074447631836e-01
9.441815614700317383e-01
3.227001726627349854e-01
5.867223143577575684e-01
7.213551402091979980e-01
4.843431413173675537e-01
5.788105130195617676e-01
8.833014965057373047e-01
8.868506550788879395e-01
7.392614483833312988e-01
6.235681176185607910e-01
6.533320993185043335e-02
9.618812203407287598e-01
6.462094187736511230e-01
2.223434299230575562e-02
9.055357575416564941e-01
9.989739060401916504e-01
9.158051013946533203e-01
3.658294379711151123e-01
4.058043360710144043e-01
8.004752397537231445e-01
3.058211803436279297e-01
2.980019152164459229e-01
2.521782517433166504e-01
5.045946240425109863e-01
3.767915666103363037e-01
1.997150778770446777e-01
7.935488224029541016e-01
5.740119814872741699e-01
6.047204732894897461e-01
9.879331588745117188e-01
4.549632966518402100e-02
6.428971290588378906e-01
6.907996535301208496e-01
4.550384879112243652e-01
5.910693407058715820e-01
8.086197078227996826e-02
8.795996904373168945e-01
7.142004370689392090e-01
8.792275935411453247e-02
7.100571393966674805e-01
3.019344806671142578e-01
8.701985478401184082e-01
1.393446326255798340e-01
6.957746297121047974e-02
5.267834067344665527e-01
5.703015923500061035e-01
1.847197413444519043e-01
1.694512963294982910e-01
1.262996941804885864e-01
4.663204848766326904e-01
1.036860421299934387e-01
9.533225297927856445e-01
8.361989259719848633e-01
9.092395901679992676e-01
3.518546223640441895e-01
7.666399478912353516e-01
2.582973539829254150e-01
5.493912696838378906e-01
7.588115334510803223e-01
7.056006193161010742e-01
