1.785714477300643921e-01
4.350395202636718750e-01
1.352674812078475952e-01
3.817481175065040588e-02
8.519171737134456635e-03
4.284468889236450195e-01
8.010165095329284668e-01
7.782259583473205566e-02
4.821081161499023438e-01
9.918606877326965332e-01
8.159294128417968750e-01
4.223506152629852295e-01
5.009714961051940918e-01
2.252134978771209717e-01
1.315825283527374268e-01
1.958806067705154419e-01
1.600470989942550659e-01
4.902055263519287109e-01
8.964889049530029297e-01
2.201662212610244751e-01
6.064512729644775391e-01
5.300464630126953125e-01
9.035811424255371094e-01
4.277764633297920227e-02
6.134394407272338867e-01
8.667645454406738281e-01
9.993392825126647949e-01
4.250922501087188721e-01
1.990342736244201660e-01
9.877617955207824707e-01
2.064097970724105835e-01
4.785109162330627441e-01
5.699560046195983887e-01
2.624151408672332764e-01
6.988354921340942383e-01
5.431200861930847168e-01
8.120591640472412109e-01
9.240001440048217773e-01
9.716840982437133789e-01
9.670658111572265625e-01
6.960078477859497070e-01
9.550242424011230469e-01
7.894158959388732910e-01
5.727546811103820801e-01
1.055007427930831909e-01
3.440633416175842285e-01
5.395050644874572754e-01
6.890137195587158203e-01
9.422571659088134766e-01
1.137138530611991882e-01
4.668445140123367310e-02
6.928530931472778320e-01
4.516142010688781738e-01
2.495525926351547241e-01
9.071316123008728027e-01
7.660682201385498047e-01
5.179667472839355469e-01
8.852165341377258301e-01
9.837651997804641724e-02
5.216988325119018555e-01
2.891814708709716797e-01
7.507790923118591309e-01
9.759541749954223633e-01
6.677358746528625488e-01
2.278795391321182251e-01
3.740155398845672607e-01
8.744961023330688477e-01
3.075475571677088737e-03
8.422301411628723145e-01
3.576796650886535645e-01
6.473235487937927246e-01
4.481285810470581055e-01
2.317941784858703613e-01
1.600471735000610352e-01
9.962959289550781250e-01
6.626058220863342285e-01
6.212512254714965820e-01
3.504376411437988281e-01
6.769900918006896973e-01
3.253452479839324951e-01
6.397356390953063965e-01
1.209828630089759827e-01
9.621273875236511230e-01
3.404750227928161621e-01
1.021187603473663330e-01
4.625333547592163086e-01
3.471525311470031738e-01
2.731186747550964355e-01
2.433362156152725220e-01
2.024558037519454956e-01
4.932080209255218506e-01
8.347774744033813477e-01
7.941835522651672363e-01
8.816770911216735840e-01
8.629838824272155762e-01
1.736353933811187744e-01
2.465736865997314453e-01
8.066250681877136230e-01
8.385004401206970215e-01
3.701364696025848389e-01
8.888469338417053223e-01
7.831138372421264648e-01
1.239384189248085022e-01
8.527302145957946777e-01
1.404886394739151001e-01
9.299584627151489258e-01
7.831138372421264648e-01
4.744493067264556885e-01
8.066250681877136230e-01
3.355731442570686340e-02
9.107283949851989746e-01
7.295850515365600586e-01
9.837569594383239746e-01
7.444875836372375488e-01
7.262181639671325684e-01
8.162201195955276489e-02
6.310776472091674805e-01
9.587140083312988281e-01
2.152167558670043945e-01
7.619768381118774414e-01
4.394948482513427734e-01
4.552364051342010498e-01
6.177196502685546875e-01
3.177407681941986084e-01
3.095044195652008057e-01
4.703962802886962891e-01
9.075888246297836304e-02
1.452352255582809448e-01
3.009876906871795654e-01
6.357992291450500488e-01
6.677356362342834473e-01
8.267155885696411133e-01
7.537325024604797363e-01
5.837053656578063965e-01
5.252217650413513184e-01
7.198342680931091309e-01
2.213477157056331635e-02
9.214391708374023438e-01
4.313851892948150635e-01
6.726130843162536621e-01
5.089401602745056152e-01
2.562937736511230469e-01
4.996810853481292725e-02
5.954302549362182617e-01
2.847866415977478027e-01
2.590339183807373047e-01
1.175763159990310669e-01
5.132996439933776855e-01
3.658330440521240234e-01
3.771604299545288086e-01
2.379034906625747681e-01
7.733443379402160645e-01
3.542055785655975342e-01
2.379034906625747681e-01
2.802736461162567139e-01
1.404889076948165894e-01
9.462428838014602661e-02
4.974242448806762695e-01
5.878026485443115234e-01
7.061107456684112549e-02
7.159993052482604980e-01
6.012649536132812500e-01
8.781430125236511230e-01
6.012649536132812500e-01
8.453840017318725586e-01
5.526959896087646484e-01
6.105834245681762695e-01
7.405103743076324463e-02
3.137313425540924072e-01
5.912722945213317871e-01
3.969862461090087891e-01
8.527302145957946777e-01
1.280051171779632568e-01
3.217103481292724609e-01
6.792209297418594360e-02
6.430867314338684082e-01
4.666434526443481445e-01
1.836945563554763794e-01
7.046529650688171387e-01
5.801631808280944824e-01
2.768442630767822266e-01
8.598820567131042480e-01
2.963571548461914062e-01
1.927743554115295410e-01
5.495501756668090820e-01
4.865428507328033447e-01
3.286364078521728516e-01
8.235352039337158203e-01
1.871482096612453461e-02
3.051247894763946533e-01
2.126757204532623291e-01
2.919338941574096680e-01
5.627952218055725098e-01
9.382653236389160156e-01
8.519171737134456635e-03
1.436414849013090134e-02
5.460978746414184570e-01
8.607300370931625366e-02
6.515318751335144043e-01
4.039803147315979004e-01
7.472393512725830078e-01
7.228530645370483398e-01
6.797837615013122559e-01
1.885821670293807983e-01
5.598423480987548828e-01
5.340133979916572571e-02
3.931258022785186768e-01
1.525321900844573975e-01
7.783857583999633789e-01
6.588313579559326172e-01
2.527164518833160400e-01
9.138262271881103516e-01
9.794934391975402832e-01
8.194125890731811523e-01
6.551219820976257324e-01
7.733442783355712891e-01
7.970619797706604004e-01
6.844363212585449219e-01
8.999834060668945312e-01
5.562492012977600098e-01
5.348172783851623535e-01
4.440008997917175293e-01
3.617093861103057861e-01
7.046529650688171387e-01
2.929803542792797089e-02
1.493312716484069824e-01
1.664396822452545166e-01
2.201662212610244751e-01
4.073401987552642822e-01
3.889235258102416992e-01
9.510983824729919434e-01
1.090011969208717346e-01
8.308791518211364746e-01
2.658835947513580322e-01
3.330433666706085205e-01
1.700028479099273682e-01
2.552579157054424286e-02
3.805690407752990723e-01
5.594846233725547791e-02
3.370973765850067139e-01
9.270053505897521973e-01
4.099474847316741943e-01
6.261947751045227051e-01
5.764359831809997559e-01
9.332249760627746582e-01
7.116383314132690430e-01
5.050618052482604980e-01
7.321900129318237305e-01
3.846103549003601074e-01
8.926495909690856934e-01
8.706039190292358398e-01
9.467680454254150391e-01
4.590893089771270752e-01
4.006800949573516846e-01
2.696166336536407471e-01
7.572385072708129883e-01
