5.993463993072509766e-01
7.985762357711791992e-01
3.835344910621643066e-01
6.291058659553527832e-01
6.212501786649227142e-03
6.924351304769515991e-02
2.702950127422809601e-02
3.307625055313110352e-01
6.359896063804626465e-01
6.870198249816894531e-01
2.138451039791107178e-01
2.228739708662033081e-01
2.883151173591613770e-01
9.458428025245666504e-01
1.785753518342971802e-01
7.342700362205505371e-01
6.520836949348449707e-01
8.180691599845886230e-01
5.920621156692504883e-01
7.385579347610473633e-01
5.033609643578529358e-02
2.639919817447662354e-01
2.932471632957458496e-01
8.576991558074951172e-01
8.660128116607666016e-01
5.134792327880859375e-01
1.757376492023468018e-01
7.101101875305175781e-01
7.951495647430419922e-01
3.387758135795593262e-01
2.197492271661758423e-01
6.767880320549011230e-01
6.179109588265419006e-02
1.279787123203277588e-01
1.316031720489263535e-02
5.362091213464736938e-02
3.156553506851196289e-01
4.097094833850860596e-01
8.139157295227050781e-01
1.069654151797294617e-01
9.369937777519226074e-01
1.537540405988693237e-01
7.677146196365356445e-01
2.732828855514526367e-01
9.837865829467773438e-01
2.849004566669464111e-01
6.401948332786560059e-01
3.347097635269165039e-01
1.431324779987335205e-01
1.389399915933609009e-01
1.007371395826339722e-01
4.586489498615264893e-01
4.468227922916412354e-01
3.868408203125000000e-01
2.322697490453720093e-01
1.213893815875053406e-01
6.906020045280456543e-01
3.971442878246307373e-01
2.512799799442291260e-01
4.177351593971252441e-01
3.898780941963195801e-01
9.303216338157653809e-01
4.820388257503509521e-01
6.480497717857360840e-01
5.635560750961303711e-01
6.323513984680175781e-01
4.640157818794250488e-01
3.579652607440948486e-01
9.696637392044067383e-01
8.543139100074768066e-01
5.209519863128662109e-01
2.472902536392211914e-01
8.016851544380187988e-01
8.459707498550415039e-01
9.862460494041442871e-01
8.217968344688415527e-01
1.646074354648590088e-01
5.594990849494934082e-01
5.175756812095642090e-01
9.504801034927368164e-01
8.914188146591186523e-01
7.212352156639099121e-01
3.732455074787139893e-01
4.433140456676483154e-01
8.062773942947387695e-02
8.700917959213256836e-01
5.071206092834472656e-01
8.742979168891906738e-01
3.097951710224151611e-01
6.985902190208435059e-01
9.956886768341064453e-01
6.942192912101745605e-01
5.313840508460998535e-01
4.959681332111358643e-01
5.749107599258422852e-01
6.445592641830444336e-01
8.507067561149597168e-01
1.949179917573928833e-01
7.492686510086059570e-01
1.579794138669967651e-01
3.655549287796020508e-01
1.461742967367172241e-01
1.910552382469177246e-01
1.874559223651885986e-01
5.821664333343505859e-01
2.814564406871795654e-01
1.182391792535781860e-01
3.802606761455535889e-01
7.022564411163330078e-01
3.074675053358078003e-02
1.964725181460380554e-02
4.887414276599884033e-01
6.795073747634887695e-01
2.972896695137023926e-01
3.695166707038879395e-01
6.167962551116943359e-01
5.443485379219055176e-01
8.254073858261108398e-01
6.067932844161987305e-01
3.265052437782287598e-01
4.640157818794250488e-01
8.058205842971801758e-01
3.122926950454711914e-01
9.666603207588195801e-01
9.611857533454895020e-01
4.858581423759460449e-01
9.750296175479888916e-02
9.611857533454895020e-01
3.458846807479858398e-01
5.242515206336975098e-01
7.524167895317077637e-01
7.880064845085144043e-01
4.924831986427307129e-01
2.404262870550155640e-01
2.270292937755584717e-01
4.134964346885681152e-01
4.223865866661071777e-01
1.315041482448577881e-01
7.706302404403686523e-01
6.212505511939525604e-03
1.846994757652282715e-01
4.693583548069000244e-01
8.363573551177978516e-01
7.919515371322631836e-01
7.101101875305175781e-01
7.830538749694824219e-01
1.985452771186828613e-01
1.069654151797294617e-01
9.267635345458984375e-01
2.559214234352111816e-01
9.033531546592712402e-01
2.932471632957458496e-01
7.296889424324035645e-01
4.317966699600219727e-01
7.297489792108535767e-02
8.830394744873046875e-01
4.010112583637237549e-01
3.934714198112487793e-01
9.115175008773803711e-01
9.544050097465515137e-01
6.027710437774658203e-01
6.252008080482482910e-01
9.322605282068252563e-02
4.355926811695098877e-01
4.662590101361274719e-02
8.428051322698593140e-02
5.022079944610595703e-01
6.205970048904418945e-01
6.559531688690185547e-01
2.300148271024227142e-02
2.362754642963409424e-01
9.989896416664123535e-01
7.743679285049438477e-01
5.732389912009239197e-02
7.788314223289489746e-01
8.327159881591796875e-01
8.615506887435913086e-01
4.273177087306976318e-01
3.887975215911865234e-02
8.955277800559997559e-01
9.427621364593505859e-01
8.287832140922546387e-01
4.520198404788970947e-01
5.557733178138732910e-01
9.718896150588989258e-01
3.498945832252502441e-01
6.136619448661804199e-01
5.277152061462402344e-01
1.666016131639480591e-02
7.603822946548461914e-01
9.194192290306091309e-01
4.725183248519897461e-01
5.484196543693542480e-01
7.618003338575363159e-02
2.441346347332000732e-01
1.247010380029678345e-01
4.290423542261123657e-02
5.710488557815551758e-01
7.458182573318481445e-01
3.191982209682464600e-01
4.990116059780120850e-01
4.795655012130737305e-01
8.396875858306884766e-01
3.225128054618835449e-01
5.672498941421508789e-01
1.714220196008682251e-01
5.519857406616210938e-01
1.502632051706314087e-01
8.789537549018859863e-01
5.851184129714965820e-01
1.612901538610458374e-01
5.071206092834472656e-01
9.230153560638427734e-01
5.785544514656066895e-01
6.836299300193786621e-01
9.895321130752563477e-01
7.565210461616516113e-01
6.654747128486633301e-01
5.884223580360412598e-01
2.670222222805023193e-01
7.178184986114501953e-01
1.139038503170013428e-01
8.873434364795684814e-02
6.563315540552139282e-02
6.628337502479553223e-01
2.030597031116485596e-01
9.369938373565673828e-01
2.732828855514526367e-01
4.547929763793945312e-01
6.595845222473144531e-01
7.101101875305175781e-01
8.868287205696105957e-01
2.138451486825942993e-01
9.930168986320495605e-01
3.536370396614074707e-01
1.357292681932449341e-01
4.394477903842926025e-01
2.066721916198730469e-01
7.641296386718750000e-01
9.148081541061401367e-01
9.074713587760925293e-01
1.680280715227127075e-01
7.262598872184753418e-01
3.514776751399040222e-02
7.419767975807189941e-01
8.096492886543273926e-01
3.422533571720123291e-01
6.100722551345825195e-01
2.605954408645629883e-01
3.617086410522460938e-01
5.400798916816711426e-01
4.053611755371093750e-01
5.356332063674926758e-01
5.952547192573547363e-01
8.998335003852844238e-01
3.767323791980743408e-01
