7.816060781478881836e-01
4.495863020420074463e-01
5.252243876457214355e-01
7.653137445449829102e-01
4.733098447322845459e-01
3.723002374172210693e-01
8.410322666168212891e-01
6.002821922302246094e-01
3.656674921512603760e-01
7.192886471748352051e-01
9.428612142801284790e-02
3.502043485641479492e-01
1.865337193012237549e-01
4.403266906738281250e-01
4.688965976238250732e-01
1.012734323740005493e-01
7.872403264045715332e-01
8.718712329864501953e-01
9.770790487527847290e-02
8.185396194458007812e-01
5.855969786643981934e-01
6.622195243835449219e-01
6.899120211601257324e-01
1.350083351135253906e-01
1.161050423979759216e-01
2.306851446628570557e-01
8.231291174888610840e-01
6.130581498146057129e-01
5.133894085884094238e-01
8.523961901664733887e-01
2.156165242195129395e-01
5.174535512924194336e-01
1.271684765815734863e-01
9.599680304527282715e-01
3.628423511981964111e-01
5.402495265007019043e-01
7.044529318809509277e-01
4.885069131851196289e-01
3.431611955165863037e-01
2.073361724615097046e-01
6.690756082534790039e-01
1.613659411668777466e-01
6.820658445358276367e-01
7.941707968711853027e-02
7.430160045623779297e-01
4.244964718818664551e-01
4.441459774971008301e-01
5.442873239517211914e-01
9.670805931091308594e-01
1.948544085025787354e-01
1.502247154712677002e-01
3.172401785850524902e-01
8.447457551956176758e-01
2.340012788772583008e-01
5.518763065338134766e-01
2.845900058746337891e-01
6.028606891632080078e-01
6.574943661689758301e-02
2.198981940746307373e-01
2.431610077619552612e-01
8.372660875320434570e-01
8.271904587745666504e-01
4.013813734054565430e-01
6.054137647151947021e-02
9.520530104637145996e-01
2.235874086618423462e-01
2.955795824527740479e-01
2.265866398811340332e-01
1.985610127449035645e-01
5.558337271213531494e-02
6.788103580474853516e-01
8.892750144004821777e-01
1.732649505138397217e-01
3.100112676620483398e-01
9.950954318046569824e-01
5.091614127159118652e-01
6.971892714500427246e-02
2.636715956032276154e-02
3.461242914199829102e-01
5.931257605552673340e-01
7.952423691749572754e-01
7.749931812286376953e-01
3.033084869384765625e-01
1.787151694297790527e-01
3.228543102741241455e-01
8.003768324851989746e-01
2.991777062416076660e-01
9.156796336174011230e-01
8.969946503639221191e-01
7.239115238189697266e-01
3.761081397533416748e-01
7.842285633087158203e-01
8.673143982887268066e-01
5.719362497329711914e-01
9.983410835266113281e-01
9.376004338264465332e-01
2.913769483566284180e-01
2.813114821910858154e-01
5.058044195175170898e-01
7.619199156761169434e-01
8.853880167007446289e-01
4.618575572967529297e-01
3.910416662693023682e-01
3.019027784466743469e-02
5.684149861335754395e-01
6.494086384773254395e-01
4.050545096397399902e-01
2.879182100296020508e-01
8.307863473892211914e-01
4.779390990734100342e-01
5.212720036506652832e-01
5.323401093482971191e-01
2.553308010101318359e-01
7.149952650070190430e-01
8.814978599548339844e-01
8.560768365859985352e-01
4.688967466354370117e-01
5.559219717979431152e-01
6.222823262214660645e-01
3.318047821521759033e-01
7.345504760742187500e-01
4.977923333644866943e-01
4.917387068271636963e-01
1.642183959484100342e-02
9.086945056915283203e-01
9.772433638572692871e-01
2.780210375785827637e-01
7.311676740646362305e-01
9.123309850692749023e-01
1.390299946069717407e-01
9.053769111633300781e-01
4.169128835201263428e-01
9.635817408561706543e-01
5.894418358802795410e-01
1.232386194169521332e-02
2.112761735916137695e-01
1.641113311052322388e-01
8.633678555488586426e-01
1.575171053409576416e-01
1.678888052701950073e-01
9.447955489158630371e-01
9.412344098091125488e-01
9.338170289993286133e-01
3.354561626911163330e-01
2.431610077619552612e-01
3.393080234527587891e-01
9.912706017494201660e-01
6.453908681869506836e-01
3.949512541294097900e-01
7.480697631835937500e-01
9.483207464218139648e-01
2.374433875083923340e-01
2.621593773365020752e-01
1.307985931634902954e-01
5.220395978540182114e-04
3.065559267997741699e-01
8.139569759368896484e-01
9.228809475898742676e-01
4.480577632784843445e-02
6.534121036529541016e-01
4.327724874019622803e-01
6.939036250114440918e-01
2.585776448249816895e-01
8.339118361473083496e-01
3.691498935222625732e-01
8.599686026573181152e-01
7.910639047622680664e-01
5.786689519882202148e-01
5.479803681373596191e-01
5.643246173858642578e-01
4.977923333644866943e-01
3.274771869182586670e-01
6.976591348648071289e-01
9.309512972831726074e-01
6.259461641311645508e-01
5.821961164474487305e-01
1.116462424397468567e-01
4.091901183128356934e-01
5.965515375137329102e-01
4.134825766086578369e-01
8.040697574615478516e-01
1.214630752801895142e-01
1.732649505138397217e-01
3.504216298460960388e-02
4.618575572967529297e-01
2.001112699508666992e-02
2.517319321632385254e-01
4.826647341251373291e-01
5.285907387733459473e-01
3.869250416755676270e-01
7.589015364646911621e-01
1.821429580450057983e-01
9.014412760734558105e-01
6.303128600120544434e-01
7.522615790367126465e-01
2.751918435096740723e-01
1.426766812801361084e-01
4.468609392642974854e-01
3.570274114608764648e-01
8.481760621070861816e-01
9.868648648262023926e-01
6.100183725357055664e-01
8.072701692581176758e-01
3.138459324836730957e-01
9.699576497077941895e-01
2.027560621500015259e-01
7.008212208747863770e-01
5.153496935963630676e-02
6.690755486488342285e-01
2.306364290416240692e-02
3.832795917987823486e-01
8.105648756027221680e-01
9.818985462188720703e-01
6.751383543014526367e-01
4.189225845038890839e-03
4.365060925483703613e-01
1.082674637436866760e-01
6.378459334373474121e-01
9.148395061492919922e-02
7.660229504108428955e-02
1.044182777404785156e-01
5.363065004348754883e-01
6.856501698493957520e-01
4.283569455146789551e-01
6.178864836692810059e-01
8.929712772369384766e-01
1.214630752801895142e-01
9.197121262550354004e-01
7.381342053413391113e-01
4.800381511449813843e-02
1.541062444448471069e-01
2.656537294387817383e-01
9.561985135078430176e-01
5.601652860641479492e-01
5.752486586570739746e-01
3.798249661922454834e-01
1.906056851148605347e-01
7.110778093338012695e-01
6.337608098983764648e-01
2.490879297256469727e-01
3.979842066764831543e-01
9.732922315597534180e-01
7.279894351959228516e-01
7.077575922012329102e-01
7.560455799102783203e-01
7.780762910842895508e-01
8.768712282180786133e-01
4.204404354095458984e-01
7.825140841305255890e-03
6.581069827079772949e-01
1.464919596910476685e-01
3.570274114608764648e-01
2.684780657291412354e-01
7.303768396377563477e-02
6.418102979660034180e-01
4.041394963860511780e-02
