3.866252303123474121e-01
2.886733114719390869e-01
9.694505929946899414e-01
9.012770652770996094e-02
4.506852030754089355e-01
4.179855585098266602e-01
4.131309986114501953e-01
5.963602662086486816e-01
7.832317352294921875e-01
3.231914937496185303e-01
4.825220704078674316e-01
3.507263064384460449e-01
7.157760858535766602e-01
8.873627781867980957e-01
1.818002909421920776e-01
6.893999576568603516e-01
5.602169632911682129e-01
6.354220211505889893e-02
2.066603749990463257e-01
3.769332766532897949e-01
8.900593519210815430e-01
6.561920642852783203e-01
1.780016422271728516e-01
3.196705579757690430e-01
6.603900194168090820e-01
4.705874621868133545e-01
6.761062741279602051e-01
5.784443616867065430e-01
9.482482075691223145e-01
8.698731660842895508e-01
5.758049488067626953e-01
6.297079920768737793e-01
2.208078801631927490e-01
4.012684524059295654e-01
3.268082439899444580e-01
4.786391556262969971e-01
2.853679656982421875e-01
3.655506670475006104e-01
3.904388844966888428e-01
5.723857283592224121e-01
4.510414972901344299e-02
4.909738004207611084e-01
9.635646939277648926e-01
2.169462442398071289e-01
2.098627835512161255e-01
7.456303834915161133e-01
3.939103782176971436e-01
2.001439034938812256e-02
3.425342738628387451e-01
6.967164874076843262e-01
5.229418277740478516e-01
9.694505929946899414e-01
7.370659112930297852e-01
7.619616985321044922e-01
5.495103597640991211e-01
6.140651702880859375e-01
1.524410396814346313e-01
4.258989095687866211e-01
6.100433468818664551e-01
6.218057274818420410e-01
9.516156315803527832e-01
4.854243248701095581e-02
7.875481247901916504e-01
1.336378157138824463e-01
4.699230659753084183e-03
4.866823256015777588e-01
6.927813291549682617e-01
5.261965990066528320e-01
8.246854543685913086e-01
9.422913193702697754e-02
8.805808424949645996e-01
5.925580263137817383e-01
5.462079048156738281e-01
2.129762023687362671e-01
6.660917401313781738e-01
3.385773003101348877e-01
9.438976645469665527e-01
1.913539618253707886e-01
5.206722021102905273e-01
2.672369778156280518e-01
3.059976100921630859e-01
5.530255436897277832e-01
7.744357585906982422e-01
2.740925252437591553e-01
4.392898380756378174e-01
5.356115698814392090e-01
9.086749553680419922e-01
7.125542759895324707e-01
2.291025370359420776e-01
8.654929399490356445e-01
2.442121952772140503e-01
3.545824587345123291e-01
4.428522586822509766e-01
2.329491972923278809e-01
7.075838744640350342e-02
2.999484241008758545e-01
8.139930963516235352e-01
4.468907713890075684e-01
3.626050055027008057e-01
8.499814271926879883e-01
5.643881559371948242e-01
4.576022028923034668e-01
3.307844996452331543e-01
2.969373390078544617e-02
9.203841090202331543e-01
7.998623251914978027e-01
1.410199999809265137e-01
7.423913478851318359e-01
5.838714838027954102e-01
7.268492579460144043e-01
9.850188493728637695e-01
8.165554702281951904e-02
5.722613260149955750e-02
2.572382986545562744e-01
1.153716817498207092e-01
6.180449724197387695e-01
9.810329079627990723e-01
4.987220168113708496e-01
6.998687386512756348e-01
2.491104155778884888e-01
9.826754778623580933e-02
2.399706691503524780e-01
1.442527282051742077e-03
8.034710884094238281e-01
9.332227706909179688e-01
6.761693209409713745e-02
2.607365548610687256e-01
2.960582077503204346e-01
4.612447917461395264e-01
1.114396303892135620e-01
1.694347709417343140e-01
5.416962504386901855e-01
3.732696771621704102e-01
3.803543150424957275e-01
9.588401913642883301e-01
8.344222307205200195e-01
8.577134460210800171e-02
6.250378489494323730e-01
5.995891690254211426e-01
6.464184522628784180e-01
3.345694243907928467e-01
1.643498241901397705e-02
7.785754203796386719e-01
6.857720017433166504e-01
9.020301103591918945e-01
8.541974425315856934e-01
2.036684602499008179e-01
9.907739758491516113e-01
9.554725885391235352e-01
2.536609172821044922e-01
8.281275033950805664e-01
6.354579925537109375e-01
6.061102151870727539e-01
7.342649698257446289e-01
5.356115698814392090e-01
6.491453647613525391e-01
1.068476960062980652e-01
8.840253353118896484e-01
1.232863590121269226e-01
8.383859992027282715e-01
7.190228700637817383e-01
2.249433845281600952e-01
7.959505915641784668e-01
8.109579682350158691e-01
3.160893619060516357e-01
8.462240099906921387e-01
1.261397451162338257e-01
1.647682189941406250e-01
9.161768555641174316e-01
9.288972020149230957e-01
4.115080460906028748e-02
2.336882054805755615e-02
6.354579925537109375e-01
5.058625936508178711e-01
5.298877358436584473e-01
5.722607299685478210e-02
8.210973739624023438e-01
1.372730880975723267e-01
4.950240850448608398e-01
9.958060383796691895e-01
7.659491896629333496e-01
9.126794934272766113e-01
5.022130012512207031e-01
5.838714838027954102e-01
6.025644540786743164e-01
7.916665673255920410e-01
2.641364634037017822e-01
2.815650105476379395e-01
7.096733450889587402e-01
8.072795867919921875e-01
1.193550974130630493e-01
4.358887374401092529e-01
8.178310990333557129e-01
1.300908774137496948e-01
1.565309315919876099e-01
2.775659263134002686e-01
6.790061593055725098e-01
9.246303439140319824e-01
7.063671946525573730e-01
7.582806944847106934e-01
7.702076435089111328e-01
5.087370276451110840e-01
1.850034445524215698e-01
1.734867691993713379e-01
2.922706007957458496e-01
4.659934043884277344e-01
2.705278694629669189e-01
3.831523358821868896e-01
9.389271140098571777e-01
6.660917401313781738e-01
4.295989871025085449e-01
7.521871328353881836e-01
5.893353223800659180e-01
5.684673190116882324e-01
4.218420386314392090e-01
7.521871328353881836e-01
6.827774643898010254e-01
8.579582571983337402e-01
7.231609225273132324e-01
8.422943949699401855e-01
8.768447637557983398e-01
1.485316306352615356e-01
1.445954442024230957e-01
2.363521754741668701e-01
3.119364678859710693e-01
4.748486280441284180e-01
1.604338735342025757e-01
4.090211093425750732e-01
4.541022181510925293e-01
4.325110614299774170e-01
3.748727217316627502e-02
3.341639786958694458e-02
9.988124370574951172e-01
5.565969347953796387e-01
1.243321783840656281e-02
8.736809492111206055e-01
6.418746113777160645e-01
2.651389315724372864e-02
7.797396183013916016e-02
8.617158979177474976e-03
3.692605793476104736e-01
4.050637781620025635e-01
3.974778056144714355e-01
8.312731385231018066e-01
6.717537045478820801e-01
7.313859462738037109e-01
9.047369956970214844e-01
1.024303957819938660e-01
7.442367076873779297e-02
6.533176898956298828e-01
8.617382049560546875e-01
9.777813553810119629e-01
1.885921061038970947e-01
7.033410072326660156e-01
9.745377302169799805e-01
3.463786244392395020e-01
