1.990176588296890259e-01
2.631090283393859863e-01
8.678913116455078125e-01
2.476821653544902802e-02
6.202726624906063080e-03
2.512516975402832031e-01
3.946641087532043457e-01
7.932847142219543457e-01
7.850855588912963867e-01
1.214611530303955078e-01
9.998148083686828613e-01
5.676320195198059082e-01
5.607485771179199219e-01
6.458682417869567871e-01
6.140487194061279297e-01
9.318151473999023438e-01
9.016093015670776367e-01
5.148953795433044434e-01
8.165029287338256836e-01
3.791749775409698486e-01
2.277438193559646606e-01
6.035404205322265625e-01
2.472778558731079102e-01
1.544323116540908813e-01
2.349485307931900024e-01
9.674494862556457520e-01
9.482581615447998047e-01
3.830270469188690186e-01
9.751214981079101562e-01
7.890117764472961426e-01
7.050738334655761719e-01
7.768944501876831055e-01
4.056479930877685547e-01
2.867080867290496826e-01
7.605191469192504883e-01
9.301622956991195679e-02
9.255422353744506836e-01
2.094549387693405151e-01
3.978856205940246582e-01
7.392572760581970215e-01
6.107025146484375000e-01
4.401011466979980469e-01
4.821391776204109192e-02
9.906557202339172363e-01
2.825326919555664062e-01
3.341107666492462158e-01
5.032965540885925293e-01
8.507654070854187012e-01
5.139520764350891113e-02
6.495816111564636230e-01
7.295192480087280273e-01
9.064553976058959961e-01
1.299217790365219116e-01
7.113281488418579102e-01
2.590536177158355713e-01
3.722287118434906006e-01
3.087102174758911133e-01
8.639821410179138184e-01
2.908367812633514404e-01
9.157250523567199707e-01
4.699710011482238770e-01
7.145676612854003906e-01
1.782295107841491699e-02
7.329962849617004395e-01
6.572745442390441895e-01
5.372916460037231445e-01
6.074955463409423828e-01
8.818864226341247559e-01
2.387379705905914307e-01
5.766857266426086426e-01
4.090880453586578369e-01
1.040294114500284195e-02
5.533760786056518555e-01
1.338731348514556885e-01
6.944084763526916504e-01
8.376142382621765137e-01
2.551754117012023926e-01
4.627437293529510498e-01
2.752848267555236816e-01
4.513524472713470459e-01
6.646521687507629395e-01
1.650261431932449341e-01
7.570480704307556152e-01
2.123269438743591309e-01
9.443278908729553223e-01
5.484176278114318848e-01
5.957601666450500488e-01
9.638649821281433105e-01
4.374178647994995117e-01
5.422369241714477539e-01
5.831102728843688965e-01
9.790456295013427734e-01
2.248543202877044678e-01
1.254760175943374634e-01
1.179632097482681274e-01
4.571677148342132568e-01
4.834475219249725342e-01
6.799405813217163086e-01
8.787000775337219238e-01
8.129776716232299805e-01
9.998145103454589844e-01
4.150288701057434082e-01
5.642265677452087402e-01
6.300568580627441406e-01
7.414458990097045898e-01
1.134893000125885010e-01
8.597706556320190430e-01
1.947544515132904053e-01
8.269165158271789551e-01
3.173004686832427979e-01
4.873089194297790527e-01
8.507654070854187012e-01
5.935213714838027954e-02
6.181395649909973145e-01
4.662783741950988770e-01
4.910756647586822510e-01
1.813673526048660278e-01
8.605010062456130981e-02
6.383503675460815430e-01
8.235456943511962891e-01
7.082445621490478516e-01
4.793756306171417236e-01
5.338999032974243164e-01
3.043981194496154785e-01
2.058018594980239868e-01
2.989431619644165039e-01
8.973597735166549683e-02
4.571677744388580322e-01
1.775240451097488403e-01
9.522274732589721680e-01
3.903366029262542725e-01
8.322454690933227539e-01
4.150288701057434082e-01
1.731262803077697754e-01
8.150660991668701172e-02
9.942303895950317383e-01
6.342373490333557129e-01
3.747903108596801758e-01
7.810769081115722656e-01
8.416833877563476562e-01
2.147435396909713745e-02
9.602479934692382812e-01
9.826346039772033691e-01
8.561408519744873047e-01
2.944898307323455811e-01
4.335325062274932861e-01
4.241772294044494629e-01
5.148953795433044434e-01
6.219593286514282227e-01
9.563624262809753418e-01
9.285880327224731445e-01
3.526134416460990906e-02
9.866944551467895508e-01
7.723359465599060059e-01
1.579603254795074463e-01
4.440425038337707520e-01
2.315057814121246338e-01
9.713047742843627930e-01
2.673077583312988281e-01
6.420941352844238281e-01
7.365375161170959473e-01
3.868485689163208008e-01
3.480176031589508057e-01
1.386462897062301636e-01
2.788228392601013184e-01
8.093071579933166504e-01
7.358380407094955444e-02
5.869811773300170898e-01
1.849839836359024048e-01
5.803117752075195312e-01
5.063388943672180176e-01
7.777791470289230347e-02
6.978890299797058105e-01
1.429347544908523560e-01
6.758268475532531738e-01
2.428998947143554688e-01
3.264734148979187012e-01
8.198676109313964844e-01
7.257073521614074707e-01
8.014624118804931641e-01
5.280153155326843262e-01
4.950497746467590332e-01
3.127380907535552979e-01
5.569639801979064941e-01
3.522577881813049316e-01
3.639039993286132812e-01
8.322454690933227539e-01
6.650383770465850830e-02
6.010364294052124023e-01
8.981605768203735352e-01
7.677404880523681641e-01
2.855401672422885895e-02
9.212770462036132812e-01
6.683830618858337402e-01
8.846612572669982910e-01
9.668537229299545288e-02
7.640160322189331055e-01
1.043595597147941589e-01
1.508813351392745972e-01
3.559985756874084473e-01
6.533575654029846191e-01
4.994132220745086670e-01
1.615808755159378052e-01
2.989431619644165039e-01
8.720065951347351074e-01
1.899502277374267578e-01
6.721727252006530762e-01
1.435387600213289261e-02
6.874889731407165527e-01
5.094711780548095703e-01
9.356064200401306152e-01
6.316716969013214111e-02
9.064553976058959961e-01
3.303856253623962402e-01
1.087536215782165527e-01
3.601817488670349121e-01
7.016307711601257324e-01
6.611437797546386719e-01
7.524906396865844727e-01
5.536535382270812988e-02
1.471232324838638306e-01
3.219856619834899902e-01
1.006781980395317078e-01
9.130243062973022461e-01
3.437205851078033447e-01
5.305311679840087891e-01
2.715062201023101807e-01
4.019287526607513428e-01
7.972177863121032715e-01
7.489864826202392578e-01
7.009878754615783691e-02
5.422369241714477539e-01
3.172332793474197388e-02
4.305194616317749023e-01
1.687167435884475708e-01
6.910532116889953613e-01
3.851815685629844666e-02
4.473110437393188477e-01
7.181047201156616211e-01
4.241772294044494629e-01
4.750317037105560303e-01
4.474928230047225952e-02
6.260402202606201172e-01
2.024290412664413452e-01
5.957601666450500488e-01
6.836373209953308105e-01
7.219089269638061523e-01
8.955298066139221191e-01
8.447036147117614746e-01
5.904209613800048828e-01
9.400038719177246094e-01
3.387219011783599854e-01
8.055406808853149414e-01
8.760234117507934570e-01
4.187264665961265564e-02
5.721086263656616211e-01
