6.587096452713012695e-01
5.358539819717407227e-01
3.147175908088684082e-01
2.607406675815582275e-01
9.475815296173095703e-01
1.777303069829940796e-01
1.549982130527496338e-01
1.960226334631443024e-02
5.649645328521728516e-01
4.099005162715911865e-01
8.315712958574295044e-02
3.892976343631744385e-01
2.852265238761901855e-01
6.089195609092712402e-01
5.135719776153564453e-01
9.588082432746887207e-01
2.574976980686187744e-01
4.946669340133666992e-01
9.824138283729553223e-01
7.521959543228149414e-01
6.053971648216247559e-01
9.030129909515380859e-01
4.587613418698310852e-02
5.784046649932861328e-01
4.764956533908843994e-01
7.798577547073364258e-01
4.066927433013916016e-01
3.696692287921905518e-01
7.095948457717895508e-01
1.692904233932495117e-01
8.925912976264953613e-01
4.033646583557128906e-01
8.102846741676330566e-01
2.462675720453262329e-01
3.661538064479827881e-01
9.521349072456359863e-01
4.134423136711120605e-01
4.912063479423522949e-01
3.793609738349914551e-01
5.003987997770309448e-02
5.395156741142272949e-01
3.212891221046447754e-01
5.094913840293884277e-01
5.055249333381652832e-01
8.733215928077697754e-02
5.219199657440185547e-01
5.963067412376403809e-01
1.310098320245742798e-01
9.058303385972976685e-02
4.246843159198760986e-01
7.599172592163085938e-01
8.347154855728149414e-01
9.890587925910949707e-01
8.392696380615234375e-01
9.697442650794982910e-01
4.221913963556289673e-02
6.251685023307800293e-01
3.728129565715789795e-01
8.759639263153076172e-01
1.992259621620178223e-01
4.800161123275756836e-01
2.645453512668609619e-01
4.000472128391265869e-01
6.475895047187805176e-01
7.759384512901306152e-01
8.965792059898376465e-01
6.999136805534362793e-01
4.597516059875488281e-01
2.334812134504318237e-01
3.824777603149414062e-01
2.412814199924468994e-01
6.624730825424194336e-01
3.200884535908699036e-02
7.907568812370300293e-01
7.426421642303466797e-01
8.301473259925842285e-01
5.817024707794189453e-01
5.584686398506164551e-01
3.625825643539428711e-01
1.192434728145599365e-01
5.552116036415100098e-01
8.655894398689270020e-01
3.544754385948181152e-01
2.264575362205505371e-01
8.893408775329589844e-01
2.119394391775131226e-01
6.764819025993347168e-01
8.140455484390258789e-01
9.057207703590393066e-01
6.396396160125732422e-01
3.074680864810943604e-01
9.277609586715698242e-01
9.089338183403015137e-01
6.265175342559814453e-02
7.260055541992187500e-01
3.468845784664154053e-01
2.507154345512390137e-01
3.251966238021850586e-01
5.879197716712951660e-01
8.218332529067993164e-01
3.031585812568664551e-01
8.051937073469161987e-02
9.171279072761535645e-01
1.351807564496994019e-01
3.388377726078033447e-01
8.996866345405578613e-01
3.429946899414062500e-01
1.229055225849151611e-01
9.312608242034912109e-01
7.835936546325683594e-01
1.851574778556823730e-01
3.972928225994110107e-01
7.254601269960403442e-02
7.482299804687500000e-01
3.297847211360931396e-01
8.578827977180480957e-01
5.264183282852172852e-01
1.549087651073932648e-02
4.659854471683502197e-01
2.241391986608505249e-01
8.427834510803222656e-01
4.314466714859008789e-01
2.818309143185615540e-02
1.033309847116470337e-01
5.328397154808044434e-01
8.180058002471923828e-01
1.740044951438903809e-01
6.832797527313232422e-01
6.437964439392089844e-01
2.714268565177917480e-01
9.392644166946411133e-01
4.731783866882324219e-01
8.063037991523742676e-01
1.512047499418258667e-01
7.426421642303466797e-01
4.209409952163696289e-01
2.065134346485137939e-01
1.137210056185722351e-01
1.620618849992752075e-01
4.720964003354310989e-03
2.893516421318054199e-01
9.434161782264709473e-01
8.497269153594970703e-01
8.725710511207580566e-01
1.431782543659210205e-01
6.166205406188964844e-01
4.560438096523284912e-01
4.970506131649017334e-01
5.017371773719787598e-01
8.538281917572021484e-01
8.692821860313415527e-01
5.433034300804138184e-01
5.300369262695312500e-01
9.559990167617797852e-01
6.212368607521057129e-01
2.928172647953033447e-01
9.934345483779907227e-01
1.473235040903091431e-01
1.655792593955993652e-01
6.954032927751541138e-02
6.007425189018249512e-01
7.938370704650878906e-01
3.863454461097717285e-01
2.298140078783035278e-01
9.243445396423339844e-01
9.438731521368026733e-02
7.234019041061401367e-01
6.696452498435974121e-01
5.388471484184265137e-02
7.326487898826599121e-01
6.511364579200744629e-01
1.585733294486999512e-01
1.137207224965095520e-01
3.505574762821197510e-01
8.818642497062683105e-01
5.773476511240005493e-02
2.401507645845413208e-02
9.858427643775939941e-01
5.474184155464172363e-01
3.111880123615264893e-01
2.820513248443603516e-01
4.856233298778533936e-01
9.991055130958557129e-01
4.471310079097747803e-01
3.585283160209655762e-01
7.714167237281799316e-01
2.367798686027526855e-01
8.616410493850708008e-01
7.631873488426208496e-01
6.764819025993347168e-01
5.619366168975830078e-01
4.426835179328918457e-01
3.760680556297302246e-01
4.520562589168548584e-01
7.067974209785461426e-01
2.093173563480377197e-01
4.856233298778533936e-01
1.141434907913208008e-02
7.036592960357666016e-01
8.471378125250339508e-03
7.361451387405395508e-01
2.032008767127990723e-01
6.124139428138732910e-01
7.559974193572998047e-01
3.184656798839569092e-01
3.537409380078315735e-02
9.784902930259704590e-01
6.548371911048889160e-02
8.460265398025512695e-01
4.348753392696380615e-01
2.995802164077758789e-01
1.391972005367279053e-01
4.385690689086914062e-01
2.957070171833038330e-01
8.257960677146911621e-01
8.010236024856567383e-01
1.901389658451080322e-01
1.076365858316421509e-01
7.980057001113891602e-01
5.174818038940429688e-01
6.962819695472717285e-01
1.272386908531188965e-01
6.914887428283691406e-01
9.991055130958557129e-01
5.848761200904846191e-01
4.280837476253509521e-01
7.144749760627746582e-01
9.659702181816101074e-01
1.814719736576080322e-01
9.622797966003417969e-01
6.661083698272705078e-01
6.548576354980468750e-01
6.288688182830810547e-01
4.170623123645782471e-01
4.659854471683502197e-01
9.126894474029541016e-01
2.779922783374786377e-01
9.744870066642761230e-01
5.917659997940063477e-01
7.876682281494140625e-01
2.541637420654296875e-01
5.749845504760742188e-01
7.296321988105773926e-01
9.892793744802474976e-02
9.207990765571594238e-01
6.322941780090332031e-01
5.514969229698181152e-01
6.357477903366088867e-01
3.899868950247764587e-02
2.714268565177917480e-01
6.866985559463500977e-01
7.667520642280578613e-01
8.793500065803527832e-01
1.948446035385131836e-01
9.352620244026184082e-01
3.343468904495239258e-01
