1.103276610374450684e-01
1.677591651678085327e-01
1.444426774978637695e-01
3.390263998880982399e-03
9.400696158409118652e-01
7.849894165992736816e-01
9.043670892715454102e-01
3.939118385314941406e-01
1.788443326950073242e-01
7.778282761573791504e-01
6.740366816520690918e-01
9.948506355285644531e-01
4.066392779350280762e-01
6.558085083961486816e-01
6.206418871879577637e-01
4.898772835731506348e-01
3.422841429710388184e-01
9.594129323959350586e-01
9.905046820640563965e-01
4.754418879747390747e-02
3.164278566837310791e-01
5.705505609512329102e-01
6.352272629737854004e-01
1.212937161326408386e-01
3.901372849941253662e-01
9.358087778091430664e-01
4.724964797496795654e-01
9.794505238533020020e-01
1.028096899390220642e-01
2.873586118221282959e-01
5.594867467880249023e-01
6.763493176549673080e-03
5.934514403343200684e-01
2.507027387619018555e-01
7.815383672714233398e-01
7.277173399925231934e-01
4.111320972442626953e-01
7.234777212142944336e-01
1.507324725389480591e-01
7.963684201240539551e-01
1.063037663698196411e-01
2.840038537979125977e-01
4.150127470493316650e-01
4.803262948989868164e-01
9.180763363838195801e-01
4.412196278572082520e-01
3.000458776950836182e-01
7.011311650276184082e-01
9.632653594017028809e-01
3.287681937217712402e-02
2.912070751190185547e-01
7.480577230453491211e-01
1.842273212969303131e-02
2.235146239399909973e-02
1.034351997077465057e-02
6.168242916464805603e-02
9.478983879089355469e-01
7.700711488723754883e-01
3.128554821014404297e-01
7.118834257125854492e-01
4.378038644790649414e-01
8.704012036323547363e-01
5.861945748329162598e-01
2.618731930851936340e-02
9.734908342361450195e-01
7.564241290092468262e-01
9.703611731529235840e-01
4.898772835731506348e-01
7.742714881896972656e-01
5.272704958915710449e-01
2.025814950466156006e-01
4.694381654262542725e-01
8.419805765151977539e-01
9.306840896606445312e-01
6.590565443038940430e-01
2.571862637996673584e-01
5.070713758468627930e-01
2.223832756280899048e-01
2.187626808881759644e-01
8.289868235588073730e-01
5.397990345954895020e-01
6.280496716499328613e-01
7.189457416534423828e-01
7.882117033004760742e-01
1.322233229875564575e-01
1.166310831904411316e-01
3.456149995326995850e-01
8.894506096839904785e-01
7.040767073631286621e-01
3.089034557342529297e-01
4.448596835136413574e-01
1.166307851672172546e-01
5.748569369316101074e-01
8.355582356452941895e-01
4.567471444606781006e-01
8.604432642459869385e-02
1.283887475728988647e-01
8.250240087509155273e-01
9.794505238533020020e-01
9.232321977615356445e-01
9.554901719093322754e-01
3.353895246982574463e-01
7.388017177581787109e-01
4.186857044696807861e-01
9.934422373771667480e-02
3.045271635055541992e-01
8.859498500823974609e-01
2.259710729122161865e-01
4.291382730007171631e-01
1.411534249782562256e-01
7.518069744110107422e-01
3.824634253978729248e-01
2.542939782142639160e-01
3.284769058227539062e-01
8.741229176521301270e-01
9.083219766616821289e-01
7.887222617864608765e-02
2.805458009243011475e-01
6.665317416191101074e-01
7.315782308578491211e-01
6.910388469696044922e-01
3.643406927585601807e-01
8.784644007682800293e-01
7.432063817977905273e-01
8.392109870910644531e-01
9.535167366266250610e-02
3.657887876033782959e-02
4.018817842006683350e-01
1.253338903188705444e-01
1.886848360300064087e-01
5.156183838844299316e-01
7.118834257125854492e-01
9.009391814470291138e-02
1.724416762590408325e-01
9.002294540405273438e-01
3.323024809360504150e-01
5.372287034988403320e-01
9.980874061584472656e-01
2.690214514732360840e-01
4.653046429157257080e-01
6.910388469696044922e-01
6.003651022911071777e-01
1.954163461923599243e-01
7.665940523147583008e-01
6.817405819892883301e-01
8.927131295204162598e-01
5.510684847831726074e-01
5.780178308486938477e-01
8.499196767807006836e-01
2.649620175361633301e-01
7.922143936157226562e-01
5.429379940032958984e-01
2.298413664102554321e-01
1.444600056856870651e-02
2.336657643318176270e-01
8.223628252744674683e-02
1.758825629949569702e-01
6.595818698406219482e-02
2.608622610569000244e-01
3.386146426200866699e-01
4.970553219318389893e-01
9.180763363838195801e-01
1.677592694759368896e-01
5.332020521163940430e-01
5.041098967194557190e-02
8.323678374290466309e-01
8.957540392875671387e-01
3.981617987155914307e-01
6.039300560951232910e-01
6.701976060867309570e-01
4.992065727710723877e-01
4.257810413837432861e-01
2.952983379364013672e-01
3.784293532371520996e-01
5.029213428497314453e-01
4.898772835731506348e-01
9.126198291778564453e-01
2.937833964824676514e-02
6.523700952529907227e-01
5.822824835777282715e-01
4.523135423660278320e-01
6.120678186416625977e-01
7.075116634368896484e-01
3.746991455554962158e-01
7.015383988618850708e-02
5.432509258389472961e-02
3.862618505954742432e-01
2.467022538185119629e-01
1.579811573028564453e-01
3.245203495025634766e-01
6.163358688354492188e-01
2.377229332923889160e-01
5.776790902018547058e-02
5.674912929534912109e-01
9.436124563217163086e-01
7.483849674463272095e-02
9.514902830123901367e-01
6.478663086891174316e-01
6.243605613708496094e-01
2.769251167774200439e-01
5.272704958915710449e-01
6.078525185585021973e-01
7.620038390159606934e-01
5.213109850883483887e-01
8.822434544563293457e-01
8.568583130836486816e-01
8.081322908401489258e-01
3.536442518234252930e-01
5.895617604255676270e-01
9.265307188034057617e-01
8.015641942620277405e-04
8.669669032096862793e-01
3.495886921882629395e-01
6.431370377540588379e-01
8.602640628814697266e-01
6.390766501426696777e-01
2.144830375909805298e-01
8.159275650978088379e-01
3.204082846641540527e-01
7.348562479019165039e-01
1.507322341203689575e-01
8.205140829086303711e-01
8.525986075401306152e-01
4.767166078090667725e-01
1.921053677797317505e-01
4.603692591190338135e-01
8.007797598838806152e-01
8.047293424606323242e-01
4.223791956901550293e-01
2.728994190692901611e-01
2.062307298183441162e-01
2.099355608224868774e-01
5.594868063926696777e-01
7.564240694046020508e-01
1.988904327154159546e-01
9.865846633911132812e-01
8.116762638092041016e-01
5.537787079811096191e-01
8.635011315345764160e-01
3.681071102619171143e-01
3.617143630981445312e-01
6.854273676872253418e-01
3.940381482243537903e-02
9.672843217849731445e-01
6.623900532722473145e-01
4.336395859718322754e-01
5.471322536468505859e-01
1.613460332155227661e-01
6.318297386169433594e-01
2.422069162130355835e-01
5.182691812515258789e-01
3.712548613548278809e-01
1.362472176551818848e-01
5.966359376907348633e-01
4.483237862586975098e-01
6.780089139938354492e-01
