9.219675064086914062e-01
4.807400107383728027e-01
6.333250999450683594e-01
3.014395236968994141e-01
7.404267787933349609e-01
5.303632840514183044e-02
6.920540928840637207e-01
1.561943739652633667e-01
2.321964949369430542e-01
2.948400080204010010e-01
6.014286875724792480e-01
3.524855673313140869e-01
7.332395911216735840e-01
6.032561510801315308e-02
9.868526458740234375e-01
3.831364512443542480e-01
7.438937425613403320e-01
1.734282374382019043e-01
2.743461132049560547e-01
3.197167217731475830e-01
7.174578905105590820e-01
6.071872711181640625e-01
5.365399718284606934e-01
7.107369303703308105e-01
9.257242083549499512e-02
7.370568513870239258e-01
4.881541430950164795e-02
2.357261627912521362e-01
1.326100975275039673e-01
3.347412347793579102e-01
8.903831839561462402e-01
1.841830164194107056e-01
8.459885716438293457e-01
7.009628415107727051e-01
9.688275456428527832e-01
1.934927701950073242e-01
9.917974472045898438e-03
6.976332515478134155e-02
5.765704512596130371e-01
8.077247142791748047e-01
5.830724239349365234e-01
9.533498883247375488e-01
8.113125562667846680e-01
5.866500735282897949e-01
7.207101583480834961e-01
8.870319724082946777e-01
7.596983909606933594e-01
9.021735191345214844e-01
9.984365105628967285e-01
8.251605033874511719e-01
1.015193238854408264e-01
2.985931187868118286e-02
8.210037350654602051e-01
4.459392130374908447e-01
1.647701710462570190e-01
3.014395236968994141e-01
5.691564083099365234e-01
8.653557300567626953e-01
2.914419770240783691e-01
5.670635402202606201e-02
1.766256839036941528e-01
1.476660668849945068e-01
2.555180490016937256e-01
6.775411963462829590e-01
4.933157265186309814e-01
3.793647289276123047e-01
9.295684099197387695e-01
2.464772909879684448e-01
2.590180635452270508e-01
4.592673480510711670e-01
7.944288253784179688e-01
5.086855292320251465e-01
7.068394422531127930e-01
1.803830265998840332e-01
7.009628415107727051e-01
3.463840484619140625e-01
9.136844277381896973e-01
1.436726152896881104e-01
6.644068956375122070e-01
6.374635100364685059e-01
5.485867261886596680e-01
2.204960584640502930e-01
8.783211112022399902e-01
3.375658392906188965e-02
2.047184258699417114e-01
9.821188449859619141e-01
2.090701013803482056e-01
5.652899742126464844e-01
6.290596127510070801e-01
8.942480087280273438e-01
7.661973834037780762e-01
4.081832990050315857e-02
8.575590252876281738e-01
3.694934546947479248e-01
6.170279979705810547e-01
9.984365105628967285e-01
7.628468275070190430e-01
1.061421111226081848e-01
5.586837530136108398e-01
8.381879925727844238e-01
2.426373958587646484e-01
9.057033061981201172e-01
9.688275456428527832e-01
6.606566309928894043e-01
3.388005495071411133e-01
4.020191133022308350e-01
7.736666798591613770e-01
7.983134984970092773e-01
3.114138543605804443e-01
4.389048814773559570e-01
4.847335815429687500e-01
3.762495219707489014e-01
4.262821674346923828e-01
6.572208404541015625e-01
3.907489478588104248e-01
5.937255620956420898e-01
9.785114526748657227e-01
5.171554088592529297e-01
5.521587729454040527e-01
9.260181784629821777e-01
1.690804213285446167e-01
1.524344384670257568e-01
5.728835463523864746e-01
8.754832148551940918e-01
4.424003064632415771e-01
7.471055388450622559e-01
8.979811072349548340e-01
4.328786432743072510e-01
8.342351317405700684e-01
4.662469029426574707e-01
8.507945388555526733e-02
5.328615307807922363e-01
6.493054628372192383e-01
6.677218079566955566e-01
2.807376086711883545e-01
2.842232584953308105e-01
4.186681807041168213e-01
8.419710993766784668e-01
4.424863029271364212e-03
8.493739962577819824e-01
9.577060341835021973e-01
8.294006586074829102e-01
8.224225044250488281e-02
1.166163757443428040e-01
4.623742401599884033e-01
1.287772059440612793e-01
5.456681847572326660e-01
1.132937744259834290e-01
7.249728441238403320e-01
3.682827204465866089e-02
1.978618353605270386e-01
8.029050827026367188e-01
6.810060739517211914e-01
5.248766541481018066e-01
6.681537628173828125e-02
9.095577001571655273e-01
8.904822170734405518e-02
9.399807453155517578e-01
5.210558176040649414e-01
2.191019803285598755e-02
8.835669159889221191e-01
9.487960934638977051e-01
8.687792420387268066e-01
4.144140183925628662e-01
3.197168111801147461e-01
6.532413959503173828e-01
4.717057645320892334e-01
2.011101543903350830e-01
2.623771727085113525e-01
6.887905001640319824e-01
1.357562392950057983e-01
9.756023287773132324e-01
4.487364366650581360e-02
1.785834319889545441e-02
7.140247225761413574e-01
4.523817300796508789e-01
6.415624022483825684e-01
1.097712293267250061e-01
2.157078087329864502e-01
1.250619441270828247e-01
9.616378545761108398e-01
3.729721903800964355e-01
4.890209436416625977e-01
8.724529743194580078e-01
2.650973200798034668e-01
3.555687665939331055e-01
7.783912420272827148e-01
2.387967705726623535e-01
1.601253896951675415e-01
3.493946790695190430e-01
8.533192873001098633e-01
2.680478394031524658e-01
9.706019610166549683e-02
7.873077988624572754e-01
3.667326867580413818e-01
6.956592202186584473e-01
9.904656410217285156e-01
2.262568324804306030e-01
9.328820109367370605e-01
2.123835682868957520e-01
1.442946214228868484e-02
6.452162265777587891e-01
2.595287188887596130e-02
5.128713250160217285e-01
2.507585585117340088e-01
4.360671639442443848e-01
5.897485017776489258e-01
2.879314124584197998e-01
8.178496360778808594e-01
1.398454308509826660e-01
6.130575537681579590e-01
2.262568324804306030e-01
6.339780241250991821e-02
5.428498387336730957e-01
9.363673925399780273e-01
5.978478789329528809e-01
5.620986819267272949e-01
4.057912826538085938e-01
7.297888994216918945e-01
3.982954621315002441e-01
3.296969830989837646e-01
9.175422787666320801e-01
4.424863029271364212e-03
4.770268797874450684e-01
6.199830174446105957e-01
5.554788112640380859e-01
2.743461132049560547e-01
6.071872711181640625e-01
4.491357803344726562e-01
4.226463735103607178e-01
6.846452951431274414e-01
9.443803429603576660e-01
4.097766876220703125e-01
3.867443799972534180e-01
4.300615489482879639e-01
1.207271739840507507e-01
7.693754434585571289e-01
5.045942068099975586e-01
6.245239377021789551e-01
8.612326383590698242e-01
6.743504405021667480e-01
4.556633234024047852e-01
7.908236980438232422e-01
8.149446845054626465e-01
9.939790964126586914e-01
6.709990501403808594e-01
3.261846005916595459e-01
5.286036729812622070e-01
3.114140927791595459e-01
5.009823441505432129e-01
7.833079695701599121e-01
3.949205279350280762e-01
4.971285760402679443e-01
5.797551274299621582e-01
4.717057645320892334e-01
3.427887260913848877e-01
