6.932649612426757812e-01
8.094878792762756348e-01
2.882528603076934814e-01
6.438040733337402344e-01
3.795374333858489990e-01
6.668920516967773438e-01
3.566495776176452637e-01
4.412337541580200195e-01
3.987475931644439697e-01
1.663265079259872437e-01
2.440605685114860535e-02
2.268930077552795410e-01
7.490840554237365723e-01
1.514842361211776733e-01
5.748833417892456055e-01
5.333666801452636719e-01
9.369097948074340820e-01
6.473337411880493164e-01
8.368066549301147461e-01
7.678467631340026855e-01
8.894233703613281250e-01
4.647882878780364990e-01
7.963979840278625488e-01
4.324570596218109131e-01
6.630330681800842285e-01
9.331685900688171387e-01
9.997861385345458984e-01
6.969721317291259766e-01
7.532874941825866699e-01
4.024447798728942871e-01
5.196117758750915527e-01
4.854964613914489746e-01
3.090003728866577148e-01
3.933990374207496643e-02
1.639463603496551514e-01
2.380896806716918945e-01
2.775695621967315674e-01
4.367519021034240723e-01
3.355619013309478760e-01
8.475853204727172852e-01
2.583947479724884033e-01
4.611571729183197021e-01
8.187506794929504395e-01
3.600398302078247070e-01
2.739037200808525085e-02
4.345044866204261780e-02
8.687154389917850494e-03
8.404451012611389160e-01
8.225447535514831543e-01
1.106182634830474854e-01
9.158663749694824219e-01
2.085478901863098145e-01
1.473540514707565308e-01
9.235063791275024414e-01
6.151760220527648926e-01
3.122327849268913269e-02
5.403390899300575256e-02
8.818241953849792480e-01
2.180643565952777863e-02
7.407183051109313965e-01
6.021516919136047363e-01
3.516172617673873901e-02
6.193797588348388672e-01
7.890506386756896973e-01
3.432803153991699219e-01
4.783458411693572998e-01
2.954775094985961914e-01
7.318407893180847168e-01
3.533773720264434814e-01
6.390177607536315918e-01
4.161032736301422119e-01
4.961273670196533203e-01
6.545097231864929199e-01
4.287644922733306885e-01
6.343254446983337402e-01
8.517155647277832031e-01
2.230441123247146606e-01
1.808219105005264282e-01
8.467751741409301758e-02
1.437727510929107666e-01
5.561221241950988770e-01
7.277364730834960938e-01
1.557067930698394775e-01
9.443782567977905273e-01
8.786425590515136719e-01
8.548880219459533691e-01
7.205320000648498535e-01
5.414451360702514648e-01
9.835772514343261719e-01
8.687154389917850494e-03
9.744427204132080078e-01
5.265607833862304688e-01
8.757150173187255859e-01
3.634099960327148438e-01
4.538072943687438965e-01
8.440237641334533691e-01
3.501930832862854004e-01
7.042440772056579590e-01
9.744426608085632324e-01
6.298983693122863770e-01
6.589486002922058105e-01
3.821152448654174805e-01
7.751266360282897949e-01
1.882309615612030029e-01
5.058242678642272949e-01
9.461359679698944092e-02
7.078194022178649902e-01
1.225663721561431885e-01
2.515631020069122314e-01
4.895277917385101318e-01
5.862716436386108398e-01
3.941552937030792236e-01
3.861583769321441650e-01
9.794434905052185059e-02
5.156072378158569336e-01
9.302487969398498535e-01
6.732752919197082520e-01
4.129568636417388916e-01
9.153799712657928467e-02
9.479417204856872559e-01
3.126571774482727051e-01
6.979680061340332031e-02
9.201360940933227539e-01
2.706797122955322266e-01
2.085479646921157837e-01
5.486224889755249023e-01
9.929589629173278809e-01
5.806075930595397949e-01
7.115765810012817383e-01
7.779831290245056152e-01
3.469802141189575195e-01
4.719065129756927490e-01
3.281986117362976074e-01
7.571673393249511719e-01
6.103491410613059998e-02
7.716844081878662109e-01
1.769910305738449097e-01
8.035808801651000977e-02
3.163778781890869141e-01
1.153227239847183228e-01
2.310307323932647705e-01
1.702073514461517334e-01
8.256612420082092285e-01
4.456165134906768799e-01
7.313365489244461060e-02
7.606791257858276367e-01
2.722307341173291206e-03
9.265923500061035156e-01
8.689329624176025391e-01
4.930932223796844482e-01
9.070872664451599121e-01
8.010818958282470703e-01
1.194126531481742859e-01
5.625353455543518066e-01
6.236292123794555664e-01
7.854384779930114746e-01
8.141418099403381348e-01
9.674911499023437500e-01
4.685510694980621338e-01
7.163568139076232910e-01
2.625114619731903076e-01
7.925087809562683105e-01
7.005072236061096191e-01
1.311144530773162842e-01
1.947132200002670288e-01
8.656371831893920898e-01
6.766760349273681641e-01
8.853337168693542480e-01
2.920097112655639648e-01
5.597928166389465332e-01
5.775072574615478516e-01
8.981282114982604980e-01
1.058270856738090515e-01
5.973694920539855957e-01
9.513025879859924316e-01
5.936499834060668945e-01
2.014673054218292236e-01
9.114314913749694824e-01
7.721380144357681274e-02
1.357779800891876221e-01
5.298475623130798340e-01
3.247663676738739014e-01
6.058372259140014648e-01
2.843970060348510742e-01
2.481743991374969482e-01
3.205773234367370605e-01
1.840886026620864868e-01
5.115692019462585449e-01
8.053262829780578613e-01
1.019456908106803894e-01
7.819932699203491211e-01
5.096808075904846191e-02
9.631508588790893555e-01
4.752591848373413086e-01
5.454615354537963867e-01
2.085479497909545898e-01
4.062452912330627441e-01
9.026864767074584961e-01
3.019810616970062256e-01
5.058242678642272949e-01
3.317571282386779785e-01
4.998302757740020752e-01
8.937531709671020508e-01
4.734652489423751831e-02
4.496289789676666260e-01
7.240024805068969727e-01
2.193241715431213379e-01
3.057073652744293213e-01
9.556227922439575195e-01
8.722293376922607422e-01
9.967733621597290039e-01
2.416114211082458496e-01
3.900155723094940186e-01
1.261974722146987915e-01
6.803151965141296387e-01
5.369238853454589844e-01
6.574416905641555786e-02
3.705866634845733643e-01
8.766862004995346069e-02
7.453273534774780273e-01
5.728310719132423401e-02
1.738359928131103516e-01
4.099424481391906738e-01
9.882373213768005371e-01
3.728535473346710205e-01
1.975906938314437866e-01
5.233383178710937500e-01
2.775695621967315674e-01
6.506038904190063477e-01
8.294283747673034668e-01
6.099938750267028809e-01
1.907886415719985962e-01
4.573090672492980957e-01
2.447615563869476318e-01
5.520980358123779297e-01
7.643193006515502930e-01
2.159700542688369751e-01
9.408282041549682617e-01
8.327922224998474121e-01
9.592062830924987793e-01
6.699478030204772949e-01
6.898870468139648438e-01
4.245150685310363770e-01
5.862716436386108398e-01
3.394205868244171143e-01
2.677274644374847412e-01
2.348960787057876587e-01
1.395065188407897949e-01
7.367759943008422852e-01
6.266931295394897461e-01
4.819681048393249512e-01
2.548660039901733398e-01
9.800850152969360352e-01
4.199729859828948975e-01
3.670530617237091064e-01
2.985962629318237305e-01
