2.113847732543945312e-01
6.906663775444030762e-01
5.849521160125732422e-01
3.062155544757843018e-01
4.565311372280120850e-01
6.274839639663696289e-01
2.442647516727447510e-01
9.154122471809387207e-01
6.149849295616149902e-01
3.205823302268981934e-01
5.309150218963623047e-01
4.081979393959045410e-01
8.126611113548278809e-01
7.014120817184448242e-01
6.357407569885253906e-02
3.822854757308959961e-01
7.824317812919616699e-01
3.835034556686878204e-03
5.389730930328369141e-01
7.284229397773742676e-01
4.665112495422363281e-01
2.843289077281951904e-01
9.830697774887084961e-01
5.611216425895690918e-01
3.923691809177398682e-02
5.233234763145446777e-01
6.722819805145263672e-02
4.981109499931335449e-01
5.567570328712463379e-01
8.707243204116821289e-01
6.634885668754577637e-01
4.347079396247863770e-01
1.534135788679122925e-01
2.384519875049591064e-01
2.879229485988616943e-01
9.334781020879745483e-02
4.193259179592132568e-01
3.568832203745841980e-02
5.705801844596862793e-01
2.516334354877471924e-01
7.520561665296554565e-02
7.888545989990234375e-01
7.512250542640686035e-01
9.505060315132141113e-01
6.863380074501037598e-01
5.091333389282226562e-01
8.763765096664428711e-01
5.885352492332458496e-01
5.997163429856300354e-02
9.265726804733276367e-01
4.152976572513580322e-01
6.943659782409667969e-01
9.216957092285156250e-01
4.714233279228210449e-01
9.666762351989746094e-01
4.622926712036132812e-01
8.621208369731903076e-02
6.683613657951354980e-01
9.783809632062911987e-02
1.574244350194931030e-01
1.956613212823867798e-01
2.769969962537288666e-02
6.541956663131713867e-01
1.375676095485687256e-01
1.641788929700851440e-01
5.815979838371276855e-01
8.463577032089233398e-01
3.403632938861846924e-01
7.547129988670349121e-01
2.992616295814514160e-01
4.704262688755989075e-02
6.092680692672729492e-01
4.531027376651763916e-01
1.492709293961524963e-02
4.593565165996551514e-01
7.470791935920715332e-01
9.609276652336120605e-01
7.356485724449157715e-01
6.056233644485473633e-01
6.347444653511047363e-01
8.800889253616333008e-01
1.043316256254911423e-02
1.610375642776489258e-01
9.772798418998718262e-01
8.531798720359802246e-01
3.761463463306427002e-01
8.250221014022827148e-01
4.831365048885345459e-01
9.869629740715026855e-01
1.721951961517333984e-01
2.384393848478794098e-02
2.695215642452239990e-01
3.276462554931640625e-01
4.758302271366119385e-01
1.893599331378936768e-01
2.551457285881042480e-01
3.914608955383300781e-01
4.113975763320922852e-01
1.022196486592292786e-01
3.452410697937011719e-01
9.050167202949523926e-01
6.019581556320190430e-01
6.719961762428283691e-01
1.997945904731750488e-01
3.614622056484222412e-01
7.689103484153747559e-01
4.861956536769866943e-01
4.377141594886779785e-01
4.236223399639129639e-01
9.937305450439453125e-01
8.707243204116821289e-01
5.016008615493774414e-01
4.796626567840576172e-01
7.428980469703674316e-01
1.767590343952178955e-01
3.951250016689300537e-01
1.803813725709915161e-01
7.246680259704589844e-01
6.982440352439880371e-01
1.314927339553833008e-01
8.012964129447937012e-01
6.235681772232055664e-01
3.722148835659027100e-01
9.216957092285156250e-01
2.627055644989013672e-01
8.267446607351303101e-02
3.025601804256439209e-01
8.324571251869201660e-01
5.127050876617431641e-01
6.149849295616149902e-01
6.403673887252807617e-01
3.174202740192413330e-01
9.300813674926757812e-01
4.937494695186614990e-01
8.362279534339904785e-01
5.659486651420593262e-01
9.119727015495300293e-01
6.310615539550781250e-01
8.397493958473205566e-01
7.653852105140686035e-01
9.717178344726562500e-01
8.431029915809631348e-01
1.489522606134414673e-01
4.024441540241241455e-01
5.164206624031066895e-01
3.314889669418334961e-01
2.485702931880950928e-01
1.893599182367324829e-01
5.531010404229164124e-02
7.950989156961441040e-02
4.275342822074890137e-01
3.569940030574798584e-01
2.278090119361877441e-01
9.366877675056457520e-01
9.578929543495178223e-01
8.286596536636352539e-01
7.971048951148986816e-01
5.983593463897705078e-01
6.753621697425842285e-01
3.683822751045227051e-01
6.824511289596557617e-01
7.391992211341857910e-01
6.589799523353576660e-01
1.062843054533004761e-01
5.054122805595397949e-01
1.967697404325008392e-02
1.165139004588127136e-01
1.678615063428878784e-01
9.335063099861145020e-01
1.425513029098510742e-01
8.095098137855529785e-01
2.194873392581939697e-01
1.130054667592048645e-01
1.343428939580917358e-01
5.198531150817871094e-01
8.499398231506347656e-01
3.242405652999877930e-01
3.175818175077438354e-02
8.652933835983276367e-01
4.024441242218017578e-01
7.208657264709472656e-01
8.842501044273376465e-01
5.523337125778198242e-01
2.914755940437316895e-01
7.173280119895935059e-01
7.128161191940307617e-02
3.822854757308959961e-01
5.748215317726135254e-01
7.623177170753479004e-01
8.888524770736694336e-01
3.529587090015411377e-01
2.384519577026367188e-01
9.641575217247009277e-01
9.082135558128356934e-01
7.050289511680603027e-01
8.933825492858886719e-01
3.651149272918701172e-01
2.323153316974639893e-01
2.078742533922195435e-01
9.976584315299987793e-01
5.531010404229164124e-02
5.439054369926452637e-01
2.235257476568222046e-01
4.896905422210693359e-01
5.483903884887695312e-01
5.069301277399063110e-02
4.311352968215942383e-01
2.657202780246734619e-01
3.095712661743164062e-01
3.135315477848052979e-01
6.403673887252807617e-01
6.204434037208557129e-01
5.782926082611083984e-01
1.842780858278274536e-01
6.456087827682495117e-01
9.772798418998718262e-01
3.364021480083465576e-01
9.542068243026733398e-01
5.269222259521484375e-01
9.900519251823425293e-01
8.619129657745361328e-01
2.770374715328216553e-01
6.499664783477783203e-01
2.592868208885192871e-01
1.191117689013481140e-01
2.038576006889343262e-01
8.571887612342834473e-01
3.835034556686878204e-03
6.792041659355163574e-01
8.203268647193908691e-01
9.431913495063781738e-01
7.924702167510986328e-01
7.091031074523925781e-01
1.098114401102066040e-01
5.917068719863891602e-01
9.009106755256652832e-01
8.965740799903869629e-01
7.853147387504577637e-01
7.319859862327575684e-01
9.399982690811157227e-01
3.490473628044128418e-01
4.338970407843589783e-02
2.732184231281280518e-01
7.133384346961975098e-01
7.587715983390808105e-01
9.465093612670898438e-01
1.425513029098510742e-01
5.350638031959533691e-01
2.810069322586059570e-01
8.057270050048828125e-01
8.161734938621520996e-01
2.155675292015075684e-01
3.874146342277526855e-01
4.501196444034576416e-01
8.971146494150161743e-02
2.949906885623931885e-01
