3.068902492523193359e-01
9.700731039047241211e-01
5.216040015220642090e-01
8.990777730941772461e-01
6.822263002395629883e-01
5.022127032279968262e-01
9.949787259101867676e-01
2.759633213281631470e-02
7.778241038322448730e-01
4.959120452404022217e-01
3.349820673465728760e-01
8.905236721038818359e-01
7.711495161056518555e-01
8.162578344345092773e-01
9.334584474563598633e-01
7.181626558303833008e-01
1.852462291717529297e-01
5.348292589187622070e-01
4.490237832069396973e-01
6.375721693038940430e-01
4.074970781803131104e-01
8.618171215057373047e-01
4.421650767326354980e-01
3.258917033672332764e-01
9.134572744369506836e-01
6.606925129890441895e-01
1.697986572980880737e-02
8.371939063072204590e-01
2.495377808809280396e-01
1.467230468988418579e-01
2.384623289108276367e-01
3.129339218139648438e-01
1.561759561300277710e-01
6.176789402961730957e-01
3.646605312824249268e-01
7.674716114997863770e-01
3.946653008460998535e-01
4.689051955938339233e-02
1.733997464179992676e-01
7.319986224174499512e-01
5.317963361740112305e-01
2.955580949783325195e-01
6.298668384552001953e-01
3.529841825366020203e-02
1.395719945430755615e-01
7.150719761848449707e-01
4.270901679992675781e-01
2.449140883982181549e-02
1.910627037286758423e-01
5.216040015220642090e-01
6.644347310066223145e-01
3.187739253044128418e-01
3.790028691291809082e-01
5.466483905911445618e-02
4.645835459232330322e-01
9.738349318504333496e-01
3.448492288589477539e-01
8.283475041389465332e-01
6.957244277000427246e-01
8.398020863533020020e-01
3.387753367424011230e-01
6.696321070194244385e-02
4.524981975555419922e-01
9.447458982467651367e-01
8.261986970901489258e-01
6.988472938537597656e-01
6.459587812423706055e-01
7.247086167335510254e-01
5.891169607639312744e-02
5.473994016647338867e-01
2.064948678016662598e-01
8.826048970222473145e-01
1.354434788227081299e-01
8.940464258193969727e-02
9.034214615821838379e-01
7.069762349128723145e-01
2.112475931644439697e-01
5.952413678169250488e-01
9.899833202362060547e-01
3.573531210422515869e-01
3.322446048259735107e-01
7.951663732528686523e-01
4.845713675022125244e-01
2.419834136962890625e-01
9.408990740776062012e-01
8.121663928031921387e-01
5.392198562622070312e-01
4.596825242042541504e-01
6.750735640525817871e-01
1.977736204862594604e-01
5.722842216491699219e-01
1.880020797252655029e-01
6.032862663269042969e-01
8.578647971153259277e-01
2.016918957233428955e-01
1.964987954124808311e-03
8.200111389160156250e-01
6.711962819099426270e-01
2.313654571771621704e-01
9.099230766296386719e-01
6.872053742408752441e-01
9.370473027229309082e-01
8.755663037300109863e-01
4.306445419788360596e-01
7.399236559867858887e-01
5.636855959892272949e-01
6.417523622512817383e-01
2.461459040641784668e-01
8.543505668640136719e-01
6.677176952362060547e-01
8.651245236396789551e-01
1.190695017576217651e-01
4.116196930408477783e-01
3.611270487308502197e-01
4.756922721862792969e-01
6.332001090049743652e-02
2.998306155204772949e-01
9.583050608634948730e-01
5.878721475601196289e-01
3.542677760124206543e-01
9.704806655645370483e-02
3.721108734607696533e-01
1.082776784896850586e-01
5.909851193428039551e-01
1.013278961181640625e-05
1.155660822987556458e-01
6.070542931556701660e-01
7.632714509963989258e-01
2.352035492658615112e-01
6.101035475730895996e-01
6.134865880012512207e-01
3.754929602146148682e-01
2.270833700895309448e-01
3.122265636920928955e-02
6.531985402107238770e-01
7.458573579788208008e-01
7.108695507049560547e-01
9.206286072731018066e-01
8.027197122573852539e-01
8.508189320564270020e-01
3.933051228523254395e-02
5.594690442085266113e-01
4.342389106750488281e-01
8.066464066505432129e-01
4.989602863788604736e-01
7.506057620048522949e-02
5.830240845680236816e-01
8.440467715263366699e-01
2.226433455944061279e-01
7.349823117256164551e-01
2.756219804286956787e-01
2.722822725772857666e-01
6.338239908218383789e-01
5.052356719970703125e-01
1.705133914947509766e-01
9.775847792625427246e-01
3.870973885059356689e-01
9.325191378593444824e-02
8.790611028671264648e-01
4.157054126262664795e-01
7.247086167335510254e-01
5.292261242866516113e-01
9.289306998252868652e-01
1.644201129674911499e-01
2.207878790795803070e-02
4.036175310611724854e-01
5.534116625785827637e-01
2.910299897193908691e-01
1.227336376905441284e-01
3.287029266357421875e-01
8.948388099670410156e-01
2.688554525375366211e-01
2.579041123390197754e-01
6.923314929008483887e-01
2.655102014541625977e-01
7.864639163017272949e-02
4.688527882099151611e-01
9.490526318550109863e-01
2.538572847843170166e-01
1.118717640638351440e-01
2.789275944232940674e-01
7.549482583999633789e-01
3.225221037864685059e-01
1.671214550733566284e-01
8.720646500587463379e-01
9.463848546147346497e-03
1.607489287853240967e-01
3.030657768249511719e-01
1.262515187263488770e-01
2.149653583765029907e-01
4.560737609863281250e-01
5.683722496032714844e-01
8.471305370330810547e-01
2.830710113048553467e-01
4.457184374332427979e-01
6.218121051788330078e-01
9.246135950088500977e-01
3.679914474487304688e-01
7.115453481674194336e-02
5.216040015220642090e-01
8.225938677787780762e-01
4.384177923202514648e-01
5.993694663047790527e-01
7.951663732528686523e-01
5.775752663612365723e-01
4.724310636520385742e-01
8.534289896488189697e-02
1.046750321984291077e-01
7.832234501838684082e-01
9.066351056098937988e-01
1.290596369653940201e-02
5.775754451751708984e-01
3.910661041736602783e-01
4.233669042587280273e-01
4.300621896982192993e-02
1.008339896798133850e-01
9.859256744384765625e-01
6.494953632354736328e-01
1.945832818746566772e-01
4.891825020313262939e-01
7.041867971420288086e-01
9.662346243858337402e-01
3.828688561916351318e-01
6.256228685379028320e-01
1.513443887233734131e-01
5.434360504150390625e-01
4.192653298377990723e-01
1.430064141750335693e-01
6.783067584037780762e-01
7.744715809822082520e-01
4.929207265377044678e-01
9.624705910682678223e-01
4.795311689376831055e-01
9.168218970298767090e-01
5.534115433692932129e-01
2.183425575494766235e-01
6.566918492317199707e-01
3.989926278591156006e-01
9.537956118583679199e-01
7.501151561737060547e-01
7.951663732528686523e-01
9.820024371147155762e-01
5.086190700531005859e-01
8.865124583244323730e-01
2.614773809909820557e-01
7.590590715408325195e-01
8.203104883432388306e-02
9.949786067008972168e-01
7.873002290725708008e-01
5.071545392274856567e-02
1.305342912673950195e-01
2.870277166366577148e-01
7.432693243026733398e-01
8.685739636421203613e-01
3.129339218139648438e-01
3.448491692543029785e-01
