7.100672274827957153e-02
5.612772107124328613e-01
4.539451301097869873e-01
3.662199079990386963e-01
7.225025892257690430e-01
9.587296843528747559e-01
6.057303547859191895e-01
7.432798296213150024e-02
8.059992194175720215e-01
6.308900713920593262e-01
9.074707031250000000e-01
7.184686064720153809e-01
8.022822737693786621e-01
5.985339879989624023e-01
7.377765774726867676e-01
2.022359669208526611e-01
7.778864502906799316e-01
9.272968769073486328e-01
4.945064187049865723e-01
5.906226038932800293e-01
9.138095974922180176e-01
6.013684868812561035e-01
9.923630356788635254e-01
1.171614155173301697e-01
2.340565770864486694e-01
1.982908546924591064e-01
8.384927362203598022e-02
7.264602184295654297e-01
8.610694855451583862e-02
2.440863251686096191e-01
8.177073001861572266e-01
1.846900582313537598e-01
4.504697024822235107e-01
4.665935412049293518e-02
4.728151261806488037e-01
7.158920764923095703e-01
7.977846264839172363e-01
9.012258052825927734e-01
4.440057873725891113e-01
8.752585053443908691e-01
6.413955688476562500e-01
9.430592656135559082e-01
1.517709791660308838e-01
1.051116511225700378e-01
1.907621473073959351e-01
6.684684157371520996e-01
9.774787425994873047e-01
9.664957523345947266e-01
3.283996880054473877e-01
9.045234322547912598e-01
5.138593316078186035e-01
6.158295869827270508e-01
6.770202517509460449e-01
3.580425977706909180e-01
7.119642496109008789e-01
3.196822404861450195e-01
2.398630380630493164e-01
4.018447101116180420e-01
5.092920064926147461e-01
6.988640427589416504e-01
2.860737442970275879e-01
3.083828091621398926e-01
8.093546628952026367e-01
9.208500385284423828e-01
4.354271888732910156e-01
5.753239989280700684e-01
8.096165955066680908e-03
3.033988177776336670e-01
8.259485363960266113e-01
5.222805961966514587e-02
8.220107555389404297e-01
4.071824252605438232e-01
8.900973200798034668e-01
6.732503771781921387e-01
1.328558176755905151e-01
1.884953528642654419e-01
5.014240145683288574e-01
5.350241065025329590e-01
4.395602345466613770e-01
6.147081777453422546e-02
7.082536816596984863e-01
6.158291101455688477e-01
6.258740425109863281e-01
5.906226634979248047e-01
3.456452488899230957e-02
9.996871948242187500e-01
7.028344869613647461e-01
9.692786335945129395e-01
4.898794591426849365e-01
2.114983201026916504e-01
9.892755150794982910e-01
8.303195834159851074e-01
7.529560923576354980e-01
2.656743526458740234e-01
2.722372412681579590e-01
8.468947410583496094e-01
8.432233929634094238e-01
4.812305271625518799e-01
6.219736337661743164e-01
3.125038444995880127e-01
7.878763079643249512e-01
8.538611531257629395e-01
4.018447101116180420e-01
9.168124198913574219e-01
4.254380166530609131e-01
2.689492143690586090e-02
2.281448543071746826e-01
1.366958022117614746e-01
7.339465022087097168e-01
4.681020975112915039e-01
3.540772795677185059e-01
3.757472038269042969e-01
7.565677165985107422e-01
7.453544735908508301e-01
5.437902808189392090e-01
7.301144003868103027e-01
7.662641406059265137e-01
8.096469566226005554e-03
7.940130233764648438e-01
3.964840173721313477e-01
5.196919441223144531e-01
3.921865820884704590e-01
8.973397016525268555e-01
1.661372780799865723e-01
1.517709791660308838e-01
1.585198752582073212e-02
9.390233755111694336e-01
7.488660216331481934e-01
1.586742699146270752e-01
3.424522876739501953e-01
4.681020975112915039e-01
3.808385729789733887e-01
3.757472038269042969e-01
6.636182069778442383e-01
3.866723924875259399e-02
7.633372545242309570e-01
8.094733208417892456e-02
5.251237750053405762e-01
9.365139603614807129e-01
6.485362052917480469e-01
2.258621715009212494e-02
9.459502696990966797e-01
1.953407377004623413e-01
6.453344225883483887e-01
2.084982693195343018e-01
6.561650037765502930e-01
4.469672143459320068e-01
8.504642844200134277e-01
7.416965961456298828e-01
5.951630473136901855e-01
2.576212882995605469e-01
9.539020657539367676e-01
2.744449302554130554e-03
9.956170916557312012e-01
2.158804535865783691e-01
8.340635299682617188e-01
4.191740229725837708e-02
5.516692996025085449e-01
4.984411001205444336e-01
8.752585053443908691e-01
6.831596493721008301e-01
8.854221105575561523e-01
4.280397891998291016e-01
4.624709486961364746e-01
6.988640427589416504e-01
1.315504871308803558e-02
4.579842090606689453e-01
9.104276895523071289e-01
1.446872949600219727e-01
1.090290546417236328e-01
7.752275466918945312e-01
5.473407506942749023e-01
9.730321168899536133e-01
6.348578333854675293e-01
7.910072207450866699e-01
4.313731789588928223e-01
5.767785012722015381e-02
2.860737442970275879e-01
5.688270926475524902e-01
8.605766296386718750e-01
5.394271612167358398e-01
4.768941700458526611e-01
2.508962154388427734e-01
8.136259913444519043e-01
5.845952630043029785e-01
7.814248651266098022e-02
1.625059396028518677e-01
5.723612308502197266e-01
1.785095632076263428e-01
3.310256004333496094e-01
3.353232443332672119e-01
2.238223701715469360e-01
7.718524336814880371e-01
3.699446618556976318e-01
8.384988903999328613e-01
5.296605229377746582e-01
7.811241149902343750e-01
3.386994302272796631e-01
8.636404275894165039e-01
6.524741053581237793e-01
1.245255023241043091e-01
2.917196750640869141e-01
1.723599135875701904e-01
2.470071762800216675e-01
1.723600327968597412e-01
8.667505383491516113e-01
7.844263315200805664e-01
3.486862182617187500e-01
3.015111945569515228e-02
3.158529102802276611e-01
6.387492418289184570e-01
5.222805961966514587e-02
2.050119936466217041e-01
8.934903740882873535e-01
6.667499989271163940e-02
1.823583543300628662e-01
6.596878170967102051e-01
8.571732640266418457e-01
3.244014680385589600e-01
2.996007800102233887e-01
2.340565621852874756e-01
2.542671561241149902e-01
9.241797924041748047e-01
8.752585053443908691e-01
9.492971897125244141e-01
5.196919441223144531e-01
1.019643843173980713e-01
5.056084394454956055e-01
7.691125869750976562e-01
4.111997783184051514e-01
2.616234123706817627e-01
3.624547719955444336e-01
4.176724553108215332e-01
9.629606008529663086e-01
4.858404994010925293e-01
2.953588366508483887e-01
9.912458062171936035e-02
1.129002347588539124e-01
2.693838775157928467e-01
1.279627978801727295e-01
6.800165772438049316e-01
7.601265907287597656e-01
1.211802065372467041e-01
3.845671117305755615e-01
5.653986334800720215e-01
3.888320624828338623e-01
9.860075712203979492e-01
1.987543515861034393e-02
1.409539282321929932e-01
9.825971722602844238e-01
6.098979711532592773e-01
2.205747812986373901e-01
4.150553345680236816e-01
8.854221105575561523e-01
5.563151240348815918e-01
3.486862182617187500e-01
