4.556278288364410400e-01
7.559014558792114258e-01
2.035131156444549561e-01
2.365745902061462402e-01
2.978083193302154541e-01
3.116286396980285645e-01
9.454548358917236328e-02
5.718540400266647339e-02
3.726565837860107422e-01
5.432541370391845703e-01
4.446541145443916321e-02
7.265785932540893555e-01
6.053254604339599609e-01
3.607395291328430176e-01
3.276077210903167725e-01
8.581801652908325195e-01
8.675875663757324219e-01
3.358710706233978271e-01
8.919441103935241699e-01
5.674542784690856934e-01
1.584735512733459473e-01
8.675875663757324219e-01
3.884957432746887207e-01
6.779115796089172363e-01
7.924362421035766602e-01
2.866897732019424438e-02
7.442406415939331055e-01
2.440421581268310547e-01
9.756088852882385254e-01
9.860686063766479492e-01
1.520241796970367432e-01
1.662673056125640869e-01
6.228332519531250000e-01
7.265785932540893555e-01
8.738337457180023193e-02
7.145663499832153320e-01
5.506211519241333008e-01
6.162746995687484741e-02
7.830045223236083984e-01
8.520756363868713379e-01
9.170138835906982422e-01
7.636463642120361328e-01
8.998541235923767090e-01
5.906450152397155762e-01
2.802551090717315674e-01
4.062236472964286804e-02
2.295879423618316650e-01
3.999494314193725586e-01
2.400113642215728760e-01
7.830045223236083984e-01
4.410849213600158691e-01
9.831092357635498047e-01
2.889147698879241943e-01
7.074092030525207520e-01
8.675875663757324219e-01
6.809680461883544922e-01
8.112419843673706055e-01
1.777782440185546875e-01
1.016600131988525391e-01
4.237838685512542725e-01
3.148229122161865234e-01
1.995642110705375671e-02
3.023690581321716309e-01
9.518279433250427246e-01
1.480752527713775635e-01
6.096956133842468262e-01
7.105382084846496582e-01
8.581801652908325195e-01
5.241174697875976562e-01
4.836157709360122681e-02
2.592207193374633789e-01
6.578347682952880859e-01
9.074015021324157715e-01
2.369238249957561493e-02
1.361692398786544800e-01
1.104139983654022217e-01
5.185147523880004883e-01
2.250179499387741089e-01
6.447919607162475586e-01
7.176399827003479004e-01
2.330265194177627563e-01
1.296372059732675552e-02
3.331525996327400208e-02
1.949776560068130493e-01
8.476204872131347656e-01
7.321130633354187012e-01
4.193873405456542969e-01
3.411668241024017334e-01
1.234053149819374084e-01
5.302898287773132324e-01
5.291804671287536621e-02
1.903866827487945557e-01
1.619627326726913452e-01
5.584591031074523926e-01
7.398867011070251465e-01
3.358710706233978271e-01
1.058759391307830811e-01
5.629633665084838867e-01
8.207632303237915039e-01
5.743315219879150391e-01
6.946158409118652344e-01
8.040280938148498535e-01
6.283671855926513672e-01
3.939691483974456787e-01
2.201621532440185547e-01
9.434910416603088379e-01
6.883883476257324219e-01
4.075227081775665283e-01
9.216985106468200684e-01
3.845509290695190430e-01
1.840370148420333862e-01
3.712055087089538574e-02
1.264003217220306396e-01
3.242610394954681396e-01
8.883665800094604492e-01
7.564332336187362671e-02
1.696034222841262817e-01
1.988705098628997803e-01
9.352285265922546387e-01
5.543295741081237793e-01
7.040568590164184570e-01
7.729781270027160645e-01
3.074410557746887207e-01
6.664810776710510254e-01
9.170138835906982422e-01
7.969067096710205078e-01
2.080377638339996338e-01
3.074410557746887207e-01
2.498376071453094482e-01
1.015021651983261108e-02
2.662823498249053955e-01
3.772783577442169189e-01
9.801079630851745605e-01
1.298242509365081787e-01
3.815319538116455078e-01
7.975012809038162231e-02
1.419555842876434326e-01
8.374819755554199219e-01
8.142284750938415527e-01
4.627645313739776611e-01
7.522904872894287109e-01
4.156597852706909180e-01
5.469917654991149902e-01
5.241174697875976562e-01
7.356668710708618164e-01
4.115585088729858398e-01
6.194821000099182129e-01
5.395256280899047852e-01
4.926846921443939209e-01
7.595373392105102539e-01
7.679445147514343262e-01
7.005004882812500000e-01
5.347130894660949707e-01
8.172363042831420898e-01
1.547205895185470581e-01
9.031106829643249512e-01
4.818210601806640625e-01
2.119117230176925659e-01
1.198109462857246399e-01
9.116731286048889160e-01
5.129852294921875000e-01
9.324281215667724609e-01
9.896299839019775391e-01
1.325339078903198242e-01
5.073086619377136230e-01
4.744062423706054688e-01
5.945612192153930664e-01
5.159156322479248047e-01
4.523511528968811035e-01
9.711683988571166992e-01
6.946158409118652344e-01
3.456970751285552979e-01
5.816997885704040527e-01
2.498376071453094482e-01
4.490778744220733643e-01
8.413184881210327148e-01
8.759270310401916504e-01
6.473489999771118164e-01
4.038213193416595459e-01
9.587386250495910645e-01
4.887492954730987549e-01
3.505103290081024170e-01
8.244202136993408203e-01
7.485213279724121094e-01
6.283671855926513672e-01
4.965047538280487061e-01
8.786612153053283691e-01
9.625635147094726562e-01
4.451726377010345459e-01
5.987451076507568359e-01
8.441988825798034668e-01
9.843411296606063843e-02
8.077660202980041504e-01
6.020538806915283203e-01
7.215734124183654785e-01
7.768334150314331055e-01
6.538931131362915039e-01
1.870760917663574219e-01
5.041504502296447754e-01
4.703301191329956055e-01
7.220425456762313843e-02
5.707511305809020996e-01
2.619764804840087891e-01
5.003740787506103516e-01
6.864479929208755493e-02
3.939691483974456787e-01
6.843824386596679688e-01
2.553484439849853516e-01
2.706984877586364746e-01
6.538985669612884521e-02
3.639178574085235596e-01
2.739162147045135498e-01
2.935387790203094482e-01
1.419555842876434326e-01
9.669461250305175781e-01
2.155994921922683716e-01
8.963742256164550781e-01
3.814517986029386520e-03
1.602551154792308807e-02
8.838656544685363770e-01
2.802551388740539551e-01
6.335535645484924316e-01
9.552228450775146484e-01
1.152772828936576843e-01
6.546412594616413116e-03
8.343225717544555664e-02
3.314047455787658691e-01
6.622447371482849121e-01
8.009172677993774414e-01
4.856681227684020996e-01
4.366590678691864014e-01
9.925415515899658203e-01
6.744279861450195312e-01
9.474952816963195801e-01
8.319757580757141113e-01
5.776779651641845703e-01
3.573209047317504883e-01
3.542789816856384277e-01
5.861806869506835938e-01
4.783110618591308594e-01
4.665063321590423584e-01
6.503167152404785156e-01
2.854256927967071533e-01
1.805145740509033203e-01
9.284887909889221191e-01
6.705332994461059570e-01
4.591517448425292969e-01
6.148795485496520996e-01
4.278191030025482178e-01
3.681491017341613770e-01
9.094640612602233887e-02
8.340852856636047363e-01
4.319588840007781982e-01
7.887863516807556152e-01
9.392478466033935547e-01
9.253405928611755371e-01
