8.614494800567626953e-01
7.127385139465332031e-01
6.178504228591918945e-01
2.718377113342285156e-01
4.078857600688934326e-01
4.149210751056671143e-01
9.534369111061096191e-01
6.955516338348388672e-01
6.038196682929992676e-01
9.326938539743423462e-02
3.238923251628875732e-01
8.462327718734741211e-01
8.941599726676940918e-01
3.135219216346740723e-02
7.380260825157165527e-01
5.914142131805419922e-01
5.711490511894226074e-01
3.519650995731353760e-01
4.012152552604675293e-02
6.880379319190979004e-01
9.024621248245239258e-01
4.651730358600616455e-01
9.155434966087341309e-01
4.408833980560302734e-01
7.534494400024414062e-01
5.073761343955993652e-01
6.642013788223266602e-01
6.793643236160278320e-01
6.406306028366088867e-01
8.240941762924194336e-01
8.984689116477966309e-01
4.505147635936737061e-01
7.412759214639663696e-02
9.759459495544433594e-01
8.379666805267333984e-01
9.795522093772888184e-01
7.042650878429412842e-02
6.751592755317687988e-01
2.755187451839447021e-01
8.127222061157226562e-01
4.435446858406066895e-01
8.192379027605056763e-02
5.860968492925167084e-03
3.336431086063385010e-01
1.021079421043395996e-01
9.086920619010925293e-01
8.547892421483993530e-02
7.088431119918823242e-01
7.682880163192749023e-01
5.639091730117797852e-01
5.423440337181091309e-01
3.649237751960754395e-01
9.943734407424926758e-01
5.594889521598815918e-01
3.089865744113922119e-01
6.678020954132080078e-01
7.790900766849517822e-02
5.263097882270812988e-01
8.724382519721984863e-01
1.128189042210578918e-01
6.111929416656494141e-01
4.581002295017242432e-01
9.233029484748840332e-01
8.578693270683288574e-01
4.209196567535400391e-01
8.283218145370483398e-01
8.795689940452575684e-01
1.093196347355842590e-01
6.002726554870605469e-01
7.489477992057800293e-01
1.526481807231903076e-01
4.393420368432998657e-02
7.641605734825134277e-01
3.868437111377716064e-01
5.726020038127899170e-02
7.309665679931640625e-01
1.657680422067642212e-01
5.423440337181091309e-01
8.070933818817138672e-01
8.346458673477172852e-01
7.730460762977600098e-01
8.925841003656387329e-02
1.781787872314453125e-01
2.098315656185150146e-01
5.191045999526977539e-01
4.113762378692626953e-01
4.738706648349761963e-01
9.688092470169067383e-01
1.889787316322326660e-01
1.932681798934936523e-01
7.161275148391723633e-01
4.725622013211250305e-02
2.951999306678771973e-01
3.476245105266571045e-01
7.234046459197998047e-01
4.617759287357330322e-01
9.943734407424926758e-01
2.791374325752258301e-01
6.574686765670776367e-01
6.834495067596435547e-01
5.551503300666809082e-01
2.064571231603622437e-01
6.609784364700317383e-01
4.369877874851226807e-01
8.651607036590576172e-01
2.392444908618927002e-01
2.353921160101890564e-02
3.730146586894989014e-01
6.499160528182983398e-01
3.609008491039276123e-01
1.852718144655227661e-01
8.502179384231567383e-01
8.070933818817138672e-01
4.040041863918304443e-01
9.393787384033203125e-01
1.055744439363479614e-01
2.193256914615631104e-01
8.199442028999328613e-01
4.505147635936737061e-01
9.283564686775207520e-01
9.892218112945556641e-01
7.412873506546020508e-01
5.517368912696838379e-01
2.679092288017272949e-01
5.867980122566223145e-01
3.439179956912994385e-01
6.074981689453125000e-01
2.886374592781066895e-01
9.771153330802917480e-02
5.030571222305297852e-01
7.603720426559448242e-01
1.597905158996582031e-01
7.572038173675537109e-01
4.309185743331909180e-01
2.486792504787445068e-01
2.577535212039947510e-01
2.702179923653602600e-02
8.029234409332275391e-01
8.866256475448608398e-01
2.640019059181213379e-01
3.131020367145538330e-01
1.987485401332378387e-02
6.246175169944763184e-01
4.248603880405426025e-01
2.001850903034210205e-01
9.721381068229675293e-01
2.357110977172851562e-01
8.904296755790710449e-01
2.916440665721893311e-01
6.406306028366088867e-01
6.352040767669677734e-01
4.681249260902404785e-01
1.159044802188873291e-01
9.992283582687377930e-01
1.715742200613021851e-01
3.693512976169586182e-01
9.580203294754028320e-01
2.821646332740783691e-01
5.102337524294853210e-02
5.961787104606628418e-01
4.862024784088134766e-01
2.159076742827892303e-03
2.577536702156066895e-01
5.125457048416137695e-01
3.206445872783660889e-01
9.192640781402587891e-01
1.559170242398977280e-02
7.783537507057189941e-01
2.267856001853942871e-01
6.477693468332290649e-02
4.178789854049682617e-01
3.820744454860687256e-01
9.654173254966735840e-01
7.884659767150878906e-01
9.618079662322998047e-01
1.131372898817062378e-02
7.005237340927124023e-01
4.905883669853210449e-01
1.284233182668685913e-01
7.270088791847229004e-01
3.934082984924316406e-01
2.313704490661621094e-01
5.675566792488098145e-01
8.758472800254821777e-01
3.263542056083679199e-01
8.317824006080627441e-01
3.771498501300811768e-01
3.565046489238739014e-01
6.284216046333312988e-01
2.228620946407318115e-01
3.023295104503631592e-01
4.309185743331909180e-01
1.373146921396255493e-01
7.823005914688110352e-01
4.711684882640838623e-01
6.529836058616638184e-01
1.817210763692855835e-01
3.972723484039306641e-01
5.740425586700439453e-01
8.163691163063049316e-01
2.143662571907043457e-01
5.479645133018493652e-01
5.227952599525451660e-01
5.354983806610107422e-01
3.356993496417999268e-01
6.713661551475524902e-01
7.909972071647644043e-01
5.161075592041015625e-01
2.518101632595062256e-01
7.348878979682922363e-01
8.684992790222167969e-01
6.914957165718078613e-01
2.852469682693481445e-01
2.033093720674514771e-01
9.357620477676391602e-01
3.163585364818572998e-01
1.966288089752197266e-01
9.426953196525573730e-01
6.218661665916442871e-01
2.441660016775131226e-01
4.991816878318786621e-01
1.403936296701431274e-01
1.715742200613021851e-01
9.500405788421630859e-01
5.355925858020782471e-02
7.855246663093566895e-01
1.284233331680297852e-01
7.198246121406555176e-01
1.625305861234664917e-01
8.829044699668884277e-01
7.047860026359558105e-01
1.442597359418869019e-01
9.864496588706970215e-01
3.397206962108612061e-01
4.905883669853210449e-01
3.902209699153900146e-01
2.989950776100158691e-01
6.138897538185119629e-01
9.458622932434082031e-01
7.449367642402648926e-01
4.008354544639587402e-01
3.062300682067871094e-01
5.311726331710815430e-01
4.952078759670257568e-01
1.563029140233993530e-01
9.325418472290039062e-01
9.086920619010925293e-01
1.333871185779571533e-01
3.584356978535652161e-02
8.419100046157836914e-01
6.477704644203186035e-02
1.485206484794616699e-01
5.778715014457702637e-01
5.823953747749328613e-01
6.316883563995361328e-01
8.543267250061035156e-01
