9.629760980606079102e-01
4.489337503910064697e-01
1.812646687030792236e-01
9.465470910072326660e-01
7.985858917236328125e-01
1.632568538188934326e-01
4.160124957561492920e-01
6.866369247436523438e-01
8.391994833946228027e-01
3.718274831771850586e-01
8.162130713462829590e-01
6.686772704124450684e-01
4.263535439968109131e-01
3.416766524314880371e-01
9.984290003776550293e-01
8.726533502340316772e-02
4.226399362087249756e-01
3.478501737117767334e-01
2.521529197692871094e-01
5.310626626014709473e-01
3.204633593559265137e-01
2.554582357406616211e-01
1.736501753330230713e-01
6.621202826499938965e-01
2.988663613796234131e-01
9.133762121200561523e-01
9.471693634986877441e-02
1.541128456592559814e-01
6.219162344932556152e-01
6.178912520408630371e-01
4.937905669212341309e-01
4.871109426021575928e-01
5.402845740318298340e-01
2.949090003967285156e-01
4.241239652037620544e-02
8.627713918685913086e-01
7.445349097251892090e-01
7.300395369529724121e-01
2.210148237645626068e-02
8.854607939720153809e-01
4.779852032661437988e-01
3.589923977851867676e-01
7.600064277648925781e-01
4.190793931484222412e-01
6.991304755210876465e-01
4.860644042491912842e-02
9.165326952934265137e-01
1.298023611307144165e-01
2.252131104469299316e-01
2.361162900924682617e-01
5.915748700499534607e-02
1.899192929267883301e-01
7.780959010124206543e-01
2.438147962093353271e-01
1.253835409879684448e-01
2.311796993017196655e-01
1.702846139669418335e-01
1.973222196102142334e-01
5.273919701576232910e-01
8.364830613136291504e-01
2.969221584498882294e-02
8.966358900070190430e-01
2.009655982255935669e-01
7.568216323852539062e-02
8.335438966751098633e-01
3.138390779495239258e-01
9.271783232688903809e-01
6.515767574310302734e-01
1.133387237787246704e-01
5.508942008018493652e-01
1.274169608950614929e-02
2.134739905595779419e-01
2.721267640590667725e-01
4.740825593471527100e-01
6.811189651489257812e-02
7.263090610504150391e-01
6.548076272010803223e-01
7.902301549911499023e-01
9.799010157585144043e-01
6.417886167764663696e-02
6.909675598144531250e-01
8.547727465629577637e-01
9.510177969932556152e-01
7.154307961463928223e-01
2.601912431418895721e-02
1.505747139453887939e-01
5.048461556434631348e-01
6.099332571029663086e-01
2.067608758807182312e-03
4.635125398635864258e-01
6.321123838424682617e-01
1.050232276320457458e-01
5.684704184532165527e-01
2.760400772094726562e-01
1.173410415649414062e-01
2.879038751125335693e-01
7.687337398529052734e-01
5.845051407814025879e-01
7.031090855598449707e-01
9.199299216270446777e-01
4.040231108665466309e-01
8.423050642013549805e-01
3.167032301425933838e-01
3.643926382064819336e-01
6.021448373794555664e-01
8.893342614173889160e-01
6.135097742080688477e-01
7.838697433471679688e-01
4.075752794742584229e-01
1.438340544700622559e-01
9.093865156173706055e-01
1.855931133031845093e-01
8.030928969383239746e-01
1.371821314096450806e-01
6.321123838424682617e-01
3.993733823299407959e-01
4.489337503910064697e-01
4.903801679611206055e-01
3.389454185962677002e-01
8.498420715332031250e-01
1.774138957262039185e-01
4.397740960121154785e-01
4.861662164330482483e-03
7.642675042152404785e-01
4.564272463321685791e-01
8.460464477539062500e-01
6.369204521179199219e-01
5.764656662940979004e-01
6.653345823287963867e-01
6.060987114906311035e-01
3.941786885261535645e-01
6.946310400962829590e-01
2.842995524406433105e-01
5.541927814483642578e-01
7.572262287139892578e-01
5.526502802968025208e-02
9.382305145263671875e-01
4.354220926761627197e-01
8.190020322799682617e-01
6.589541435241699219e-01
2.643766403198242188e-01
9.311719536781311035e-01
4.308971464633941650e-01
8.826061487197875977e-01
9.874450564384460449e-01
9.679145812988281250e-01
5.650269985198974609e-01
9.818451106548309326e-02
8.365184068679809570e-02
3.757347464561462402e-01
9.836223125457763672e-01
2.643766403198242188e-01
9.134202450513839722e-02
7.404330372810363770e-01
4.860645160079002380e-02
9.013315439224243164e-01
5.364739894866943359e-01
2.915681302547454834e-01
4.676361978054046631e-01
7.780959010124206543e-01
5.088424682617187500e-01
5.613638758659362793e-01
7.369242906570434570e-01
1.093945056200027466e-01
9.055611491203308105e-01
8.068847060203552246e-01
7.076333761215209961e-01
7.982306927442550659e-02
9.733282327651977539e-01
1.409614980220794678e-01
8.134242296218872070e-01
1.571155525743961334e-02
3.446549475193023682e-01
9.947423934936523438e-01
8.739492297172546387e-01
9.679145812988281250e-01
1.012724265456199646e-01
3.520535230636596680e-01
9.557473659515380859e-01
5.975454449653625488e-01
6.827409863471984863e-01
2.483391910791397095e-01
1.213038414716720581e-01
9.236173033714294434e-01
2.182549834251403809e-01
5.211171507835388184e-01
2.215920835733413696e-01
9.911985993385314941e-01
3.860580548644065857e-02
7.180687040090560913e-02
8.786294460296630859e-01
7.941535711288452148e-01
5.579768419265747070e-01
1.341005414724349976e-01
1.468883156776428223e-01
3.941786885261535645e-01
5.929163694381713867e-01
3.408089652657508850e-02
3.353713750839233398e-01
5.722123980522155762e-01
6.719430685043334961e-01
9.345595836639404297e-01
8.928084373474121094e-01
7.488122582435607910e-01
9.768931865692138672e-01
8.657557368278503418e-01
3.327869176864624023e-01
3.070896863937377930e-01
3.106008768081665039e-01
6.429435610771179199e-01
6.757693290710449219e-01
3.678252696990966797e-01
5.808363556861877441e-01
8.695605993270874023e-01
9.598298072814941406e-01
2.588912844657897949e-01
5.009936094284057617e-01
5.884494781494140625e-01
7.334165573120117188e-01
3.887783288955688477e-01
1.936881691217422485e-01
4.601219594478607178e-01
1.666833162307739258e-01
4.704979658126831055e-01
5.120944380760192871e-01
2.052067965269088745e-01
8.305545449256896973e-01
7.867656946182250977e-01
9.425009489059448242e-01
7.229160666465759277e-01
3.238336741924285889e-01
7.531859278678894043e-01
4.973979294300079346e-01
5.158743262290954590e-01
6.257521510124206543e-01
5.211171507835388184e-01
7.687337398529052734e-01
8.102021813392639160e-01
5.474433302879333496e-01
2.091994732618331909e-01
1.873073354363441467e-02
4.431962072849273682e-01
2.402823567390441895e-01
3.852339982986450195e-01
7.119750380516052246e-01
8.589572906494140625e-01
4.120725393295288086e-01
7.190761566162109375e-01
2.807525396347045898e-01
2.311796993017196655e-01
3.031502068042755127e-01
6.405331492424011230e-01
3.589924573898315430e-01
5.439287424087524414e-01
6.792676448822021484e-01
3.801341056823730469e-01
