9.812096506357192993e-02
1.404094696044921875e-01
8.589243888854980469e-01
2.714330255985260010e-01
9.098164439201354980e-01
2.646757848560810089e-02
9.932603240013122559e-01
1.070652529597282410e-01
8.984469175338745117e-01
9.897485971450805664e-01
1.576502621173858643e-01
5.545797348022460938e-01
8.189728260040283203e-01
6.818192079663276672e-03
8.860599994659423828e-01
3.855245113372802734e-01
8.141401410102844238e-01
2.393884211778640747e-01
8.884817957878112793e-01
1.790309697389602661e-01
5.374889969825744629e-01
1.975951902568340302e-02
7.522923350334167480e-01
9.346904158592224121e-01
1.183623746037483215e-01
6.442923098802566528e-02
8.303527235984802246e-01
6.838769316673278809e-01
7.452411651611328125e-01
3.548954427242279053e-01
9.163386225700378418e-01
3.698276877403259277e-01
3.630038797855377197e-01
1.408123504370450974e-02
1.975951902568340302e-02
2.231762409210205078e-01
7.164978384971618652e-01
2.641142606735229492e-01
1.939572393894195557e-01
3.380922675132751465e-01
7.109666466712951660e-01
9.421642422676086426e-01
1.618028581142425537e-01
9.660578966140747070e-01
9.704064726829528809e-01
3.346047103404998779e-01
8.823452591896057129e-01
2.522138357162475586e-01
7.355246543884277344e-01
7.799084186553955078e-01
5.133255124092102051e-01
4.277968704700469971e-01
7.488319277763366699e-01
9.588189721107482910e-01
8.821571618318557739e-02
1.113140359520912170e-01
4.102033078670501709e-01
1.268777251243591309e-01
6.371912360191345215e-01
1.864533573389053345e-01
8.266431093215942383e-01
7.196419239044189453e-01
6.955431699752807617e-01
1.761514991521835327e-01
3.113012909889221191e-01
7.688988447189331055e-01
1.023842543363571167e-01
3.944706022739410400e-01
3.192524611949920654e-01
3.308492600917816162e-01
8.378200531005859375e-01
5.411122441291809082e-01
4.319679141044616699e-01
4.823395013809204102e-01
3.782390058040618896e-01
5.586054325103759766e-01
5.094440579414367676e-01
4.513034522533416748e-01
1.963507980108261108e-01
6.040501594543457031e-01
4.736529886722564697e-01
1.150094419717788696e-01
5.907945632934570312e-01
4.225176572799682617e-02
7.722241878509521484e-01
7.999861836433410645e-01
1.651321351528167725e-01
8.228697776794433594e-01
3.581424951553344727e-01
9.623595476150512695e-01
6.759001016616821289e-01
6.215783953666687012e-01
7.161884754896163940e-02
2.976816594600677490e-01
8.626261353492736816e-01
2.603731453418731689e-01
5.702214837074279785e-01
5.662871003150939941e-01
8.913229703903198242e-01
4.553287327289581299e-01
4.429134726524353027e-01
6.326195001602172852e-01
3.573669120669364929e-03
1.008650753647089005e-02
5.835132002830505371e-01
2.714330255985260010e-01
4.625996053218841553e-01
8.413617014884948730e-01
3.884589672088623047e-01
6.996518969535827637e-01
7.759549617767333984e-01
5.731597542762756348e-01
1.450488865375518799e-01
7.109666466712951660e-01
5.203651785850524902e-01
5.168716907501220703e-01
7.653289437294006348e-01
6.137692928314208984e-02
5.444270372390747070e-01
1.864533424377441406e-01
9.811742901802062988e-01
6.083387732505798340e-01
8.506903052330017090e-01
3.049358166754245758e-02
3.917268216609954834e-01
6.883267164230346680e-01
8.765969276428222656e-01
8.063673973083496094e-01
5.770204067230224609e-01
4.592502713203430176e-01
5.022101998329162598e-01
6.493317484855651855e-01
2.815714180469512939e-01
6.611509323120117188e-01
4.034764468669891357e-01
8.765969276428222656e-01
2.000671923160552979e-01
8.660655617713928223e-01
6.529012322425842285e-01
5.764094367623329163e-02
9.858121871948242188e-01
3.509969711303710938e-01
5.334296822547912598e-01
4.620121046900749207e-02
9.515399932861328125e-01
7.611972093582153320e-01
4.776667952537536621e-01
4.357895553112030029e-01
9.429431706666946411e-02
2.273523211479187012e-01
4.132861196994781494e-01
5.477134585380554199e-01
8.949956297874450684e-01
8.700326085090637207e-01
2.815716266632080078e-01
6.795728802680969238e-01
7.224481701850891113e-01
7.387316823005676270e-01
6.820213049650192261e-02
3.821361064910888672e-01
1.689418256282806396e-01
7.562859058380126953e-01
2.306142002344131470e-01
9.310399889945983887e-01
9.195799827575683594e-01
6.723060607910156250e-01
9.268594384193420410e-01
5.288077592849731445e-01
6.578578352928161621e-01
8.032211661338806152e-01
1.720844209194183350e-01
8.340827226638793945e-01
1.347473859786987305e-01
2.939367890357971191e-01
8.454529196023941040e-02
6.690264940261840820e-01
2.135709226131439209e-01
3.060476779937744141e-01
4.697788953781127930e-01
2.564756274223327637e-01
6.652721166610717773e-01
8.457680344581604004e-01
2.460666894912719727e-01
2.761269509792327881e-01
4.240189194679260254e-01
8.555623292922973633e-01
2.425252199172973633e-01
4.393573999404907227e-01
2.048619240522384644e-01
4.862864017486572266e-01
6.127630472183227539e-01
5.247628688812255859e-01
2.095617353916168213e-01
5.933536291122436523e-01
9.774633646011352539e-01
6.416431665420532227e-01
9.968481063842773438e-01
7.255210876464843750e-01
3.462047874927520752e-01
3.060476779937744141e-01
2.170298248529434204e-01
9.740847349166870117e-01
6.918599009513854980e-01
1.530861258506774902e-01
6.287187933921813965e-01
9.384545087814331055e-01
3.149394094944000244e-01
5.511755943298339844e-01
3.418174088001251221e-01
5.030019953846931458e-02
6.250892877578735352e-01
2.494112849235534668e-01
9.451873898506164551e-01
9.070035815238952637e-01
4.466136693954467773e-01
5.362234264612197876e-02
5.972962379455566406e-01
3.630038797855377197e-01
3.860283643007278442e-02
3.240889906883239746e-01
1.494763642549514771e-01
9.226082563400268555e-01
8.120313286781311035e-02
5.803905129432678223e-01
2.198946177959442139e-01
7.926529645919799805e-01
6.452957987785339355e-01
3.744208514690399170e-01
1.224860101938247681e-01
6.172696948051452637e-01
2.897607088088989258e-01
8.099299669265747070e-01
5.624656677246093750e-01
3.271000087261199951e-01
4.201637208461761475e-01
4.660084247589111328e-01
7.885789275169372559e-01
3.009873032569885254e-01
5.058201551437377930e-01
7.965962290763854980e-01
6.005839109420776367e-01
7.842581868171691895e-01
3.514811769127845764e-02
7.423170804977416992e-01
4.067769050598144531e-01
1.307188272476196289e-01
9.134153127670288086e-01
4.166148304939270020e-01
7.038478255271911621e-01
9.515399932861328125e-01
4.903368353843688965e-01
5.745887756347656250e-04
4.974215924739837646e-01
4.937084019184112549e-01
9.086019545793533325e-02
1.404094696044921875e-01
