7.272486388683319092e-02
4.103746116161346436e-01
2.659451961517333984e-01
3.098183870315551758e-01
1.657292544841766357e-01
4.889616966247558594e-01
8.172946572303771973e-01
7.388642430305480957e-01
3.317550420761108398e-01
1.537941247224807739e-01
3.441711366176605225e-01
3.868393301963806152e-01
2.619388103485107422e-01
2.334543764591217041e-01
7.812987565994262695e-01
3.764738738536834717e-01
3.694937825202941895e-01
6.169865131378173828e-01
7.289499640464782715e-01
4.435001611709594727e-01
6.049380078911781311e-02
6.452373266220092773e-01
4.289486631751060486e-02
3.397302329540252686e-01
5.008340477943420410e-01
1.931364834308624268e-01
2.201620787382125854e-01
8.780515193939208984e-01
8.315203785896301270e-01
3.176398277282714844e-01
9.694229811429977417e-02
3.509012162685394287e-01
4.292235076427459717e-01
9.490296840667724609e-01
6.070675849914550781e-01
4.176598787307739258e-01
1.722478866577148438e-01
1.766813993453979492e-01
9.724349975585937500e-01
9.041600227355957031e-01
9.940166473388671875e-01
5.987357497215270996e-01
5.174667835235595703e-01
5.122548341751098633e-01
6.820257008075714111e-02
9.448848366737365723e-01
2.541801333427429199e-01
9.011963009834289551e-01
4.619868993759155273e-01
5.843508243560791016e-01
6.622943282127380371e-01
3.976117074489593506e-01
7.768722772598266602e-01
8.276025652885437012e-01
2.252567186951637268e-02
2.817274630069732666e-01
6.832213401794433594e-01
9.072137475013732910e-01
7.429897189140319824e-01
4.473102390766143799e-01
9.779338836669921875e-01
5.735634565353393555e-01
1.800784617662429810e-01
6.413969993591308594e-01
8.467098474502563477e-01
4.972010254859924316e-01
7.227538228034973145e-01
8.575828075408935547e-01
7.257804870605468750e-01
6.340399384498596191e-01
2.893211133778095245e-02
1.172494366765022278e-01
8.503931164741516113e-01
2.375200128881260753e-04
8.616166114807128906e-01
8.239303231239318848e-01
8.780515193939208984e-01
5.068257078528404236e-02
2.578556537628173828e-02
6.025915145874023438e-01
8.871060609817504883e-01
8.854601383209228516e-01
8.658837080001831055e-01
8.079404830932617188e-01
9.779338836669921875e-01
5.270941853523254395e-01
7.593066692352294922e-01
2.740401327610015869e-01
9.235106408596038818e-02
5.953025221824645996e-01
1.881963573396205902e-02
7.027779817581176758e-01
9.601511359214782715e-01
3.814766705036163330e-01
9.530423879623413086e-01
9.662894606590270996e-01
7.559209465980529785e-01
4.263766109943389893e-03
9.967042803764343262e-01
1.087245047092437744e-01
8.003644645214080811e-02
4.332438409328460693e-01
9.362134933471679688e-01
8.357118964195251465e-01
9.404747486114501953e-01
3.910416066646575928e-01
8.008408546447753906e-01
4.583917856216430664e-01
9.203503727912902832e-01
4.506102800369262695e-01
1.524476241320371628e-02
6.486024856567382812e-01
7.633252739906311035e-01
7.973625659942626953e-01
3.243502676486968994e-01
6.440580636262893677e-02
3.950196206569671631e-01
5.626877546310424805e-01
9.833433628082275391e-01
9.249604344367980957e-01
8.204797506332397461e-01
6.231835484504699707e-01
5.449195504188537598e-01
4.004742801189422607e-01
6.794680356979370117e-01
8.140156269073486328e-01
1.049649789929389954e-01
4.736289083957672119e-01
8.390521407127380371e-01
8.538666367530822754e-01
1.982026845216751099e-01
8.295401930809020996e-02
1.467937082052230835e-01
1.722478866577148438e-01
1.570028364658355713e-01
9.324078559875488281e-01
1.606533378362655640e-01
2.981562316417694092e-01
4.408813416957855225e-01
2.177094519138336182e-01
1.129811480641365051e-01
3.928318619728088379e-02
7.860958576202392578e-01
4.072471559047698975e-01
6.196468472480773926e-01
8.646133542060852051e-02
1.125262584537267685e-02
9.662894606590270996e-01
4.369877278804779053e-01
5.914902687072753906e-01
3.277228772640228271e-01
7.312655448913574219e-01
9.161720871925354004e-01
1.841434687376022339e-01
6.760479211807250977e-01
1.331137269735336304e-01
3.176398277282714844e-01
2.280281186103820801e-01
3.580643534660339355e-01
2.430345267057418823e-01
7.678106427192687988e-01
3.482147455215454102e-01
5.658665895462036133e-01
5.411365628242492676e-02
4.250373542308807373e-01
1.012497693300247192e-01
4.845749437808990479e-01
6.103793382644653320e-01
5.212033390998840332e-01
2.015073746442794800e-01
6.984106898307800293e-01
8.114539980888366699e-01
5.474455356597900391e-01
1.279750019311904907e-01
4.139775037765502930e-01
3.662140369415283203e-01
4.790854454040527344e-01
2.694453895092010498e-01
3.618443906307220459e-01
6.372093558311462402e-01
1.375004202127456665e-01
7.641539722681045532e-02
5.702533721923828125e-01
7.476080656051635742e-01
5.525877475738525391e-01
3.364518284797668457e-01
5.758611857891082764e-02
8.043131828308105469e-01
2.854934930801391602e-01
7.348451614379882812e-01
4.656463861465454102e-01
2.280281186103820801e-01
9.116760492324829102e-01
9.872017502784729004e-01
5.581076741218566895e-01
4.933490455150604248e-01
9.559518098831176758e-01
2.937901020050048828e-01
2.385395616292953491e-01
5.877223014831542969e-01
2.510156035423278809e-01
2.473627775907516479e-01
1.892874538898468018e-01
3.732787966728210449e-01
7.896801233291625977e-01
6.302307248115539551e-01
1.279750019311904907e-01
9.289751052856445312e-01
8.780515193939208984e-01
7.055878043174743652e-01
2.236701697111129761e-01
6.984106898307800293e-01
1.424836963415145874e-01
7.934076189994812012e-01
5.769397020339965820e-01
4.665677994489669800e-02
9.907217621803283691e-01
5.270941853523254395e-01
1.222616881132125854e-01
3.227280825376510620e-02
1.501692384481430054e-01
5.525877475738525391e-01
7.085294127464294434e-01
6.721184849739074707e-01
8.426270484924316406e-01
3.059185445308685303e-01
5.081120729446411133e-01
6.138060688972473145e-01
6.923297643661499023e-01
4.541938900947570801e-01
2.043837159872055054e-01
8.094380609691143036e-03
5.042797923088073730e-01
7.119482755661010742e-01
6.871239542961120605e-01
4.790855050086975098e-01
4.689848124980926514e-01
2.896727919578552246e-01
5.809839367866516113e-01
3.542459905147552490e-01
2.069816142320632935e-01
3.572014719247817993e-02
2.577884793281555176e-01
3.814766705036163330e-01
7.519355416297912598e-01
4.035589396953582764e-01
5.318135619163513184e-01
3.021011054515838623e-01
6.534770727157592773e-01
7.727311849594116211e-01
8.685840964317321777e-01
6.266003251075744629e-01
2.781330645084381104e-01
6.578887701034545898e-01
6.674758791923522949e-01
4.213239848613739014e-01
