9.081241488456726074e-01
5.938262343406677246e-01
9.120123386383056641e-01
6.657651811838150024e-02
4.254128634929656982e-01
5.040792822837829590e-01
8.317825943231582642e-02
9.798386096954345703e-01
8.909487724304199219e-01
7.423458695411682129e-01
5.938228592276573181e-02
4.704637825489044189e-01
4.473866522312164307e-01
4.668691009283065796e-02
4.217750132083892822e-01
3.771282732486724854e-01
2.214459925889968872e-01
9.167533516883850098e-01
7.752489447593688965e-01
8.073866367340087891e-01
7.510451078414916992e-01
2.598122954368591309e-01
4.967446923255920410e-01
3.173081874847412109e-01
4.577739536762237549e-01
8.521447777748107910e-01
6.388494279235601425e-03
9.465018659830093384e-02
3.918506577610969543e-02
1.700785756111145020e-02
3.812134265899658203e-01
6.587727665901184082e-01
2.746888697147369385e-01
8.836916685104370117e-01
6.381385922431945801e-01
8.558202385902404785e-01
8.609849214553833008e-01
5.234462022781372070e-01
4.181798398494720459e-01
6.063190102577209473e-01
4.655320048332214355e-01
6.976897269487380981e-02
2.138839960098266602e-01
9.446055889129638672e-01
9.866846799850463867e-01
3.363457918167114258e-01
9.726024866104125977e-01
5.347949862480163574e-01
1.751119941473007202e-01
3.733665645122528076e-01
7.651858776807785034e-02
3.241215050220489502e-01
5.691750645637512207e-01
2.690898478031158447e-01
6.805706024169921875e-01
2.787157893180847168e-01
5.068683624267578125e-01
4.020882248878479004e-01
1.968935132026672363e-01
1.895358413457870483e-01
2.344597131013870239e-01
4.782461524009704590e-01
2.460015565156936646e-02
7.946176528930664062e-01
2.000492960214614868e-01
5.310916304588317871e-01
9.906802326440811157e-03
8.215472698211669922e-01
2.260672599077224731e-01
5.078845471143722534e-02
8.256986737251281738e-01
5.532555580139160156e-01
9.069055318832397461e-02
1.116662770509719849e-01
8.909484744071960449e-01
4.817272722721099854e-01
6.453876495361328125e-01
4.065129160881042480e-01
7.184610962867736816e-01
6.519461870193481445e-01
6.300522387027740479e-02
4.146699607372283936e-01
6.305106878280639648e-01
1.317534297704696655e-01
5.897041559219360352e-01
8.111004829406738281e-01
2.563868463039398193e-01
2.822186648845672607e-01
1.693160086870193481e-01
5.569623708724975586e-01
7.262386679649353027e-01
1.167082041501998901e-01
6.666309237480163574e-01
7.093294858932495117e-01
8.031860589981079102e-01
5.015062689781188965e-01
4.398471713066101074e-01
1.719560027122497559e-01
7.911199927330017090e-01
6.625356674194335938e-01
3.642230927944183350e-01
3.671143651008605957e-01
6.770833730697631836e-01
5.605806112289428711e-01
9.205415248870849609e-01
2.896490395069122314e-01
7.336474657058715820e-01
4.435638487339019775e-01
9.682707786560058594e-01
8.701867461204528809e-01
7.837175130844116211e-01
4.539258778095245361e-01
8.769819140434265137e-01
5.381280183792114258e-01
2.107430994510650635e-02
9.314405918121337891e-01
2.410656213760375977e-01
2.087708860635757446e-01
2.540479181334376335e-03
8.182546496391296387e-01
9.520466923713684082e-01
4.287354946136474609e-01
1.280869543552398682e-01
3.001835942268371582e-01
3.856953978538513184e-01
6.264082789421081543e-01
3.087282180786132812e-01
1.354892086237668991e-02
7.303235679864883423e-02
2.181351631879806519e-01
8.975958824157714844e-01
8.454638123512268066e-01
8.729485273361206055e-01
9.904389828443527222e-02
1.927084326744079590e-01
2.521603405475616455e-01
6.453872323036193848e-01
1.364946067333221436e-01
3.907068371772766113e-01
3.437945544719696045e-01
5.269211530685424805e-01
2.690898478031158447e-01
6.736106276512145996e-01
4.318889603018760681e-02
6.990233063697814941e-01
8.368850946426391602e-01
7.298123836517333984e-01
3.486875817179679871e-02
6.063191294670104980e-01
1.249273717403411865e-01
1.821732074022293091e-01
6.232137680053710938e-01
1.510284692049026489e-01
7.709808349609375000e-01
7.555083632469177246e-01
2.381112426519393921e-01
3.403971195220947266e-01
3.206039965152740479e-01
8.147928714752197266e-01
3.326256573200225830e-01
2.087708860635757446e-01
8.337161540985107422e-01
2.485112547874450684e-01
4.361484348773956299e-01
8.645708560943603516e-01
5.115514397621154785e-01
6.701222062110900879e-01
8.668380975723266602e-02
1.859174817800521851e-01
1.070477217435836792e-01
6.839013695716857910e-01
9.042524099349975586e-01
3.945573568344116211e-01
7.872363924980163574e-01
7.373629808425903320e-01
7.797529697418212891e-01
2.814490161836147308e-02
7.672606706619262695e-01
7.984449863433837891e-01
2.304280549287796021e-01
6.163344979286193848e-01
9.352649450302124023e-01
6.009145379066467285e-01
3.702216446399688721e-01
2.036663293838500977e-01
9.762586355209350586e-01
4.748359620571136475e-01
3.280604183673858643e-01
4.928104281425476074e-01
2.932488620281219482e-01
4.324952065944671631e-01
5.649367570877075195e-01
5.738531351089477539e-01
9.940735697746276855e-01
7.970813661813735962e-02
4.614044129848480225e-01
1.545778661966323853e-01
9.007081389427185059e-01
5.143633484840393066e-01
2.865907251834869385e-01
4.890152513980865479e-01
5.862861275672912598e-01
5.820612907409667969e-01
1.786698102951049805e-01
2.634698152542114258e-01
9.552808403968811035e-01
4.850887656211853027e-01
1.440742909908294678e-01
5.775756239891052246e-01
6.348302960395812988e-01
6.125063300132751465e-01
4.508727490901947021e-01
2.449642419815063477e-01
8.298172354698181152e-01
3.115704469382762909e-02
3.505583405494689941e-01
1.611570268869400024e-01
3.981158435344696045e-01
7.184610962867736816e-01
1.479275226593017578e-01
3.042878210544586182e-01
3.473273515701293945e-01
5.457403063774108887e-01
2.970494627952575684e-01
9.397841095924377441e-01
6.876055002212524414e-01
9.278122782707214355e-01
6.194896101951599121e-01
9.837548732757568359e-01
1.406099051237106323e-01
5.419921875000000000e-01
3.459892177488654852e-04
1.029867306351661682e-01
7.634776830673217773e-01
3.133903443813323975e-01
8.485527038574218750e-01
3.535578846931457520e-01
7.022436261177062988e-01
7.066068649291992188e-01
5.506161227822303772e-02
1.213031113147735596e-01
8.407190442085266113e-01
5.494029521942138672e-01
7.596215009689331055e-01
6.903536319732666016e-01
9.244683980941772461e-01
7.129222750663757324e-01
7.468351721763610840e-01
9.596882462501525879e-01
4.106487631797790527e-01
9.642036557197570801e-01
1.584019660949707031e-01
9.487521648406982422e-01
8.806897401809692383e-01
5.969012379646301270e-01
6.551390290260314941e-01
