7.040729522705078125e-01
6.692718863487243652e-01
2.932051718235015869e-01
5.197528004646301270e-01
8.965035527944564819e-02
1.932715028524398804e-01
7.615008950233459473e-01
8.033698201179504395e-01
9.538264274597167969e-01
8.443078994750976562e-01
6.798416376113891602e-01
6.948879957199096680e-01
6.612262129783630371e-01
6.315071582794189453e-01
8.789569735527038574e-01
3.073715865612030029e-01
9.717635512351989746e-01
3.343463540077209473e-01
6.646960973739624023e-02
6.130127310752868652e-01
1.176834478974342346e-01
6.572730541229248047e-01
5.248101949691772461e-01
3.938851058483123779e-01
5.455123782157897949e-01
9.939385652542114258e-01
3.538815975189208984e-01
1.831692159175872803e-01
6.821909546852111816e-01
4.057676792144775391e-01
1.265711635351181030e-01
5.286358594894409180e-01
2.314734607934951782e-01
7.653756141662597656e-01
5.639952421188354492e-01
8.195582628250122070e-01
8.902191519737243652e-01
5.582569539546966553e-02
4.461273849010467529e-01
3.817183971405029297e-01
7.367990911006927490e-02
7.164438962936401367e-01
7.902493476867675781e-01
5.498561263084411621e-01
9.679682850837707520e-01
9.392466545104980469e-01
7.318938970565795898e-01
6.332975625991821289e-02
5.376602411270141602e-01
8.863123059272766113e-01
9.332120418548583984e-02
4.892275631427764893e-01
7.821683287620544434e-01
8.566318750381469727e-01
3.576849997043609619e-01
4.093033373355865479e-01
7.358130812644958496e-01
8.432822674512863159e-02
1.766703575849533081e-01
8.378608226776123047e-01
8.608028888702392578e-01
5.675162076950073242e-01
8.432822674512863159e-02
1.048430651426315308e-01
5.904142856597900391e-01
7.749316841363906860e-02
4.977105557918548584e-01
1.229826062917709351e-01
6.209999918937683105e-01
2.421994209289550781e-01
1.831692159175872803e-01
8.682741522789001465e-01
8.533721566200256348e-01
8.156481385231018066e-01
5.829541087150573730e-01
3.429369330406188965e-01
1.002258062362670898e-01
3.853379786014556885e-01
9.160881042480468750e-01
5.572266578674316406e-01
7.405117154121398926e-01
7.073935866355895996e-01
4.869638383388519287e-01
7.684774994850158691e-01
9.431340694427490234e-01
4.217982888221740723e-01
7.754277586936950684e-01
5.960127711296081543e-02
9.118845462799072266e-01
1.144724059849977493e-02
2.385663241147994995e-01
3.503797352313995361e-01
4.931887984275817871e-01
2.558509409427642822e-01
5.122821927070617676e-01
7.004629373550415039e-01
3.744771182537078857e-01
4.416738152503967285e-01
5.011820197105407715e-01
1.432074159383773804e-01
4.743806421756744385e-01
3.381445631384849548e-02
4.835385456681251526e-02
7.993236780166625977e-01
6.281006932258605957e-01
9.572050571441650391e-01
7.861015200614929199e-01
1.550971865653991699e-01
3.982912898063659668e-01
6.518354639410972595e-04
1.880935728549957275e-01
5.183967575430870056e-02
2.547322213649749756e-02
7.551940679550170898e-01
4.211669322103261948e-03
2.633562088012695312e-01
2.798424959182739258e-01
4.171053469181060791e-01
3.715033084154129028e-02
3.073715865612030029e-01
1.803892850875854492e-02
5.605573058128356934e-01
4.638579189777374268e-01
7.719881534576416016e-01
3.387767076492309570e-01
2.825199067592620850e-01
6.971500515937805176e-01
4.261886179447174072e-01
3.168142735958099365e-01
3.127939105033874512e-01
5.981417894363403320e-01
9.904947280883789062e-01
9.357887506484985352e-01
5.087029337882995605e-01
9.327047467231750488e-01
7.948835492134094238e-01
9.290753602981567383e-01
9.758723378181457520e-01
5.413184165954589844e-01
2.896661758422851562e-01
6.437587141990661621e-01
5.050727128982543945e-01
4.128081798553466797e-01
4.705550968647003174e-01
8.115310072898864746e-01
6.501139998435974121e-01
2.968485355377197266e-01
2.350033819675445557e-01
5.941523313522338867e-01
7.262672185897827148e-01
6.656242609024047852e-01
4.463814944028854370e-02
1.654763519763946533e-01
1.766703575849533081e-01
2.670627534389495850e-01
9.505811929702758789e-01
9.077803492546081543e-01
7.480802536010742188e-01
7.515818476676940918e-01
5.868697762489318848e-01
1.932715028524398804e-01
1.588762849569320679e-01
5.712720751762390137e-01
7.841003127396106720e-03
5.343253016471862793e-01
2.510604858398437500e-01
9.696909040212631226e-02
1.085575222969055176e-01
2.123621553182601929e-01
2.058500349521636963e-01
8.989162445068359375e-01
3.602988421916961670e-01
3.296673893928527832e-01
2.023864239454269409e-01
2.748567461967468262e-01
3.893873095512390137e-01
2.172294706106185913e-01
4.551802277565002441e-01
5.754452347755432129e-01
8.075013160705566406e-01
8.271970152854919434e-01
3.718218207359313965e-01
1.513433009386062622e-01
6.398957967758178711e-01
2.595825493335723877e-01
2.211422175168991089e-01
8.646085858345031738e-01
7.203622460365295410e-01
3.255638778209686279e-01
4.109995067119598389e-02
1.721861064434051514e-01
7.116981744766235352e-01
6.468331813812255859e-01
2.209202013909816742e-02
5.537048578262329102e-01
4.302030205726623535e-01
1.348208039999008179e-01
2.091468721628189087e-01
9.642519950866699219e-01
1.304313838481903076e-01
9.468674063682556152e-01
1.125293448567390442e-01
9.036212563514709473e-01
7.784364223480224609e-01
9.210568666458129883e-01
3.779636323451995850e-01
6.244649291038513184e-01
6.536149382591247559e-01
4.592305123805999756e-01
2.282954603433609009e-01
6.024827361106872559e-01
6.093185544013977051e-01
7.006952166557312012e-02
6.763013005256652832e-01
8.411445021629333496e-01
5.319520831108093262e-01
7.262672185897827148e-01
2.250739187002182007e-01
8.719399571418762207e-01
1.985672116279602051e-01
8.308374285697937012e-01
9.873203635215759277e-01
9.972147941589355469e-01
6.353601217269897461e-01
1.472881585359573364e-01
8.944051861763000488e-01
8.344665169715881348e-01
4.376103579998016357e-01
5.160647034645080566e-01
6.727579236030578613e-01
2.862096726894378662e-01
3.217863738536834717e-01
7.581373453140258789e-01
8.825947046279907227e-01
1.389460563659667969e-01
9.805530309677124023e-01
3.470045626163482666e-01
1.176834478974342346e-01
1.626141965389251709e-01
8.752380609512329102e-01
4.340818226337432861e-01
7.445039153099060059e-01
9.602764844894409180e-01
6.172124743461608887e-01
1.447464711964130402e-02
6.058410406112670898e-01
9.841951131820678711e-01
4.025624692440032959e-01
4.502707421779632568e-01
4.781093001365661621e-01
8.236205577850341797e-01
3.011063635349273682e-01
5.789933204650878906e-01
2.460491657257080078e-01
1.688104867935180664e-01
9.253243207931518555e-01
