7.581471204757690430e-01
5.015177726745605469e-01
4.780243039131164551e-01
5.093623399734497070e-01
2.719613015651702881e-01
4.393991827964782715e-01
8.701095581054687500e-01
7.118929028511047363e-01
3.990267962217330933e-02
9.840597510337829590e-01
5.281845331192016602e-01
5.785537958145141602e-01
2.884306013584136963e-01
9.169648289680480957e-01
9.206850826740264893e-02
1.017089411616325378e-01
8.635448217391967773e-01
5.466116666793823242e-01
1.298679560422897339e-01
5.050774216651916504e-01
7.267113327980041504e-01
5.351067185401916504e-01
4.513117074966430664e-01
6.468770503997802734e-01
8.011368513107299805e-01
9.207804799079895020e-01
8.477773666381835938e-01
3.770423531532287598e-01
5.542165040969848633e-01
2.807169258594512939e-01
5.829232931137084961e-01
8.520300984382629395e-01
1.846919506788253784e-01
5.503988862037658691e-01
8.301301598548889160e-01
5.169345140457153320e-01
9.310821890830993652e-01
5.877599492669105530e-02
1.597730815410614014e-01
9.915634393692016602e-01
4.453376531600952148e-01
8.006858825683593750e-02
6.232841610908508301e-01
7.413598895072937012e-01
9.751167297363281250e-01
8.184798359870910645e-01
5.785537958145141602e-01
4.867039024829864502e-01
9.800467491149902344e-01
3.186164796352386475e-01
1.173261925578117371e-01
3.595909178256988525e-01
8.441517949104309082e-01
1.637669056653976440e-01
9.356571435928344727e-01
2.625815570354461670e-01
9.915634393692016602e-01
5.418034270405769348e-02
3.911930024623870850e-01
8.296310901641845703e-03
3.473323881626129150e-01
9.585694670677185059e-01
5.206317305564880371e-01
4.818811118602752686e-01
4.110218286514282227e-01
2.683140933513641357e-01
6.695432662963867188e-01
7.810846567153930664e-01
7.549393177032470703e-01
7.339105606079101562e-01
6.267838478088378906e-01
1.767519116401672363e-01
7.774759531021118164e-01
3.000259697437286377e-01
9.708055853843688965e-01
3.849132657051086426e-01
6.431779265403747559e-01
5.326524376869201660e-01
4.358790218830108643e-01
7.620143294334411621e-01
6.305093765258789062e-01
4.970973432064056396e-01
1.566096991300582886e-01
6.856783032417297363e-01
6.815962195396423340e-01
2.625815570354461670e-01
3.400337100028991699e-01
1.050904020667076111e-01
4.275849163532257080e-01
7.658799737691879272e-02
9.398764371871948242e-01
1.873698383569717407e-01
2.407576739788055420e-01
7.520466446876525879e-01
2.918831706047058105e-01
3.116454780101776123e-01
6.894208788871765137e-01
7.379409670829772949e-01
2.762867510318756104e-01
3.979520797729492188e-01
1.330686360597610474e-01
3.226486444473266602e-01
9.716922044754028320e-02
9.006984233856201172e-01
8.262219429016113281e-01
8.742448687553405762e-02
8.768913745880126953e-01
7.888851165771484375e-01
8.153954148292541504e-01
8.336445093154907227e-01
9.978458881378173828e-01
7.153193354606628418e-01
2.237609922885894775e-01
7.079339027404785156e-01
4.453376531600952148e-01
9.751167297363281250e-01
1.500419676303863525e-01
5.244412422180175781e-01
1.678187102079391479e-01
3.076803386211395264e-01
3.505362942814826965e-02
2.843135595321655273e-01
8.557487130165100098e-01
1.808142066001892090e-01
8.121228218078613281e-01
6.140259504318237305e-01
5.671199560165405273e-01
6.102841496467590332e-01
7.304829359054565430e-01
3.670593202114105225e-01
9.436225295066833496e-01
1.259546913206577301e-02
3.367526531219482422e-01
4.920288324356079102e-01
2.290315553545951843e-02
1.371380090713500977e-01
2.333474308252334595e-01
5.582084655761718750e-01
9.497299194335937500e-01
8.837302327156066895e-01
3.514974117279052734e-01
4.018087983131408691e-01
3.743209540843963623e-01
6.039782762527465820e-01
2.203995287418365479e-01
1.264200508594512939e-01
1.412149965763092041e-01
3.876879513263702393e-01
2.117733806371688843e-01
6.003398895263671875e-01
4.544201120734214783e-02
7.042618989944458008e-01
1.973054558038711548e-01
6.587160229682922363e-01
1.457428336143493652e-01
4.992079362273216248e-02
8.594732284545898438e-01
9.273303151130676270e-01
7.008565664291381836e-01
8.938983678817749023e-01
6.542176008224487305e-01
1.540352404117584229e-01
8.864658474922180176e-01
1.901228576898574829e-01
4.920288324356079102e-01
1.697583496570587158e-02
2.290315553545951843e-02
1.723905056715011597e-01
8.664796352386474609e-01
4.656073749065399170e-01
1.123863831162452698e-01
5.441551208496093750e-01
4.187871813774108887e-01
7.232127785682678223e-01
8.369252681732177734e-01
9.468219876289367676e-01
5.870745778083801270e-01
1.216844888404011726e-03
5.963234305381774902e-01
4.226092994213104248e-01
3.555013239383697510e-01
7.733948826789855957e-01
6.386504769325256348e-01
2.051517069339752197e-01
8.410184979438781738e-01
8.053398728370666504e-01
4.154573678970336914e-01
2.961075603961944580e-01
6.972792744636535645e-01
6.070593595504760742e-01
4.552736412733793259e-03
2.492415755987167358e-01
4.544201120734214783e-02
3.437996208667755127e-01
7.849519848823547363e-01
7.392000406980514526e-02
6.762291193008422852e-01
5.142107009887695312e-01
4.696383774280548096e-01
9.084516763687133789e-01
2.086479514837265015e-01
3.703714907169342041e-01
5.877599492669105530e-02
5.624157190322875977e-01
8.798274397850036621e-01
2.374616265296936035e-01
7.195321917533874512e-01
7.932559847831726074e-01
8.962194323539733887e-01
4.323117434978485107e-01
9.915633797645568848e-01
4.590900540351867676e-01
2.813328802585601807e-02
8.732336163520812988e-01
7.972584962844848633e-01
7.453834414482116699e-01
6.343743205070495605e-01
6.781186461448669434e-01
3.150947391986846924e-01
6.190429329872131348e-01
8.091669082641601562e-01
1.998676061630249023e-01
9.052659869194030762e-01
4.557001888751983643e-01
9.538527131080627441e-01
9.127096533775329590e-01
6.939229965209960938e-01
3.317458927631378174e-01
9.666724801063537598e-01
5.916438698768615723e-01
2.572703957557678223e-01
4.056457579135894775e-01
3.943403363227844238e-01
3.635241687297821045e-01
7.659732699394226074e-01
3.031288087368011475e-01
2.297873795032501221e-01
9.623209834098815918e-01
3.270472586154937744e-01
4.740826487541198730e-01
6.329914927482604980e-02
5.702726244926452637e-01
6.542174220085144043e-01
2.525530755519866943e-01
1.081542894244194031e-01
1.219884678721427917e-01
7.490980029106140137e-01
8.326160162687301636e-02
9.240959286689758301e-01
2.453640848398208618e-01
5.736599564552307129e-01
4.630325436592102051e-01
8.225309252738952637e-01
7.694522142410278320e-01
3.201535716652870178e-02
2.156536579132080078e-01
