1.663834750652313232e-01
9.453356266021728516e-01
1.987988501787185669e-01
6.241974234580993652e-01
9.708120487630367279e-03
8.400220870971679688e-01
9.758593142032623291e-02
8.251744508743286133e-01
7.163339853286743164e-01
8.695843815803527832e-01
1.875704377889633179e-01
7.083129882812500000e-02
7.511191368103027344e-01
2.025911509990692139e-01
2.107139825820922852e-01
7.511191368103027344e-01
3.781278431415557861e-01
2.684434652328491211e-01
1.005017459392547607e-01
7.977961301803588867e-01
5.574150756001472473e-02
1.804550588130950928e-01
7.229850292205810547e-01
4.181026518344879150e-01
3.843229115009307861e-01
5.453321337699890137e-01
1.032715812325477600e-01
7.667227387428283691e-01
6.141489148139953613e-01
5.939407944679260254e-01
2.139595597982406616e-01
3.329807892441749573e-02
5.033617019653320312e-01
3.657584190368652344e-01
5.580832958221435547e-01
4.390581846237182617e-01
3.557161092758178711e-01
4.094909727573394775e-01
6.377986073493957520e-01
4.596921503543853760e-01
6.933214068412780762e-01
3.317596912384033203e-01
2.612745463848114014e-01
9.631491899490356445e-01
2.958199977874755859e-01
8.805482983589172363e-01
1.434282809495925903e-01
5.108726620674133301e-01
8.735713362693786621e-01
2.990517914295196533e-01
8.208888173103332520e-01
9.161179512739181519e-02
5.073221325874328613e-01
4.947833716869354248e-01
5.834669470787048340e-01
3.123237192630767822e-01
6.170262098312377930e-01
2.786235809326171875e-01
3.495875895023345947e-01
5.269405841827392578e-01
7.265176773071289062e-01
1.914542019367218018e-01
8.583866357803344727e-01
4.862564504146575928e-01
9.511142969131469727e-01
2.336756139993667603e-01
6.714653372764587402e-01
9.631491899490356445e-01
2.718384861946105957e-01
4.754174351692199707e-01
2.751768380403518677e-02
1.841624826192855835e-01
2.254142761230468750e-01
6.316493153572082520e-01
5.350180268287658691e-01
8.842747211456298828e-01
3.942193686962127686e-01
8.113865256309509277e-01
2.065714448690414429e-01
8.935340642929077148e-01
6.048948168754577637e-01
4.132855534553527832e-01
1.736309230327606201e-01
4.546924829483032227e-01
9.016334414482116699e-01
1.768385618925094604e-01
2.645736932754516602e-01
9.332171678543090820e-01
7.892179489135742188e-02
2.753403782844543457e-01
5.133889243006706238e-02
9.150050282478332520e-01
6.273825168609619141e-01
4.728235602378845215e-01
6.968230605125427246e-01
2.211001068353652954e-01
9.555473923683166504e-01
9.511142969131469727e-01
1.173950061202049255e-01
5.958572495728731155e-03
9.231804013252258301e-01
1.344005316495895386e-01
9.934691786766052246e-01
6.048948168754577637e-01
6.592131257057189941e-01
3.617431223392486572e-01
6.415436863899230957e-01
6.401559710502624512e-02
8.285812139511108398e-01
3.162860274314880371e-01
5.534436702728271484e-01
4.359966814517974854e-01
5.740618109703063965e-01
6.809800863265991211e-01
6.891232132911682129e-01
5.423401594161987305e-01
3.400718867778778076e-01
3.051494061946868896e-01
6.558446884155273438e-01
4.830604493618011475e-01
8.320389389991760254e-01
1.330209057778120041e-02
9.477128088474273682e-02
3.354050517082214355e-01
7.002924084663391113e-01
1.204730123281478882e-01
6.851297020912170410e-01
3.909181058406829834e-01
2.384296655654907227e-01
6.763989925384521484e-01
7.434792518615722656e-01
4.274727702140808105e-01
7.059808373451232910e-01
8.887683749198913574e-01
6.667946577072143555e-01
7.059808373451232910e-01
7.704644203186035156e-01
1.540320068597793579e-01
8.004464507102966309e-01
3.874216377735137939e-01
6.751543283462524414e-02
6.204319596290588379e-01
4.995175004005432129e-01
7.738903164863586426e-01
9.420775771141052246e-01
1.953443586826324463e-01
4.021646082401275635e-01
5.783272385597229004e-01
3.739779293537139893e-01
3.951973840594291687e-02
4.054545760154724121e-01
4.508201777935028076e-01
2.497998923063278198e-01
6.456133723258972168e-01
8.623803853988647461e-01
3.022047281265258789e-01
8.772736787796020508e-01
8.445497155189514160e-01
1.391708552837371826e-01
1.603951491415500641e-02
3.205876648426055908e-01
7.482028007507324219e-02
6.349425315856933594e-01
5.983220785856246948e-02
1.268173605203628540e-01
5.969585180282592773e-01
9.192788600921630859e-01
2.816747725009918213e-01
9.299070239067077637e-01
9.848246574401855469e-01
2.927604019641876221e-01
4.792149960994720459e-01
7.957637906074523926e-01
5.906983613967895508e-01
3.979231715202331543e-01
2.533147335052490234e-01
8.035253882408142090e-01
4.329107329249382019e-02
5.226318836212158203e-01
5.625779032707214355e-01
1.141303330659866333e-01
4.325936138629913330e-01
4.439582526683807373e-01
7.350107431411743164e-01
1.626100540161132812e-01
7.192102074623107910e-01
6.525985002517700195e-01
5.144413113594055176e-01
9.776787161827087402e-01
4.274727702140808105e-01
2.294335365295410156e-01
1.696080565452575684e-01
4.744877293705940247e-02
7.588092088699340820e-01
5.384758114814758301e-01
7.806605100631713867e-01
6.629651784896850586e-01
2.424370050430297852e-01
2.574197351932525635e-01
8.165323734283447266e-01
1.501959562301635742e-01
3.557161092758178711e-01
9.102846384048461914e-01
4.899589419364929199e-01
8.069691658020019531e-01
3.089163601398468018e-01
8.659229874610900879e-01
8.545046448707580566e-01
6.003196239471435547e-01
3.702388405799865723e-01
7.833982706069946289e-01
1.303481012582778931e-01
3.243915438652038574e-01
7.771059870719909668e-01
1.921560242772102356e-02
8.509007096290588379e-01
5.660430192947387695e-01
2.298372983932495117e-02
3.452364504337310791e-01
4.596921503543853760e-01
8.478397130966186523e-01
5.309290289878845215e-01
9.811070561408996582e-01
7.406055927276611328e-01
3.329804539680480957e-02
9.262433052062988281e-01
1.583186089992523193e-01
5.490885972976684570e-01
3.282485306262969971e-01
9.712262749671936035e-01
9.059821963310241699e-01
2.844193875789642334e-01
8.373603224754333496e-02
4.216445386409759521e-01
4.476034045219421387e-01
5.697203278541564941e-01
7.129234075546264648e-01
2.172123789787292480e-01
6.494626998901367188e-01
1.232851073145866394e-01
7.619717121124267578e-01
7.312089800834655762e-01
9.749295711517333984e-01
1.393819227814674377e-03
1.468187272548675537e-01
2.460541725158691406e-01
5.871545076370239258e-01
9.631491899490356445e-01
7.511191368103027344e-01
9.973963499069213867e-01
9.892987012863159180e-01
3.814361989498138428e-01
5.182291865348815918e-01
8.786899596452713013e-02
8.977122306823730469e-01
8.356845974922180176e-01
