5.151202082633972168e-01
9.320536255836486816e-01
3.914726078510284424e-01
6.839366555213928223e-01
4.660287499427795410e-01
6.589145064353942871e-01
8.713176250457763672e-01
6.495288014411926270e-01
1.366810500621795654e-01
1.470362693071365356e-01
8.878673911094665527e-01
2.063774168491363525e-01
9.585808515548706055e-01
2.694299444556236267e-02
8.009639978408813477e-01
4.394172430038452148e-01
8.742531538009643555e-01
5.280123353004455566e-01
4.685336351394653320e-01
8.353152871131896973e-01
4.745920300483703613e-01
7.174185514450073242e-01
8.788798749446868896e-02
8.049008846282958984e-01
8.526787161827087402e-01
8.116372227668762207e-01
6.904137730598449707e-01
1.406940817832946777e-01
9.102268218994140625e-01
8.145102858543395996e-01
5.395752191543579102e-01
4.342736303806304932e-01
6.967540383338928223e-01
3.442306816577911377e-01
9.549696445465087891e-01
3.914726674556732178e-01
3.103906512260437012e-01
7.240037322044372559e-01
7.695121765136718750e-01
4.545652270317077637e-01
5.562530755996704102e-01
9.358110427856445312e-01
3.442306816577911377e-01
8.321728706359863281e-01
6.122727990150451660e-01
3.196210861206054688e-01
9.967294335365295410e-01
2.975596301257610321e-02
3.069275617599487305e-01
4.200293123722076416e-01
9.817301630973815918e-01
4.103642106056213379e-01
2.202496677637100220e-01
3.700931668281555176e-01
6.934819817543029785e-01
6.389867067337036133e-01
5.321409702301025391e-01
9.737948179244995117e-01
1.047946661710739136e-01
7.632093131542205811e-02
9.703351259231567383e-01
4.337890073657035828e-02
2.627567350864410400e-01
6.420841217041015625e-01
9.624541997909545898e-01
1.504643559455871582e-01
6.463654339313507080e-02
5.499350428581237793e-01
9.667360782623291016e-01
4.828921556472778320e-01
9.937758445739746094e-01
6.349003911018371582e-01
8.391204476356506348e-01
2.238956689834594727e-01
3.353424966335296631e-01
7.984694093465805054e-02
2.692776918411254883e-01
5.016129463911056519e-03
4.476051032543182373e-01
3.727137148380279541e-01
4.289652109146118164e-01
6.657839417457580566e-01
2.017051540315151215e-02
9.476141333580017090e-01
9.514116644859313965e-01
2.165362983942031860e-01
2.118006050586700439e-01
2.329348772764205933e-01
8.082293272018432617e-01
3.239964246749877930e-01
8.602631688117980957e-01
5.702847242355346680e-01
9.893224239349365234e-01
1.700134724378585815e-01
7.206351757049560547e-01
7.771024703979492188e-01
9.144574999809265137e-01
5.210520625114440918e-01
1.189543604850769043e-01
7.651801109313964844e-01
4.103642106056213379e-01
8.451902866363525391e-01
3.586758673191070557e-01
4.783928990364074707e-01
8.424696326255798340e-01
3.669245541095733643e-01
8.241043686866760254e-01
7.413556575775146484e-01
2.510086894035339355e-01
3.847371637821197510e-01
1.947744488716125488e-01
7.310998439788818359e-01
7.965187430381774902e-01
5.931106954813003540e-02
5.529400706291198730e-01
1.624654978513717651e-01
5.143631994724273682e-02
5.764306783676147461e-01
4.951149523258209229e-01
6.045881509780883789e-01
3.503277599811553955e-01
1.913395971059799194e-01
8.976291418075561523e-01
3.412842005491256714e-02
4.507574439048767090e-01
9.193903207778930664e-01
2.449593245983123779e-01
5.702847242355346680e-01
7.133191227912902832e-01
2.996688187122344971e-01
5.430086255073547363e-01
6.725650429725646973e-01
1.761402189731597900e-01
1.320996284484863281e-01
6.798172593116760254e-01
5.503011494874954224e-02
2.510086894035339355e-01
1.014581769704818726e-01
2.692776918411254883e-01
5.882432460784912109e-01
7.008864879608154297e-01
6.516973376274108887e-01
9.776820540428161621e-01
2.370574511587619781e-02
3.762570321559906006e-01
8.366978168487548828e-02
9.273362159729003906e-01
7.925772666931152344e-01
1.732355952262878418e-01
9.480720758438110352e-02
8.837127685546875000e-01
5.040794610977172852e-01
6.234781146049499512e-01
1.538154929876327515e-01
3.036969602108001709e-01
6.012404561042785645e-01
7.610221505165100098e-01
6.311837434768676758e-01
2.590999603271484375e-01
5.931389927864074707e-01
5.245053172111511230e-01
6.691863536834716797e-01
5.637180209159851074e-01
6.759285330772399902e-01
5.975865721702575684e-01
1.436242610216140747e-01
1.153770163655281067e-01
1.887051612138748169e-01
8.976291418075561523e-01
9.065426588058471680e-01
8.178049921989440918e-01
9.392554759979248047e-01
3.857379034161567688e-02
2.825532555580139160e-01
7.094983458518981934e-01
8.487576842308044434e-01
9.273362159729003906e-01
1.113717854022979736e-01
8.787321448326110840e-01
6.167864203453063965e-01
7.276492714881896973e-01
6.553881764411926270e-01
1.278497874736785889e-01
4.012947380542755127e-01
9.127572923898696899e-02
7.347384691238403320e-01
5.014259815216064453e-01
8.682386279106140137e-01
2.958039753139019012e-03
2.022021114826202393e-01
2.006292343139648438e-04
3.630440831184387207e-01
4.719223678112030029e-01
3.137986361980438232e-01
7.241311669349670410e-02
6.082047820091247559e-01
1.076390966773033142e-01
4.045880734920501709e-01
4.766154289245605469e-02
4.200291335582733154e-01
2.795616984367370605e-01
2.400585412979125977e-01
2.912106812000274658e-01
7.378100752830505371e-01
5.596497654914855957e-01
9.221869707107543945e-01
8.921363949775695801e-01
2.281059473752975464e-01
3.556858301162719727e-01
5.840005278587341309e-01
2.361571490764617920e-01
9.033201336860656738e-01
1.231962293386459351e-01
3.323301076889038086e-01
9.840057790279388428e-02
7.853588461875915527e-01
7.569816112518310547e-01
2.853003740310668945e-01
3.391044437885284424e-01
8.215268850326538086e-01
1.712969131767749786e-02
8.644550442695617676e-01
1.664900928735733032e-01
7.817311286926269531e-01
4.867902696132659912e-01
1.983223855495452881e-01
7.888742685317993164e-01
6.271483898162841797e-01
3.196210861206054688e-01
2.757852971553802490e-01
6.204414367675781250e-01
3.809240460395812988e-01
1.583154350519180298e-01
4.914683699607849121e-01
9.433478116989135742e-01
5.804485678672790527e-01
5.080614089965820312e-01
2.912106812000274658e-01
8.565104007720947266e-01
7.733419537544250488e-01
6.868626922369003296e-02
4.257375299930572510e-01
3.972428143024444580e-01
6.873962879180908203e-01
5.151202678680419922e-01
5.360602140426635742e-01
9.858530163764953613e-01
5.464243888854980469e-01
7.500642538070678711e-01
7.055141925811767578e-01
7.457199692726135254e-01
6.622316837310791016e-01
4.983215928077697754e-01
4.435094892978668213e-01
2.558482587337493896e-01
7.531806230545043945e-01
