1.081782206892967224e-02
6.296907067298889160e-01
4.640877246856689453e-01
4.687146842479705811e-01
2.009139358997344971e-01
7.041122913360595703e-01
8.210648894309997559e-01
1.917068101465702057e-02
4.978536069393157959e-01
9.501670002937316895e-01
4.595071375370025635e-01
7.667378187179565430e-01
8.843203186988830566e-01
9.798151850700378418e-01
4.200151562690734863e-01
6.771731972694396973e-01
6.486715078353881836e-01
5.826499462127685547e-01
9.727331995964050293e-01
6.659832596778869629e-01
9.997869133949279785e-01
3.140564560890197754e-01
9.954131245613098145e-01
2.908972464501857758e-02
6.385280936956405640e-02
7.237529754638671875e-02
6.796962618827819824e-01
6.146647334098815918e-01
2.780309021472930908e-01
5.560334399342536926e-02
6.768576335161924362e-03
2.219150364398956299e-01
5.261588692665100098e-01
1.079745367169380188e-01
5.629439353942871094e-01
6.574936509132385254e-01
8.260190486907958984e-02
7.077562808990478516e-01
2.444509416818618774e-01
6.374256610870361328e-01
1.557123363018035889e-01
8.571332097053527832e-01
1.594998389482498169e-01
1.831015050411224365e-01
4.510141313076019287e-01
8.741536140441894531e-01
7.795879244804382324e-01
4.813024997711181641e-01
7.248242497444152832e-01
2.327101491391658783e-02
2.827364206314086914e-01
5.707339644432067871e-01
4.779557138681411743e-02
4.774951040744781494e-01
7.961717844009399414e-01
7.209132909774780273e-01
1.120705306529998779e-01
1.378958970308303833e-01
9.112665057182312012e-02
4.007743000984191895e-01
4.322785735130310059e-01
5.226702615618705750e-02
6.871068477630615234e-01
5.593435168266296387e-01
2.477624267339706421e-01
4.454813003540039062e-01
7.145814895629882812e-01
8.476892113685607910e-01
2.508221268653869629e-01
5.301042795181274414e-01
4.510141313076019287e-01
2.042320072650909424e-01
7.881600856781005859e-01
5.400856733322143555e-01
7.920602709054946899e-02
1.799055486917495728e-01
4.355928599834442139e-01
5.086243152618408203e-01
4.404809474945068359e-01
2.335554510354995728e-01
5.744752287864685059e-01
7.993977665901184082e-01
6.263444423675537109e-01
6.203178763389587402e-01
3.741360008716583252e-01
8.362386226654052734e-01
7.721841335296630859e-01
3.251282274723052979e-01
2.586300373077392578e-01
7.618269920349121094e-01
3.456571996212005615e-01
6.035456061363220215e-01
2.540059983730316162e-01
8.658419251441955566e-01
6.696169972419738770e-01
9.903959631919860840e-01
6.621873974800109863e-01
8.397034406661987305e-01
3.200623095035552979e-01
8.182718753814697266e-01
3.375641107559204102e-01
3.808795809745788574e-01
8.610557317733764648e-01
7.453183531761169434e-01
6.374256610870361328e-01
8.903400301933288574e-01
1.235202252864837646e-01
2.079446911811828613e-01
4.245336651802062988e-01
4.556797742843627930e-01
4.286181628704071045e-01
1.195904389023780823e-01
9.469099640846252441e-01
8.795136213302612305e-01
4.040272235870361328e-01
3.375641405582427979e-01
2.908972464501857758e-02
3.026652038097381592e-01
7.762506008148193359e-01
1.972474157810211182e-01
1.936659812927246094e-01
2.249506115913391113e-01
9.543925523757934570e-01
1.510554365813732147e-02
1.328016519546508789e-01
3.776749670505523682e-01
8.795136213302612305e-01
7.581514120101928711e-01
9.666954278945922852e-01
3.069198457524180412e-03
9.348692297935485840e-01
6.786581128835678101e-02
7.382201552391052246e-01
9.420202374458312988e-01
2.149684727191925049e-01
4.883725345134735107e-01
1.639879941940307617e-01
5.555168986320495605e-01
1.420019567012786865e-01
1.156498342752456665e-01
9.014688134193420410e-01
2.866199910640716553e-01
9.775468111038208008e-01
5.333689451217651367e-01
7.005992531776428223e-01
7.349265217781066895e-01
8.147026896476745605e-01
1.763948351144790649e-01
5.955270677804946899e-02
9.555988758802413940e-02
4.929146766662597656e-01
3.200621902942657471e-01
8.543033003807067871e-01
3.439805284142494202e-02
9.985864162445068359e-02
9.666956663131713867e-01
6.534965038299560547e-01
6.106898188591003418e-01
5.126314163208007812e-01
1.328018009662628174e-01
5.785065889358520508e-01
1.493563205003738403e-01
7.920785546302795410e-01
5.859162807464599609e-01
7.113815546035766602e-01
9.075143933296203613e-01
4.107303321361541748e-01
3.836383819580078125e-01
2.923089861869812012e-01
8.322280049324035645e-01
9.186550378799438477e-01
5.366695523262023926e-01
3.548532724380493164e-01
1.724875569343566895e-01
7.494812011718750000e-01
5.897606015205383301e-01
4.560495167970657349e-02
3.486845195293426514e-01
3.646042346954345703e-01
9.228988885879516602e-01
4.150236546993255615e-01
7.176349759101867676e-01
7.579623907804489136e-02
8.028962612152099609e-01
3.714179247617721558e-02
9.592224955558776855e-01
2.412335574626922607e-01
6.076987981796264648e-01
1.040663719177246094e-01
9.271626472473144531e-01
5.480265021324157715e-01
6.452912688255310059e-01
4.732938408851623535e-01
2.737498283386230469e-01
3.896279633045196533e-01
6.974785327911376953e-01
3.548533022403717041e-01
2.114891111850738525e-01
7.283723354339599609e-01
1.869362294673919678e-01
9.592224359512329102e-01
6.732257008552551270e-01
2.707003355026245117e-01
8.693541884422302246e-01
3.065956532955169678e-01
5.057842731475830078e-01
7.414481639862060547e-01
2.653890848159790039e-01
4.847480952739715576e-01
9.375414848327636719e-01
9.106953144073486328e-01
9.046356081962585449e-01
7.667378187179565430e-01
2.371794879436492920e-01
8.103145956993103027e-01
5.441019535064697266e-01
8.440095782279968262e-01
9.147115945816040039e-01
6.937952637672424316e-01
8.246156573295593262e-01
5.518774390220642090e-01
8.511142730712890625e-01
7.318758368492126465e-01
5.937955379486083984e-01
2.653890848159790039e-01
4.070934355258941650e-01
1.525740474462509155e-01
5.019315481185913086e-01
1.456649750471115112e-01
7.840786576271057129e-01
9.838941097259521484e-01
1.904247850179672241e-01
8.280754089355468750e-01
3.693230748176574707e-01
6.008058786392211914e-01
5.668632388114929199e-01
9.312773942947387695e-01
6.896472573280334473e-01
8.880233168601989746e-01
1.686317026615142822e-01
3.280952870845794678e-01
2.997604310512542725e-01
3.865099847316741943e-01
5.974407196044921875e-01
6.203178763389587402e-01
8.588357269763946533e-02
3.607255220413208008e-01
7.540646195411682129e-01
9.865449666976928711e-01
1.273271590471267700e-01
3.097046613693237305e-01
5.162242054939270020e-01
8.065943121910095215e-01
2.963545322418212891e-01
2.182346582412719727e-01
3.312068879604339600e-01
