8.237961530685424805e-01
5.186273455619812012e-01
6.072336435317993164e-01
6.746486425399780273e-01
2.437748759984970093e-01
4.913585186004638672e-01
5.217285752296447754e-01
9.064270257949829102e-01
2.705892920494079590e-02
4.940487146377563477e-01
4.767396450042724609e-01
9.730756878852844238e-01
4.288772344589233398e-01
7.131261825561523438e-01
5.252915024757385254e-01
6.533573567867279053e-02
7.889817953109741211e-01
7.700920104980468750e-05
5.695149898529052734e-01
1.388351321220397949e-01
5.923500657081604004e-01
8.417290449142456055e-01
7.368326187133789062e-01
9.568650126457214355e-01
5.779971182346343994e-02
5.011996626853942871e-01
7.563082575798034668e-01
3.407452702522277832e-01
7.749641537666320801e-01
4.634874463081359863e-01
4.073888063430786133e-01
1.325553804636001587e-01
8.740485906600952148e-01
8.663338422775268555e-01
8.143500089645385742e-01
9.831476211547851562e-01
6.289443373680114746e-01
7.008291482925415039e-01
8.774874806404113770e-01
2.349116951227188110e-01
3.684158325195312500e-01
6.847416758537292480e-01
2.494873702526092529e-01
5.075516551733016968e-02
5.740854740142822266e-01
4.829719662666320801e-01
3.889017999172210693e-01
3.090882003307342529e-01
9.325619935989379883e-01
7.657202482223510742e-01
3.642856478691101074e-01
4.248914122581481934e-01
3.163942396640777588e-01
2.193893194198608398e-01
8.985343575477600098e-01
5.440052598714828491e-02
1.296749114990234375e-01
8.466757535934448242e-01
9.767146110534667969e-01
2.752555310726165771e-01
6.931040287017822266e-01
3.139571100473403931e-02
7.893924415111541748e-02
9.290999174118041992e-01
3.836759924888610840e-01
5.615233778953552246e-01
6.714606285095214844e-01
8.632977008819580078e-01
6.677590012550354004e-01
9.962638020515441895e-01
2.283528596162796021e-01
7.824329137802124023e-01
7.316166162490844727e-02
9.028642177581787109e-01
2.005568705499172211e-02
9.708535075187683105e-01
7.497193813323974609e-01
8.899715542793273926e-01
4.442289173603057861e-01
2.964690029621124268e-01
5.337392687797546387e-01
6.429246068000793457e-01
4.983731806278228760e-01
4.371632635593414307e-01
3.985100686550140381e-01
8.829198032617568970e-02
4.716244041919708252e-01
4.474216103553771973e-01
1.770821511745452881e-01
6.545067429542541504e-01
2.533411383628845215e-01
5.648472905158996582e-01
1.734465956687927246e-01
8.039717078208923340e-01
6.360473036766052246e-01
4.759289324283599854e-02
8.856992721557617188e-01
5.478441715240478516e-01
4.147335886955261230e-01
6.329413652420043945e-01
8.317955136299133301e-01
8.528789281845092773e-01
4.215779602527618408e-01
1.487966626882553101e-01
6.141309142112731934e-01
8.939742445945739746e-01
9.598242640495300293e-01
4.411283507943153381e-02
3.324886858463287354e-01
1.903683096170425415e-01
9.433102011680603027e-01
8.483927696943283081e-03
3.721459805965423584e-01
4.180517494678497314e-01
1.692085713148117065e-01
3.242735266685485840e-01
8.272278308868408203e-01
3.202196955680847168e-01
3.607003092765808105e-01
2.124788761138916016e-01
8.561831116676330566e-01
2.852088510990142822e-01
8.383323550224304199e-01
8.143500685691833496e-01
1.149935275316238403e-01
6.505987048149108887e-01
5.406498312950134277e-01
7.530649900436401367e-01
5.817187428474426270e-01
1.180648729205131531e-01
2.160531878471374512e-01
2.053588777780532837e-01
7.853015065193176270e-01
3.047584593296051025e-01
7.089828848838806152e-01
4.716244041919708252e-01
9.257948398590087891e-01
2.817547619342803955e-01
3.949366509914398193e-01
4.024076461791992188e-01
5.296747088432312012e-01
9.405583143234252930e-01
2.232613861560821533e-01
6.464056968688964844e-01
3.889017999172210693e-01
3.525850772857666016e-01
1.842558681964874268e-01
8.061941862106323242e-01
6.176114678382873535e-01
4.549864828586578369e-01
5.103582739830017090e-01
1.651587188243865967e-01
5.375597476959228516e-01
9.534448385238647461e-01
6.130774691700935364e-02
5.849014520645141602e-01
9.538109600543975830e-02
1.224258393049240112e-01
2.783384621143341064e-01
2.320035547018051147e-01
7.177653312683105469e-01
2.923409640789031982e-01
9.672099947929382324e-01
2.086912542581558228e-01
5.955000519752502441e-01
4.002516344189643860e-02
9.923757910728454590e-01
2.014518231153488159e-01
3.570080697536468506e-01
6.892723441123962402e-01
9.891388416290283203e-01
1.042608544230461121e-01
9.633809328079223633e-01
8.143501281738281250e-01
6.250702738761901855e-01
3.286945521831512451e-01
9.914091974496841431e-02
6.780091524124145508e-01
7.785307765007019043e-01
5.576251745223999023e-01
7.596070766448974609e-01
3.464843630790710449e-01
7.298016548156738281e-01
6.635877490043640137e-01
3.366222083568572998e-01
1.562919616699218750e-01
5.443912148475646973e-01
2.570922374725341797e-01
1.042608544230461121e-01
6.816118955612182617e-01
9.137815833091735840e-01
7.332968711853027344e-01
7.627252340316772461e-01
5.782163143157958984e-01
6.039164662361145020e-01
6.883385777473449707e-02
2.599734365940093994e-01
7.224113345146179199e-01
3.546630218625068665e-02
3.131119012832641602e-01
5.885385870933532715e-01
3.464843630790710449e-01
3.790263086557388306e-03
2.886702418327331543e-01
2.632938325405120850e-01
4.402996897697448730e-01
5.103583335876464844e-01
9.100638031959533691e-01
1.805517226457595825e-01
4.829719662666320801e-01
1.221364457160234451e-02
7.456932663917541504e-01
8.817304968833923340e-01
7.408896088600158691e-01
1.610455662012100220e-02
7.262844443321228027e-01
7.918465733528137207e-01
9.365195631980895996e-01
6.590988039970397949e-01
8.349628448486328125e-01
1.526617109775543213e-01
7.956098318099975586e-01
4.662544727325439453e-01
7.893923670053482056e-02
9.181153178215026855e-01
8.466757535934448242e-01
3.763685822486877441e-01
6.965600848197937012e-01
3.005060851573944092e-01
6.106977462768554688e-01
1.454331427812576294e-01
6.214453577995300293e-01
2.284593321382999420e-02
2.391111999750137329e-01
5.103583335876464844e-01
9.218713641166687012e-01
7.051829099655151367e-01
9.831476211547851562e-01
5.519137978553771973e-01
9.225460886955261230e-02
3.794560134410858154e-01
9.505636096000671387e-01
4.112926423549652100e-01
4.514209926128387451e-01
1.969313919544219971e-01
8.457951247692108154e-02
1.903678774833679199e-01
1.104625165462493896e-01
7.994763851165771484e-01
2.663270235061645508e-01
4.330597519874572754e-01
6.398380398750305176e-01
1.607090979814529419e-01
8.700305223464965820e-01
1.264537423849105835e-01
8.591315150260925293e-01
