5.812435150146484375e-01
8.619281053543090820e-01
1.479592770338058472e-01
5.937435626983642578e-01
4.938773810863494873e-01
9.757813811302185059e-01
4.563148915767669678e-01
9.832767248153686523e-01
4.659789502620697021e-01
9.731878042221069336e-01
9.294862747192382812e-01
2.377204746007919312e-01
2.610743343830108643e-01
7.600828409194946289e-01
7.491277065128087997e-03
3.751423060894012451e-01
8.158198595046997070e-01
4.640853106975555420e-01
1.959996223449707031e-01
3.822167813777923584e-01
9.233433008193969727e-02
8.316107392311096191e-01
5.573384165763854980e-01
1.666789650917053223e-01
5.120671987533569336e-01
6.415014863014221191e-01
8.862851858139038086e-01
6.560885906219482422e-01
2.300946861505508423e-01
6.712519526481628418e-01
6.271345019340515137e-01
8.829346895217895508e-01
5.195178985595703125e-01
7.405084967613220215e-01
4.735492765903472900e-01
5.358604192733764648e-01
3.230316638946533203e-01
7.106530070304870605e-01
9.582150578498840332e-01
7.073550224304199219e-01
4.867284595966339111e-01
1.572822183370590210e-01
9.369249939918518066e-01
3.590115308761596680e-01
6.641411781311035156e-01
2.566857337951660156e-01
3.980738222599029541e-01
7.997499108314514160e-01
4.494838714599609375e-01
8.760424852371215820e-01
4.440806806087493896e-01
2.096213400363922119e-01
8.583513498306274414e-01
1.363189816474914551e-01
5.392204523086547852e-01
3.113932609558105469e-01
6.062875390052795410e-01
4.863177984952926636e-02
1.312790960073471069e-01
8.932290077209472656e-01
4.767966568470001221e-01
2.871393561363220215e-01
5.851547122001647949e-01
1.363189816474914551e-01
9.969959855079650879e-01
5.596456676721572876e-02
8.035030961036682129e-01
8.111385107040405273e-01
7.441521435976028442e-02
7.806316018104553223e-01
4.158563315868377686e-01
7.698038816452026367e-01
8.074833452701568604e-02
8.726230859756469727e-01
9.085597395896911621e-01
6.674826145172119141e-01
4.440806806087493896e-01
4.050998389720916748e-01
7.774055600166320801e-01
7.145659923553466797e-01
3.080950379371643066e-01
5.320672988891601562e-01
9.682598710060119629e-01
7.081729173660278320e-02
1.881574094295501709e-01
6.810654401779174805e-01
8.385574221611022949e-01
7.446069717407226562e-01
9.163870215415954590e-01
7.805319875478744507e-02
6.529785990715026855e-01
3.494249191135168076e-03
6.127688884735107422e-01
4.902129471302032471e-01
6.166157722473144531e-01
9.623342156410217285e-01
4.310027658939361572e-01
5.501825809478759766e-01
1.160951331257820129e-01
4.232322275638580322e-01
2.976581156253814697e-01
3.015506267547607422e-01
1.607934236526489258e-01
1.415732353925704956e-01
4.443860054016113281e-02
8.201984167098999023e-01
8.871921896934509277e-02
6.717377156019210815e-02
6.849762797355651855e-01
9.030343294143676758e-01
2.345208376646041870e-01
8.428169786930084229e-02
5.466294288635253906e-01
1.843365579843521118e-01
9.129272103309631348e-01
5.282915830612182617e-01
1.239692419767379761e-01
6.345219016075134277e-01
1.917329728603363037e-01
5.049496889114379883e-01
3.272378444671630859e-01
9.479905366897583008e-01
3.450677990913391113e-01
1.706161051988601685e-01
2.940617501735687256e-01
4.198773801326751709e-01
2.717360556125640869e-01
6.961582899093627930e-01
2.734661102294921875e-04
5.013505816459655762e-01
2.211422920227050781e-01
2.487774193286895752e-01
8.794236779212951660e-01
3.626474738121032715e-01
9.030343294143676758e-01
7.649667859077453613e-01
2.809253633022308350e-01
3.051110804080963135e-01
7.482507824897766113e-01
6.203687787055969238e-01
2.778811752796173096e-01
9.513363242149353027e-01
9.440523386001586914e-01
8.546060323715209961e-01
3.520578444004058838e-01
4.973140954971313477e-01
7.181978821754455566e-01
2.663837075233459473e-01
3.709569573402404785e-01
5.714691877365112305e-01
7.002640366554260254e-01
1.278279125690460205e-01
6.921012401580810547e-01
3.859629929065704346e-01
5.086199045181274414e-01
7.216426730155944824e-01
7.557793855667114258e-01
3.198308050632476807e-01
4.380916953086853027e-01
4.050997495651245117e-01
7.368172407150268555e-01
2.172990441322326660e-01
1.105939596891403198e-02
4.536478519439697266e-01
5.714691281318664551e-01
6.377623677253723145e-01
8.429521322250366211e-01
3.981777653098106384e-02
6.615269780158996582e-01
5.215829983353614807e-02
1.123856678605079651e-01
3.153328597545623779e-01
7.839465737342834473e-01
4.264597594738006592e-01
1.753208488225936890e-01
7.969311475753784180e-01
9.989228844642639160e-02
7.331185340881347656e-01
3.056158125400543213e-02
3.787108659744262695e-01
9.551393985748291016e-01
4.835495948791503906e-01
3.373738825321197510e-01
1.198043450713157654e-01
3.416178226470947266e-01
9.206938147544860840e-01
2.685855887830257416e-02
2.134810239076614380e-01
8.689225316047668457e-01
8.506125211715698242e-01
5.779670476913452148e-01
6.019424796104431152e-01
8.655971288681030273e-01
2.902511060237884521e-01
8.903149366378784180e-01
2.453176826238632202e-01
8.072466850280761719e-01
2.414832562208175659e-01
5.540423989295959473e-01
1.797675639390945435e-01
5.894532799720764160e-01
4.348550140857696533e-01
3.328845798969268799e-01
8.348479866981506348e-01
3.666062057018280029e-01
1.638936996459960938e-01
1.061207875609397888e-01
9.331170320510864258e-01
5.241802334785461426e-01
6.018011271953582764e-02
6.883611679077148438e-01
2.050935328006744385e-01
2.006110548973083496e-01
3.895587027072906494e-01
6.271349191665649414e-01
2.756727933883666992e-01
9.989228844642639160e-02
2.663837075233459473e-01
3.939198851585388184e-01
9.935228824615478516e-01
9.857750535011291504e-01
4.694008231163024902e-01
6.364849209785461426e-02
2.260567992925643921e-02
2.525368034839630127e-01
7.738105058670043945e-01
9.406493902206420898e-01
4.807782173156738281e-01
7.038294672966003418e-01
6.442502737045288086e-01
7.516734004020690918e-01
6.095610260963439941e-01
3.501068800687789917e-02
5.611448287963867188e-01
3.328845798969268799e-01
4.124649763107299805e-01
9.897029995918273926e-01
2.257679551839828491e-01
1.863449439406394958e-02
5.150165557861328125e-01
1.461522374302148819e-02
6.758418083190917969e-01
9.250062704086303711e-01
8.237947225570678711e-01
3.548126816749572754e-01
1.452022641897201538e-01
5.648406744003295898e-01
7.254913449287414551e-01
8.970008492469787598e-01
8.277845978736877441e-01
7.292404174804687500e-01
9.654508233070373535e-01
8.470512628555297852e-01
5.427190661430358887e-01
1.090671196579933167e-01
5.977418422698974609e-01
