5.439068078994750977e-01
8.480534702539443970e-02
9.280367493629455566e-01
6.207744479179382324e-01
1.592976003885269165e-01
9.932327866554260254e-01
7.065714597702026367e-01
9.488478899002075195e-01
5.488203167915344238e-01
6.893473863601684570e-01
5.098667144775390625e-01
6.125755608081817627e-02
3.677915632724761963e-01
3.921988308429718018e-01
3.921988308429718018e-01
4.332196116447448730e-01
8.901004791259765625e-01
3.755913376808166504e-01
3.128499984741210938e-01
9.959292411804199219e-02
9.844541549682617188e-01
7.013889551162719727e-01
5.816740393638610840e-01
8.621909618377685547e-01
9.317123889923095703e-01
4.405227005481719971e-01
4.439362585544586182e-01
4.440481588244438171e-02
9.733948707580566406e-01
6.252411007881164551e-01
5.605701208114624023e-01
8.999663591384887695e-01
4.955397248268127441e-01
6.856341958045959473e-01
3.455012142658233643e-01
7.319107055664062500e-01
1.999110281467437744e-01
1.490533053874969482e-01
9.057310223579406738e-01
7.533115744590759277e-01
8.727064728736877441e-01
4.880502820014953613e-01
1.648562997579574585e-01
1.094622388482093811e-01
1.094622313976287842e-01
6.445817351341247559e-01
8.420141935348510742e-01
1.799311339855194092e-01
5.355618521571159363e-02
4.080072343349456787e-01
9.585527777671813965e-01
5.988658666610717773e-01
5.634132623672485352e-01
9.228479117155075073e-02
7.245326042175292969e-01
4.813186228275299072e-01
6.329591274261474609e-01
8.968720585107803345e-02
1.405596584081649780e-01
4.370159208774566650e-01
4.301514029502868652e-01
5.132594108581542969e-01
3.386817276477813721e-01
8.583288192749023438e-01
2.290142327547073364e-01
5.695139169692993164e-01
1.273812353610992432e-01
3.043687343597412109e-01
2.967320978641510010e-01
1.168884802609682083e-02
1.690261960029602051e-01
7.661249637603759766e-01
4.009380340576171875e-01
9.690712690353393555e-01
5.348398685455322266e-01
7.207445502281188965e-01
2.068793773651123047e-01
7.632878422737121582e-01
6.737097501754760742e-01
8.379531502723693848e-01
6.430681049823760986e-02
6.066350340843200684e-01
9.402657151222229004e-01
7.495018839836120605e-01
4.231224954128265381e-01
6.517921686172485352e-01
7.169551253318786621e-01
3.579556047916412354e-01
8.071829676628112793e-01
7.955252528190612793e-01
2.033825963735580444e-01
1.958693563938140869e-01
8.202076554298400879e-01
4.919725656509399414e-01
3.495916128158569336e-01
3.723491430282592773e-01
5.348398685455322266e-01
4.602211713790893555e-01
8.314701318740844727e-01
1.223737448453903198e-01
3.202976584434509277e-01
4.849340915679931641e-01
7.697541713714599609e-01
2.979454584419727325e-02
5.844674110412597656e-01
8.111917376518249512e-01
2.737826108932495117e-01
3.006799519062042236e-01
4.154362380504608154e-01
6.366810202598571777e-01
7.797496914863586426e-01
4.776686728000640869e-01
3.830407857894897461e-01
7.354774475097656250e-01
9.224480390548706055e-01
5.062144398689270020e-01
4.039705693721771240e-01
8.342906832695007324e-01
7.873513698577880859e-01
4.116474092006683350e-01
1.148729994893074036e-01
7.424837946891784668e-01
7.995761036872863770e-01
3.972500264644622803e-01
5.027116537094116211e-01
8.765808343887329102e-01
5.292264819145202637e-01
9.130165576934814453e-01
6.095804572105407715e-01
1.323290467262268066e-01
9.626638144254684448e-02
8.503130078315734863e-01
7.402861118316650391e-02
6.295350193977355957e-01
3.234295547008514404e-01
3.327153921127319336e-01
6.028535962104797363e-01
9.546990394592285156e-01
1.947851502336561680e-03
4.516010284423828125e-01
3.280957415699958801e-02
2.513613998889923096e-01
7.105797529220581055e-01
4.263491630554199219e-01
1.182635948061943054e-01
8.241735696792602539e-01
9.616776704788208008e-01
8.656020164489746094e-01
1.766943335533142090e-01
2.624379396438598633e-01
1.441154330968856812e-01
6.812875866889953613e-01
1.876590847969055176e-01
5.883861184120178223e-01
9.096387028694152832e-01
6.617739796638488770e-01
7.909061312675476074e-01
1.530379503965377808e-01
6.696637868881225586e-01
2.149171084165573120e-01
9.882937073707580566e-01
6.733472645282745361e-02
4.023448750376701355e-02
5.201426148414611816e-01
4.556432962417602539e-01
6.933192014694213867e-01
4.736530482769012451e-01
2.924194037914276123e-01
3.274019658565521240e-01
7.556871175765991211e-01
9.374217987060546875e-01
9.805548787117004395e-01
4.990630745887756348e-01
3.422612249851226807e-01
3.163460791110992432e-01
6.775711774826049805e-01
8.932321667671203613e-01
1.592976003885269165e-01
7.862382382154464722e-02
2.203776501119136810e-02
1.168890390545129776e-02
2.843618094921112061e-01
2.883014082908630371e-01
2.368668317794799805e-01
5.954535603523254395e-01
2.583268880844116211e-01
8.461385369300842285e-01
6.656726598739624023e-01
5.763262137770652771e-02
6.481862068176269531e-01
9.981164336204528809e-01
9.166268110275268555e-01
2.552053034305572510e-01
2.290141731500625610e-01
2.771950662136077881e-01
3.631244599819183350e-01
7.386679053306579590e-01
5.574935674667358398e-01
2.654056251049041748e-01
9.438441395759582520e-01
2.344457507133483887e-01
8.687241673469543457e-01
8.278813958168029785e-01
2.806212604045867920e-01
8.539907932281494141e-01
3.641415387392044067e-02
2.107925564050674438e-01
4.641732573509216309e-01
7.286770343780517578e-01
5.567220505326986313e-03
7.797497510910034180e-01
6.132674217224121094e-01
7.070570439100265503e-02
1.839588433504104614e-01
1.365303248167037964e-01
8.157255053520202637e-01
7.457787990570068359e-01
6.553007364273071289e-01
1.720849573612213135e-01
8.480534702539443970e-02
8.968764543533325195e-01
4.874893650412559509e-02
8.036578893661499023e-01
9.775211811065673828e-01
7.797496914863586426e-01
3.794215321540832520e-01
7.135277986526489258e-01
5.666685104370117188e-01
8.811981678009033203e-01
6.404641866683959961e-01
1.764662191271781921e-02
6.169899106025695801e-01
5.169257521629333496e-01
9.224476218223571777e-01
4.687603414058685303e-01
2.191448211669921875e-01
7.728923559188842773e-01
9.488478899002075195e-01
5.400398373603820801e-01
3.088425397872924805e-01
5.535495877265930176e-01
6.972510814666748047e-01
2.236603200435638428e-01
2.561529912054538727e-02
5.919607877731323242e-01
9.657517075538635254e-01
4.479364156723022461e-01
3.327153921127319336e-01
2.692984342575073242e-01
8.858691453933715820e-01
3.533755838871002197e-01
1.913970857858657837e-01
3.869611620903015137e-01
2.478127926588058472e-01
5.248588323593139648e-01
6.584713459014892578e-01
