1.482920199632644653e-01
5.418834090232849121e-01
2.075423896312713623e-01
4.128882661461830139e-02
3.165609017014503479e-02
3.076230287551879883e-01
5.536827445030212402e-01
3.527415394783020020e-01
2.184992730617523193e-01
3.971860706806182861e-01
3.632700145244598389e-01
2.652230858802795410e-01
8.366597890853881836e-01
5.818367600440979004e-01
4.440789520740509033e-01
6.022347807884216309e-01
6.426981687545776367e-01
3.037407994270324707e-01
4.516814649105072021e-01
9.548109769821166992e-01
9.930272698402404785e-01
9.076797366142272949e-01
2.115807533264160156e-01
4.321371316909790039e-01
4.798669219017028809e-01
1.954681873321533203e-01
9.000540375709533691e-01
8.962084650993347168e-01
2.686741054058074951e-01
8.781834840774536133e-01
9.037231802940368652e-01
9.854732751846313477e-01
5.761241912841796875e-01
3.901156485080718994e-01
2.723248302936553955e-01
3.812121152877807617e-01
7.766073346138000488e-01
1.450597941875457764e-01
6.199475005269050598e-02
4.211860299110412598e-01
9.946645051240921021e-02
9.394628405570983887e-01
5.460044741630554199e-01
2.937190532684326172e-01
7.466971278190612793e-01
9.754630327224731445e-01
5.889179110527038574e-01
5.066512227058410645e-01
6.968334913253784180e-01
5.761241912841796875e-01
5.375208258628845215e-01
1.870132386684417725e-01
9.850502945482730865e-03
8.653770387172698975e-02
6.113252639770507812e-01
7.297037839889526367e-01
7.804878354072570801e-01
3.386215269565582275e-01
4.010680317878723145e-01
6.626279950141906738e-01
7.909928560256958008e-01
6.247746944427490234e-01
7.070285081863403320e-02
6.660156250000000000e-01
8.196041584014892578e-01
1.528486609458923340e-01
8.130508661270141602e-01
7.042444348335266113e-01
4.645054042339324951e-01
5.193778276443481445e-01
2.334494143724441528e-01
3.000541627407073975e-01
5.342611074447631836e-01
4.554187655448913574e-01
2.092867903411388397e-02
8.316737413406372070e-02
9.266360998153686523e-01
4.476383626461029053e-01
6.801372766494750977e-01
2.151466012001037598e-01
5.031777620315551758e-01
3.252330720424652100e-01
4.285742640495300293e-01
1.824944466352462769e-01
8.700787425041198730e-01
4.597259163856506348e-01
2.842948138713836670e-01
1.344394590705633163e-02
3.593375682830810547e-01
9.476179480552673340e-01
9.195054173469543457e-01
9.720734953880310059e-01
5.641222000122070312e-01
6.761525869369506836e-01
2.564480900764465332e-01
8.889900445938110352e-01
6.071941256523132324e-01
4.997078776359558105e-01
1.336826533079147339e-01
8.445626497268676758e-01
7.609216570854187012e-01
3.561974763870239258e-01
6.512779742479324341e-03
6.559927463531494141e-01
2.896949052810668945e-01
1.035229489207267761e-01
9.114985167980194092e-02
5.859183073043823242e-01
2.258613705635070801e-01
5.975848436355590820e-01
6.878999471664428711e-01
6.909573674201965332e-01
3.520905226469039917e-02
5.235797166824340820e-01
3.170263487845659256e-03
3.215901851654052734e-01
8.399826884269714355e-01
2.025047987699508667e-01
4.173580408096313477e-01
3.698810040950775146e-01
7.536241412162780762e-01
8.544727563858032227e-01
8.625980019569396973e-01
7.839493155479431152e-01
9.620724916458129883e-01
1.660214215517044067e-01
3.461882174015045166e-01
2.488318681716918945e-01
6.152467131614685059e-01
1.422707289457321167e-01
7.202203869819641113e-01
8.025682568550109863e-01
7.497664093971252441e-01
3.941191434860229492e-01
4.134024679660797119e-01
6.401587724685668945e-01
9.787384867668151855e-01
1.250551789999008179e-01
4.359186589717864990e-01
3.180713653564453125e-01
9.160045385360717773e-01
4.834817647933959961e-01
4.693521559238433838e-01
7.297037243843078613e-01
1.381438970565795898e-01
3.150489032268524170e-01
7.240892052650451660e-01
7.422944307327270508e-01
7.391052246093750000e-01
2.804291434586048126e-02
6.840126514434814453e-01
2.214012295007705688e-01
6.968334913253784180e-01
3.330500721931457520e-01
4.977285116910934448e-02
2.968569397926330566e-01
1.709841564297676086e-02
9.121013283729553223e-01
6.291835308074951172e-01
3.661142885684967041e-01
4.054048657417297363e-01
9.436646699905395508e-01
1.916165202856063843e-01
1.684902310371398926e-01
3.288619220256805420e-01
3.434513509273529053e-01
2.611078917980194092e-01
2.448574453592300415e-02
9.652629494667053223e-01
7.575352191925048828e-01
9.310104250907897949e-01
7.951999902725219727e-01
2.525932788848876953e-01
1.069238185882568359e-01
4.731580913066864014e-01
3.736473321914672852e-01
3.773713111877441406e-01
6.691832542419433594e-01
6.330991983413696289e-01
2.295394092798233032e-01
4.249362349510192871e-01
3.851711004972457886e-02
8.924729228019714355e-01
1.784239262342453003e-01
9.685083031654357910e-01
5.673766732215881348e-01
3.115290701389312744e-01
5.603196620941162109e-01
3.854019045829772949e-01
8.853009939193725586e-01
7.651469111442565918e-01
5.451099947094917297e-02
5.124996900558471680e-01
6.593441367149353027e-01
3.386215269565582275e-01
9.891579151153564453e-01
7.989333271980285645e-01
6.195424795150756836e-01
1.289814561605453491e-01
5.304982066154479980e-01
6.457540392875671387e-01
8.445626497268676758e-01
5.930290222167968750e-01
8.503432869911193848e-01
8.163372278213500977e-01
2.761890888214111328e-01
4.763980209827423096e-01
9.229772686958312988e-01
5.572230815887451172e-01
9.583891034126281738e-01
1.099629998207092285e-01
7.726585865020751953e-01
2.379469275474548340e-01
1.713893711566925049e-01
6.725858449935913086e-01
8.338711261749267578e-01
4.096396267414093018e-01
1.187454462051391602e-01
8.585942983627319336e-01
9.352100491523742676e-01
8.306325078010559082e-01
1.147401481866836548e-01
7.168291211128234863e-01
8.816843628883361816e-01
7.874248027801513672e-01
5.839814245700836182e-02
7.685880064964294434e-01
7.506560534238815308e-02
2.414628863334655762e-01
4.402849376201629639e-01
8.663003444671630859e-01
5.496448874473571777e-01
6.369304656982421875e-01
8.063083291053771973e-01
1.528486162424087524e-01
8.743570446968078613e-01
5.271680355072021484e-01
4.968596398830413818e-01
8.096356987953186035e-01
1.743740737438201904e-01
5.124996900558471680e-01
7.932361960411071777e-02
9.507971405982971191e-01
2.451383620500564575e-01
9.551703929901123047e-02
9.820411801338195801e-01
7.125360965728759766e-01
5.711029171943664551e-01
1.983337402343750000e-01
2.802105247974395752e-01
9.999623298645019531e-01
6.616545468568801880e-02
9.963443875312805176e-01
1.215226650238037109e-01
7.349113821983337402e-01
7.078617811203002930e-01
