9.674177169799804688e-01
8.412806317210197449e-03
6.587868332862854004e-01
1.018327772617340088e-01
8.760241270065307617e-01
5.366637110710144043e-01
4.364815056324005127e-01
8.686156868934631348e-01
3.626737892627716064e-01
7.034684419631958008e-01
4.090878069400787354e-01
6.683773994445800781e-01
1.752173751592636108e-01
1.885541947558522224e-03
4.174973666667938232e-01
1.879764050245285034e-01
1.106628850102424622e-01
8.466207385063171387e-01
5.943410396575927734e-01
3.850619196891784668e-01
3.408585190773010254e-01
7.556535601615905762e-01
2.767826616764068604e-01
5.653975605964660645e-01
5.496309995651245117e-01
1.601520478725433350e-01
8.919336199760437012e-01
6.186394095420837402e-01
8.590502142906188965e-01
9.386215358972549438e-02
7.819175124168395996e-01
2.322093546390533447e-01
8.995568007230758667e-02
4.409827291965484619e-01
7.326977849006652832e-01
3.128189444541931152e-01
7.235996425151824951e-02
2.205833494663238525e-01
5.106028318405151367e-01
4.483929276466369629e-01
1.717973947525024414e-01
9.956303834915161133e-01
3.225389122962951660e-01
3.470893576741218567e-02
3.475490212440490723e-01
5.542427301406860352e-01
7.074391245841979980e-01
2.900244891643524170e-01
3.282556235790252686e-01
7.208949923515319824e-01
6.779148429632186890e-02
9.872060418128967285e-01
6.742077469825744629e-01
1.680827289819717407e-01
4.582129418849945068e-02
9.914189577102661133e-01
6.549410223960876465e-01
5.250253081321716309e-01
5.274728536605834961e-01
2.729392647743225098e-01
8.131529092788696289e-01
8.651007413864135742e-01
8.956243395805358887e-01
4.219104722142219543e-02
2.566591501235961914e-01
5.446968078613281250e-01
1.491461247205734253e-01
4.562341570854187012e-01
7.714245319366455078e-01
5.578103065490722656e-01
5.978651642799377441e-01
2.524961233139038086e-01
2.653279304504394531e-01
3.553078174591064453e-01
7.414024472236633301e-01
9.397618770599365234e-01
9.269492030143737793e-01
1.347895115613937378e-01
8.718397617340087891e-01
6.481465697288513184e-01
7.860983014106750488e-01
8.886386752128601074e-01
2.850365340709686279e-01
2.610608041286468506e-01
1.989336460828781128e-01
8.617413043975830078e-01
5.692933201789855957e-01
1.199222821742296219e-02
3.331626951694488525e-01
6.400447487831115723e-01
7.371253967285156250e-01
1.529585868120193481e-01
1.921863406896591187e-01
9.585763216018676758e-01
9.324703812599182129e-01
2.452301532030105591e-01
8.848875761032104492e-01
1.458718329668045044e-01
1.560679078102111816e-01
8.132180571556091309e-02
1.066168621182441711e-01
2.974625527858734131e-01
4.724874496459960938e-01
5.748105645179748535e-01
7.451406717300415039e-01
9.181432127952575684e-01
6.620613932609558105e-01
3.925186395645141602e-01
6.512600183486938477e-01
1.423462331295013428e-01
8.439215421676635742e-01
4.999564290046691895e-01
1.213994845747947693e-01
7.676311731338500977e-01
3.768076598644256592e-01
4.676760733127593994e-01
8.339900374412536621e-01
9.714710712432861328e-01
6.020400524139404297e-01
4.286203086376190186e-01
4.003210961818695068e-01
5.134842395782470703e-01
6.864161491394042969e-01
7.485643625259399414e-01
4.446547627449035645e-01
4.132868349552154541e-01
9.503009319305419922e-01
7.780362963676452637e-01
5.704141035676002502e-02
3.091526329517364502e-01
3.592794835567474365e-01
5.617350935935974121e-01
2.277010828256607056e-01
9.829004406929016113e-01
4.766677320003509521e-01
5.333350896835327148e-01
9.992984533309936523e-01
3.695097863674163818e-01
6.902512311935424805e-01
5.369858443737030029e-02
6.353554129600524902e-01
9.079588651657104492e-01
5.304511189460754395e-01
8.016921877861022949e-01
2.790425159037113190e-02
6.051800400018692017e-02
4.638140201568603516e-01
4.246648252010345459e-01
8.054664731025695801e-01
4.870842397212982178e-01
9.752971529960632324e-01
2.175147980451583862e-01
3.050057590007781982e-01
3.438007831573486328e-01
8.993065357208251953e-01
1.540417689830064774e-02
5.404704213142395020e-01
9.434477686882019043e-01
2.692494392395019531e-01
7.949377894401550293e-01
2.051385641098022461e-01
3.152898326516151428e-02
7.278686761856079102e-01
4.046836495399475098e-01
7.108930349349975586e-01
6.264383792877197266e-01
1.644318252801895142e-01
5.909276008605957031e-01
5.748105645179748535e-01
9.113194346427917480e-01
3.514317870140075684e-01
8.407366871833801270e-01
5.866917967796325684e-01
9.217374324798583984e-01
9.790164232254028320e-01
1.247495636343955994e-01
6.307076215744018555e-01
6.782444715499877930e-01
3.660930097103118896e-01
1.834849119186401367e-01
7.639196515083312988e-01
3.729383945465087891e-01
6.443854570388793945e-01
9.628343582153320312e-01
5.832523107528686523e-01
1.282620429992675781e-01
9.543682932853698730e-01
1.317092627286911011e-01
1.790037751197814941e-01
6.936650276184082031e-01
6.225857734680175781e-01
8.584064990282058716e-02
3.963605463504791260e-01
7.000069618225097656e-01
4.599669575691223145e-01
7.239041924476623535e-01
8.373276591300964355e-01
9.149779081344604492e-01
7.908464670181274414e-01
8.170456290245056152e-01
7.746676206588745117e-01
6.817561984062194824e-01
1.177551001310348511e-01
8.807455897331237793e-01
4.955239295959472656e-01
4.910605251789093018e-01
2.412306666374206543e-01
2.548565529286861420e-02
7.981253266334533691e-01
7.175598144531250000e-01
8.092254996299743652e-01
9.748286753892898560e-02
7.143262624740600586e-01
9.466606378555297852e-01
8.257085680961608887e-01
2.805911898612976074e-01
2.023739069700241089e-01
6.415525823831558228e-02
9.269492030143737793e-01
5.473634228110313416e-03
4.996887221932411194e-02
6.143757700920104980e-01
1.791232824325561523e-02
4.836713373661041260e-01
5.073823332786560059e-01
4.525218307971954346e-01
2.938316464424133301e-01
2.367453128099441528e-01
4.323347210884094238e-01
1.143228709697723389e-01
8.297665715217590332e-01
6.968362927436828613e-01
9.036589860916137695e-01
3.811643719673156738e-01
6.102252602577209473e-01
8.214533925056457520e-01
1.385643631219863892e-01
5.037460327148437500e-01
2.485857009887695312e-01
3.225389122962951660e-01
3.015018999576568604e-01
3.166143000125885010e-01
4.804223179817199707e-01
7.517930865287780762e-01
9.365116953849792480e-01
7.702726125717163086e-02
6.062394976615905762e-01
7.599301934242248535e-01
3.889260888099670410e-01
5.793290138244628906e-01
3.826185688376426697e-02
6.712141036987304688e-01
4.209974110126495361e-01
3.331626951694488525e-01
1.956092864274978638e-01
2.243273705244064331e-01
