9.432335495948791504e-01
8.559986352920532227e-01
1.405487209558486938e-01
1.983437389135360718e-01
4.450874403119087219e-02
9.326136112213134766e-01
5.099247097969055176e-01
2.279680073261260986e-01
8.077415823936462402e-01
7.530550956726074219e-01
6.665841341018676758e-01
3.839594721794128418e-01
7.122275829315185547e-01
4.124479889869689941e-01
7.902910709381103516e-01
4.570150673389434814e-01
8.437037467956542969e-01
1.677642017602920532e-01
3.486568331718444824e-01
2.602594792842864990e-01
2.059728205204010010e-01
7.233037799596786499e-02
2.468925118446350098e-01
3.802217245101928711e-01
8.715267777442932129e-01
8.290322422981262207e-01
1.734619140625000000e-01
8.756610751152038574e-01
7.610667496919631958e-02
3.046881258487701416e-01
1.938295736908912659e-02
7.979192137718200684e-01
1.556412875652313232e-01
3.556179404258728027e-01
2.018063068389892578e-01
4.042999446392059326e-01
1.902876049280166626e-01
5.950284600257873535e-01
3.926728367805480957e-01
6.269174814224243164e-02
5.850263833999633789e-01
3.685064017772674561e-01
5.570788383483886719e-01
2.254238575696945190e-01
4.164806604385375977e-01
9.617388248443603516e-02
5.485388636589050293e-01
2.098927050828933716e-01
6.871093511581420898e-01
5.331780314445495605e-01
5.417050719261169434e-01
5.524141788482666016e-01
4.635060429573059082e-01
8.919106721878051758e-01
5.894496440887451172e-01
5.057507753372192383e-01
4.383882880210876465e-01
6.361734867095947266e-01
2.900102734565734863e-01
1.317769438028335571e-01
9.919406473636627197e-02
1.636098325252532959e-01
1.208050996065139771e-01
9.826533794403076172e-01
1.149537786841392517e-01
3.598215579986572266e-01
4.806449711322784424e-01
1.245235651731491089e-01
5.618960857391357422e-01
3.966407477855682373e-01
4.492976665496826172e-01
7.725093960762023926e-01
2.860882580280303955e-01
9.549727663397789001e-03
7.047803401947021484e-01
6.210216879844665527e-01
1.774285435676574707e-01
9.669486880302429199e-01
5.249096751213073730e-01
9.338031709194183350e-02
2.370965182781219482e-01
7.158850431442260742e-01
8.983213901519775391e-01
8.673688769340515137e-01
4.603670537471771240e-01
2.370965182781219482e-01
8.855285644531250000e-01
3.110360503196716309e-01
8.037495613098144531e-02
6.280774474143981934e-01
3.526848182082176208e-02
6.970491409301757812e-01
9.475090503692626953e-01
9.595393538475036621e-01
7.688959836959838867e-01
1.580527238547801971e-02
6.804224848747253418e-01
6.841890811920166016e-01
8.041782975196838379e-01
6.777688264846801758e-01
5.656562447547912598e-01
8.490813523530960083e-02
8.154993653297424316e-01
9.885681867599487305e-01
5.718673467636108398e-01
6.506752371788024902e-01
4.006493389606475830e-01
3.521044552326202393e-01
9.699297547340393066e-01
6.472845077514648438e-01
1.947615295648574829e-01
6.439095735549926758e-01
7.492099404335021973e-01
1.855347901582717896e-01
8.350591063499450684e-01
7.244207859039306641e-01
8.635292053222656250e-01
4.837850034236907959e-01
8.823119997978210449e-01
1.821006387472152710e-01
4.532497227191925049e-01
1.031105220317840576e-01
4.450874403119087219e-02
3.155884146690368652e-01
8.290322422981262207e-01
2.532322704792022705e-01
1.362817287445068359e-01
9.967191219329833984e-01
5.205147434026002884e-03
8.950954675674438477e-01
9.379709959030151367e-01
6.178057193756103516e-01
5.207605957984924316e-01
8.010258078575134277e-01
4.903810918331146240e-01
9.096530079841613770e-01
3.287514150142669678e-01
4.348060190677642822e-01
5.686540007591247559e-01
6.245580315589904785e-01
2.370964884757995605e-01
6.545485854148864746e-01
5.374654531478881836e-01
1.283778250217437744e-01
9.852954149246215820e-01
6.628211736679077148e-01
7.938212156295776367e-01
8.114877343177795410e-01
4.279823303222656250e-01
8.520275354385375977e-01
4.456578195095062256e-01
8.887152075767517090e-01
9.284837841987609863e-01
6.970492601394653320e-01
5.922206044197082520e-01
3.390575945377349854e-01
7.415042519569396973e-01
3.345513045787811279e-01
5.816253647208213806e-02
9.920489192008972168e-01
4.417468905448913574e-01
3.768922388553619385e-01
2.725449763238430023e-02
4.718422293663024902e-01
5.173728466033935547e-01
8.233200907707214355e-01
2.169697582721710205e-01
9.168975949287414551e-01
9.205762743949890137e-01
3.075605630874633789e-01
9.632022976875305176e-01
1.160349347628653049e-03
7.649807929992675781e-01
4.239027500152587891e-01
7.456738352775573730e-01
8.939436823129653931e-02
6.739237904548645020e-01
6.014008522033691406e-01
9.542430639266967773e-01
2.316523343324661255e-02
2.497555017471313477e-01
3.316807150840759277e-01
1.061618700623512268e-01
6.921163946390151978e-02
4.771129786968231201e-01
5.018664598464965820e-01
3.922275081276893616e-02
7.609676718711853027e-01
9.136038422584533691e-01
2.726371288299560547e-01
3.248558640480041504e-01
6.106781959533691406e-01
3.730660378932952881e-01
2.823538780212402344e-01
2.767207026481628418e-01
5.291373729705810547e-01
3.010992109775543213e-01
3.642782568931579590e-01
7.759616971015930176e-01
7.015653252601623535e-01
5.140614509582519531e-01
8.386676311492919922e-01
6.142659187316894531e-01
4.718422293663024902e-01
3.437950313091278076e-01
5.452139973640441895e-01
9.542430639266967773e-01
1.520848721265792847e-01
4.868871569633483887e-01
7.821110486984252930e-01
6.318774223327636719e-01
6.703938841819763184e-01
2.684305012226104736e-01
7.203366160392761230e-01
8.789455294609069824e-01
4.314151406288146973e-01
4.938090741634368896e-01
3.204831182956695557e-01
4.975558817386627197e-02
2.136277109384536743e-01
7.327030301094055176e-01
3.181894868612289429e-02
9.052512645721435547e-01
4.204562604427337646e-01
8.592683672904968262e-01
6.627225875854492188e-02
6.909434199333190918e-01
2.212010920047760010e-01
9.379709959030151367e-01
7.282923460006713867e-01
2.644199132919311523e-01
4.975670874118804932e-01
1.322410069406032562e-02
7.078673839569091797e-01
7.374505996704101562e-01
7.793266177177429199e-01
1.485820114612579346e-01
5.986750721931457520e-01
8.478189706802368164e-01
2.561546862125396729e-01
5.760243535041809082e-01
6.401833295822143555e-01
1.449525952339172363e-01
6.588762998580932617e-01
9.018707275390625000e-01
9.241202473640441895e-01
4.668965041637420654e-01
1.591043770313262939e-01
4.086789190769195557e-01
5.808055996894836426e-01
2.796152830123901367e-01
2.981000542640686035e-01
1.149537786841392517e-01
8.196332454681396484e-01
7.573531866073608398e-01
5.388818681240081787e-02
