8.287994861602783203e-01
9.438974857330322266e-01
1.032284051179885864e-01
7.474232912063598633e-01
1.600663512945175171e-01
3.381324186921119690e-02
3.505807220935821533e-01
8.328534960746765137e-01
5.052001681178808212e-03
1.642207354307174683e-01
4.310255944728851318e-01
4.377267062664031982e-01
6.899483799934387207e-01
7.690358757972717285e-01
7.058716416358947754e-01
9.223186969757080078e-01
5.701410174369812012e-01
3.773095607757568359e-01
8.136302232742309570e-01
9.584580659866333008e-01
8.595263212919235229e-02
9.374163299798965454e-02
2.176834642887115479e-01
1.023942790925502777e-02
8.858460187911987305e-01
4.156704843044281006e-01
9.026651382446289062e-01
4.278459548950195312e-01
8.170645236968994141e-01
5.003309249877929688e-01
4.234878420829772949e-01
1.423198077827692032e-02
3.010300099849700928e-01
3.735291361808776855e-01
7.201027870178222656e-01
3.617426753044128418e-01
2.750150263309478760e-01
7.168349623680114746e-01
7.681317627429962158e-02
3.388302624225616455e-01
5.289253592491149902e-01
3.191760778427124023e-01
4.650843143463134766e-01
6.312645077705383301e-01
5.832917094230651855e-01
4.848592579364776611e-01
1.709023714065551758e-01
4.554298222064971924e-01
2.515146732330322266e-01
6.254201382398605347e-02
3.266030550003051758e-01
1.972679495811462402e-01
6.457046866416931152e-01
1.930657178163528442e-01
2.257916480302810669e-01
6.570444703102111816e-01
6.026904582977294922e-01
6.350400447845458984e-01
1.157524436712265015e-01
3.114315867424011230e-01
4.118346869945526123e-01
7.435688972473144531e-01
2.605069056153297424e-02
5.193224549293518066e-01
8.204897642135620117e-01
9.713242202997207642e-02
6.241603493690490723e-01
1.741554439067840576e-01
6.741823554039001465e-01
9.299339056015014648e-01
4.072189331054687500e-04
5.361096262931823730e-01
3.966855704784393311e-01
9.042185544967651367e-02
2.814559638500213623e-01
1.510461419820785522e-01
5.113270282745361328e-01
7.624684572219848633e-01
7.848633527755737305e-01
2.861699163913726807e-01
1.237080246210098267e-01
8.156006038188934326e-02
3.075504899024963379e-01
3.539865612983703613e-01
7.332612276077270508e-01
3.691536784172058105e-01
7.770893573760986328e-01
7.558076977729797363e-01
5.902001261711120605e-01
2.478453814983367920e-01
6.966493129730224609e-01
1.556979119777679443e-01
4.688063263893127441e-01
2.447858452796936035e-01
8.443246483802795410e-01
6.526876091957092285e-01
5.041004419326782227e-01
9.764863848686218262e-01
5.439029335975646973e-01
3.885737955570220947e-01
9.643499851226806641e-01
7.325525581836700439e-02
8.795929551124572754e-01
5.325550436973571777e-01
9.368574023246765137e-01
9.398850798606872559e-01
2.013929635286331177e-01
5.193224549293518066e-01
1.806290075182914734e-02
6.139866113662719727e-01
7.022081613540649414e-01
1.810802221298217773e-01
5.147185325622558594e-01
7.234137058258056641e-01
1.205487698316574097e-01
3.353165090084075928e-01
8.605332970619201660e-01
8.525723218917846680e-01
9.136157631874084473e-01
2.982454597949981689e-01
6.850404143333435059e-01
8.565729856491088867e-01
7.300019264221191406e-01
6.705393791198730469e-01
8.367841243743896484e-01
8.407600522041320801e-01
2.701416611671447754e-01
8.686015605926513672e-01
3.015949763357639313e-02
7.923066020011901855e-01
9.508342742919921875e-01
6.637842208147048950e-02
1.312727034091949463e-01
6.427965164184570312e-01
1.886886954307556152e-01
4.081948697566986084e-01
6.777108311653137207e-01
2.585662007331848145e-01
3.847163617610931396e-01
6.661332845687866211e-01
2.257916480302810669e-01
5.742587521672248840e-02
7.590221166610717773e-01
5.249330401420593262e-01
5.401879549026489258e-01
2.786180973052978516e-01
4.884417653083801270e-01
3.657753467559814453e-01
3.805566430091857910e-01
4.522722363471984863e-01
8.761048316955566406e-01
4.921169877052307129e-01
5.788827538490295410e-01
4.774360060691833496e-01
4.742465540766716003e-02
3.229728341102600098e-01
5.080252289772033691e-01
4.729272723197937012e-01
7.983426451683044434e-01
1.001407876610755920e-01
5.650943517684936523e-01
1.846745312213897705e-01
5.738655328750610352e-01
6.210312843322753906e-01
5.623512268066406250e-01
7.517043352127075195e-01
6.277075409889221191e-01
9.263797402381896973e-01
9.724063277244567871e-01
2.619777619838714600e-01
3.468635678291320801e-01
2.554630637168884277e-01
7.729135155677795410e-01
2.350611239671707153e-01
8.942220807075500488e-01
1.277078837156295776e-01
8.647064566612243652e-01
2.913118600845336914e-01
5.292663723230361938e-02
5.958718061447143555e-01
3.427082896232604980e-01
8.896576762199401855e-01
4.406715631484985352e-01
3.310142457485198975e-01
3.573301136493682861e-01
2.168895490467548370e-02
6.054288148880004883e-01
4.003137350082397461e-01
4.960189461708068848e-01
9.685992002487182617e-01
4.616997241973876953e-01
1.439988166093826294e-01
7.368268966674804688e-01
2.084386497735977173e-01
1.349435597658157349e-01
7.131054997444152832e-01
7.399471402168273926e-01
9.848433136940002441e-01
5.545816421508789062e-01
5.545817017555236816e-01
9.890886545181274414e-01
9.183292984962463379e-01
3.924723863601684570e-01
5.466679334640502930e-01
6.101074218750000000e-01
4.586004018783569336e-01
9.965420365333557129e-01
1.674600541591644287e-01
5.863065719604492188e-01
7.809463143348693848e-01
9.806370735168457031e-01
7.657045125961303711e-01
4.043669998645782471e-01
2.052922993898391724e-01
9.329479932785034180e-01
8.243349194526672363e-01
4.814151525497436523e-01
6.173738241195678711e-01
7.267854809761047363e-01
8.985418081283569336e-01
4.221547022461891174e-02
7.885563969612121582e-01
3.817399963736534119e-02
2.657760977745056152e-01
1.476163566112518311e-01
5.934172272682189941e-01
1.397787630558013916e-01
8.825972676277160645e-01
6.966493129730224609e-01
6.394206285476684570e-01
1.774357259273529053e-01
6.813400983810424805e-01
8.104806542396545410e-01
2.319675534963607788e-01
9.928334355354309082e-01
8.726497292518615723e-01
2.947311699390411377e-01
2.378273159265518188e-01
9.480490088462829590e-01
2.136621475219726562e-01
3.043363690376281738e-01
6.487738490104675293e-01
9.612831473350524902e-01
7.093576788902282715e-01
3.150250315666198730e-01
9.065753817558288574e-01
7.956326603889465332e-01
6.968238204717636108e-02
9.101161360740661621e-01
2.861699163913726807e-01
6.617772579193115234e-01
4.196277856826782227e-01
1.157524436712265015e-01
4.340382516384124756e-01
8.483685851097106934e-01
4.742476716637611389e-02
