2.226492315530776978e-01
3.418997526168823242e-01
1.548059880733489990e-01
2.296584248542785645e-01
8.964552283287048340e-01
6.445534229278564453e-01
5.694563388824462891e-01
5.448198914527893066e-01
9.379066228866577148e-01
8.386347293853759766e-01
2.939226031303405762e-01
3.269057273864746094e-01
2.335927337408065796e-01
7.603756785392761230e-01
9.288058876991271973e-01
4.786589145660400391e-01
9.665670394897460938e-01
6.746257543563842773e-01
1.181020122021436691e-02
3.667314648628234863e-01
9.287434071302413940e-02
1.663827747106552124e-01
9.412213563919067383e-01
2.577103078365325928e-01
3.802974820137023926e-01
1.811894476413726807e-01
5.758957862854003906e-01
4.269486665725708008e-01
8.091390728950500488e-01
7.914160490036010742e-01
1.031807884573936462e-01
6.294057965278625488e-01
5.608819127082824707e-01
7.905496656894683838e-02
2.973145544528961182e-01
7.670745253562927246e-01
5.412984639406204224e-02
7.840983867645263672e-01
8.426209688186645508e-01
1.938894242048263550e-01
2.420417964458465576e-01
5.518481731414794922e-01
1.119596213102340698e-01
3.341131210327148438e-01
3.931706249713897705e-01
4.786589145660400391e-01
2.114570289850234985e-01
6.783606410026550293e-01
4.409449398517608643e-01
4.662174880504608154e-01
5.824279189109802246e-01
2.150577157735824585e-01
8.249208927154541016e-01
4.050425887107849121e-01
6.847569942474365234e-01
2.653483152389526367e-01
3.533896803855895996e-01
9.215729832649230957e-01
2.709367312490940094e-02
5.322629809379577637e-01
1.517187207937240601e-01
4.091222286224365234e-01
5.077717304229736328e-01
4.892548024654388428e-01
1.455209851264953613e-01
7.991074919700622559e-01
7.492600083351135254e-01
1.778472214937210083e-01
7.737141251564025879e-01
7.532422542572021484e-01
9.728434681892395020e-01
7.414885163307189941e-01
2.261155247688293457e-01
8.844225406646728516e-01
3.045649230480194092e-01
3.698021471500396729e-01
3.240058720111846924e-01
5.663140416145324707e-01
1.272596418857574463e-01
5.205061435699462891e-01
5.281208753585815430e-01
5.990368127822875977e-01
4.324308037757873535e-01
2.727431058883666992e-01
3.740221560001373291e-01
1.585869491100311279e-01
3.205851614475250244e-01
7.122816443443298340e-01
8.322327136993408203e-01
2.727431058883666992e-01
3.628897070884704590e-01
6.261488795280456543e-01
3.565602302551269531e-01
8.633065819740295410e-01
4.162463247776031494e-01
5.416706204414367676e-01
2.874768674373626709e-01
9.888723492622375488e-01
3.377574086189270020e-01
7.570443153381347656e-01
6.152685284614562988e-01
8.884323835372924805e-01
7.882429361343383789e-01
7.375361919403076172e-01
4.572688043117523193e-02
3.304219543933868408e-01
9.450775980949401855e-01
6.700605750083923340e-01
2.903258502483367920e-01
8.561221957206726074e-01
2.046883702278137207e-01
4.629393219947814941e-01
4.729793369770050049e-01
9.929578751325607300e-02
8.457290530204772949e-01
9.692082405090332031e-01
3.171943426132202148e-01
7.255008816719055176e-01
3.788654506206512451e-02
5.125685930252075195e-01
7.781686782836914062e-01
1.164703220129013062e-01
9.480578303337097168e-01
4.962308406829833984e-01
5.481708645820617676e-01
9.642903804779052734e-01
8.806307315826416016e-01
4.694604873657226562e-01
4.537796676158905029e-01
9.503114819526672363e-01
9.573427438735961914e-01
6.025464534759521484e-01
4.989468306303024292e-02
8.672796487808227539e-01
1.603662036359310150e-02
4.993608891963958740e-01
3.135769367218017578e-01
8.130365014076232910e-01
3.088631331920623779e-01
2.376580089330673218e-01
1.073934286832809448e-01
5.956785678863525391e-01
2.653483152389526367e-01
7.955300211906433105e-01
2.495238631963729858e-01
1.239264011383056641e-01
7.165918946266174316e-01
9.163074493408203125e-01
7.295365929603576660e-01
9.005686640739440918e-01
9.091569781303405762e-01
4.178019613027572632e-02
7.011139392852783203e-01
3.458749353885650635e-01
6.065135598182678223e-01
8.397196233272552490e-02
1.852512359619140625e-01
7.212004661560058594e-01
1.704364418983459473e-01
7.781686782836914062e-01
1.743838638067245483e-01
2.457358539104461670e-01
6.262864172458648682e-02
9.763857126235961914e-01
1.203578636050224304e-01
7.090385556221008301e-01
1.295119673013687134e-01
5.551519393920898438e-01
8.862484246492385864e-02
8.209492564201354980e-01
5.169933438301086426e-01
2.024910598993301392e-02
3.494004905223846436e-01
6.194202303886413574e-01
9.047034382820129395e-01
5.916581153869628906e-01
6.600171923637390137e-01
4.583847522735595703e-01
1.381310373544692993e-01
9.134747385978698730e-01
2.080926299095153809e-01
6.812782287597656250e-01
9.805145859718322754e-01
5.866234898567199707e-01
3.974346816539764404e-01
8.171551227569580078e-01
4.239885509014129639e-01
9.927822947502136230e-01
1.624232977628707886e-01
4.367592632770538330e-01
5.032767057418823242e-01
6.327924728393554688e-01
4.162463247776031494e-01
5.372577309608459473e-01
7.336083054542541504e-01
7.640336751937866211e-01
5.241580605506896973e-01
6.660214662551879883e-01
4.162463247776031494e-01
3.861106336116790771e-01
9.612648934125900269e-02
3.599022924900054932e-01
7.477037142962217331e-03
9.850310087203979492e-01
6.232417821884155273e-01
1.979230791330337524e-01
7.502909749746322632e-02
8.599923849105834961e-01
5.789557099342346191e-01
6.360761523246765137e-01
9.329933524131774902e-01
2.015513181686401367e-01
3.009719550609588623e-01
4.470931589603424072e-01
8.062826991081237793e-01
3.802974820137023926e-01
2.773994803428649902e-01
6.888040900230407715e-01
7.131099700927734375e-02
2.188806980848312378e-01
7.454400062561035156e-01
8.758352994918823242e-01
9.990680217742919922e-01
4.928621947765350342e-01
8.026715517044067383e-01
9.960332512855529785e-01
5.839655920863151550e-02
8.713642358779907227e-01
9.215730428695678711e-01
4.440210163593292236e-01
3.894505202770233154e-01
8.354418873786926270e-01
8.285027742385864258e-01
4.014696776866912842e-01
6.108914613723754883e-01
1.416692733764648438e-01
6.600171923637390137e-01
5.608819127082824707e-01
5.727533698081970215e-01
3.427095711231231689e-02
6.935896873474121094e-01
4.505295157432556152e-01
1.487414091825485229e-01
7.050784230232238770e-01
8.922358155250549316e-01
6.477161645889282227e-01
3.048785217106342316e-02
2.555185230448842049e-03
2.544919848442077637e-01
6.696547567844390869e-02
2.380841225385665894e-02
1.897952556610107422e-01
7.704922556877136230e-01
6.543862223625183105e-01
6.512753963470458984e-01
6.975603103637695312e-01
