6.383009552955627441e-01
9.006444811820983887e-01
6.619476675987243652e-01
8.407139182090759277e-01
2.269033044576644897e-01
2.813582718372344971e-01
4.854198694229125977e-01
6.474995613098144531e-01
5.468666180968284607e-02
7.733576893806457520e-01
1.405509114265441895e-01
1.793115213513374329e-02
7.981983423233032227e-01
7.809178233146667480e-01
2.770763039588928223e-01
2.170017659664154053e-01
3.577696681022644043e-01
7.575980424880981445e-01
5.077031254768371582e-01
4.753515869379043579e-02
8.024485111236572266e-01
3.482960164546966553e-02
7.841903567314147949e-01
4.708557128906250000e-01
8.277789950370788574e-01
9.458699822425842285e-01
6.655144095420837402e-01
4.244209527969360352e-01
5.890604853630065918e-01
9.315330982208251953e-01
7.299161553382873535e-01
5.398521423339843750e-01
7.909845709800720215e-01
4.165615439414978027e-01
7.991387695074081421e-02
1.708339750766754150e-01
6.854850649833679199e-01
2.583162784576416016e-01
8.839924335479736328e-01
9.543591737747192383e-02
2.963581979274749756e-01
7.331900596618652344e-01
3.542391657829284668e-01
8.263748884201049805e-02
2.583162784576416016e-01
4.390170425176620483e-02
7.497085928916931152e-01
3.181570209562778473e-03
3.829334378242492676e-01
6.140657663345336914e-01
1.139949485659599304e-01
9.006444811820983887e-01
3.765943646430969238e-01
5.131437778472900391e-01
6.766625642776489258e-01
4.129150509834289551e-01
9.389348030090332031e-01
5.146513879299163818e-02
8.197383880615234375e-01
1.070943027734756470e-01
6.514007449150085449e-01
3.464223742485046387e-01
8.483262658119201660e-01
2.477006763219833374e-01
8.558959364891052246e-01
2.016416490077972412e-01
1.526937037706375122e-01
2.632118463516235352e-01
9.026303887367248535e-02
3.614751100540161133e-01
5.854545831680297852e-01
4.746994078159332275e-01
4.285635650157928467e-01
1.297648102045059204e-01
6.028465628623962402e-01
7.358694672584533691e-01
6.766625642776489258e-01
3.112336993217468262e-02
2.336001694202423096e-01
1.375530473887920380e-02
5.175053477287292480e-01
8.953292369842529297e-01
3.971230611205101013e-02
1.330660730600357056e-01
1.367113739252090454e-01
7.877207398414611816e-01
4.354249835014343262e-01
3.653245270252227783e-01
6.984947919845581055e-01
7.539168000221252441e-01
2.366283237934112549e-01
3.382059931755065918e-01
9.610243439674377441e-01
5.617713555693626404e-03
6.432690024375915527e-01
3.192170262336730957e-01
6.584510207176208496e-01
5.260236263275146484e-01
1.490723937749862671e-01
6.697521805763244629e-01
6.822083592414855957e-01
9.114935994148254395e-01
5.972713232040405273e-01
2.139804810285568237e-01
7.267476320266723633e-01
6.887173056602478027e-01
9.649065732955932617e-01
3.860768675804138184e-01
9.718567728996276855e-01
7.772545814514160156e-01
4.953677654266357422e-01
5.290432572364807129e-01
2.230932191014289856e-02
1.761180311441421509e-01
9.837566614151000977e-01
8.526111841201782227e-01
1.561390459537506104e-01
2.079194039106369019e-01
9.572194814682006836e-01
5.821363329887390137e-01
2.302782535552978516e-01
3.728139996528625488e-01
5.506994724273681641e-01
7.688413858413696289e-01
5.321885943412780762e-01
8.634768724441528320e-01
5.768609642982482910e-01
4.028089642524719238e-01
4.511808156967163086e-01
9.783694744110107422e-01
1.034866124391555786e-01
9.230029582977294922e-01
4.550115466117858887e-01
8.663353323936462402e-01
8.593595772981643677e-02
7.946967482566833496e-01
3.426590561866760254e-01
5.609874725341796875e-01
7.446242570877075195e-01
3.086398243904113770e-01
2.403863072395324707e-01
5.798412486910820007e-02
1.595358401536941528e-01
7.402597665786743164e-01
1.187799721956253052e-01
9.269146323204040527e-01
2.854772210121154785e-01
8.318720459938049316e-01
3.340913057327270508e-01
6.188350915908813477e-01
7.139726281166076660e-01
8.363610506057739258e-01
2.053098827600479126e-01
9.354760646820068359e-01
4.781728088855743408e-01
2.671124935150146484e-01
7.607776522636413574e-01
9.682343602180480957e-01
7.069262862205505371e-01
4.481431245803833008e-01
5.220264792442321777e-01
3.303238749504089355e-01
7.031559348106384277e-01
1.447410583496093750e-01
1.665104180574417114e-01
1.228931099176406860e-01
1.915732622146606445e-01
9.184387326240539551e-01
7.096484303474426270e-01
9.489492177963256836e-01
4.067243039608001709e-01
5.033681392669677734e-01
9.053541421890258789e-01
2.895283997058868408e-01
8.109896779060363770e-01
4.953676760196685791e-01
4.596791565418243408e-01
1.963959038257598877e-01
9.952045083045959473e-01
6.550542712211608887e-01
4.638470113277435303e-01
6.349256038665771484e-01
8.808090090751647949e-01
1.840860098600387573e-01
4.096878468990325928e-01
9.421476125717163086e-01
3.224484622478485107e-01
3.989805579185485840e-01
5.574964284896850586e-01
6.316972374916076660e-01
5.648515224456787109e-01
5.792973041534423828e-01
5.545278787612915039e-01
1.875747591257095337e-01
1.102643907070159912e-01
4.203039109706878662e-01
8.068994283676147461e-01
2.930968999862670898e-01
3.155277967453002930e-01
8.707648515701293945e-01
8.920329809188842773e-01
4.413557648658752441e-01
2.841973491013050079e-02
9.529082179069519043e-01
2.718316316604614258e-01
3.262022733688354492e-01
2.518038079142570496e-02
5.929960012435913086e-01
4.818628430366516113e-01
5.438256859779357910e-01
4.906269013881683350e-01
4.413557648658752441e-01
1.265157163143157959e-01
3.691951632499694824e-01
5.682870745658874512e-01
9.952045083045959473e-01
9.952045083045959473e-01
3.893878757953643799e-01
1.631447374820709229e-01
9.081614613533020020e-01
3.048943877220153809e-01
8.235183954238891602e-01
5.475011467933654785e-01
8.775260448455810547e-01
7.710781693458557129e-02
2.523151636123657227e-01
9.783694744110107422e-01
2.108547091484069824e-01
3.797878921031951904e-01
2.441587001085281372e-01
6.104063391685485840e-01
4.323076009750366211e-01
6.117985770106315613e-02
6.935145854949951172e-01
6.478129327297210693e-02
7.411717623472213745e-02
4.669737815856933594e-01
9.224797599017620087e-03
3.006391823291778564e-01
1.799492835998535156e-01
8.448638319969177246e-01
5.000356435775756836e-01
9.148309826850891113e-01
7.638935446739196777e-01
8.153096437454223633e-01
5.361332297325134277e-01
6.233425736427307129e-01
9.965249150991439819e-02
8.880645036697387695e-01
7.139726281166076660e-01
3.122026920318603516e-01
8.742198348045349121e-01
6.063580513000488281e-01
9.952045083045959473e-01
3.504595160484313965e-01
6.277811527252197266e-01
