8.091537952423095703e-01
5.463613867759704590e-01
2.077961862087249756e-01
9.937063455581665039e-01
9.061927795410156250e-01
6.073834896087646484e-01
1.070675924420356750e-01
1.809550970792770386e-01
9.693073034286499023e-01
8.483095169067382812e-01
4.310377836227416992e-01
6.353110671043395996e-01
7.373297810554504395e-01
1.447642147541046143e-01
5.100870132446289062e-01
1.033117547631263733e-01
8.787756562232971191e-01
2.861244678497314453e-01
2.900829613208770752e-01
7.113318443298339844e-01
3.782166838645935059e-01
7.983904331922531128e-02
8.001774549484252930e-01
3.920796215534210205e-01
7.766731083393096924e-02
3.595901131629943848e-01
4.263575971126556396e-01
8.047565817832946777e-01
3.422650992870330811e-01
9.203999638557434082e-01
6.028695702552795410e-01
3.192561566829681396e-01
7.901931405067443848e-01
1.643645316362380981e-01
9.816263318061828613e-01
2.593266963958740234e-01
4.355923235416412354e-01
8.690127730369567871e-01
6.418538838624954224e-02
3.471463024616241455e-01
2.462885528802871704e-01
2.503687441349029541e-01
3.544894233345985413e-02
3.375919163227081299e-01
4.794120192527770996e-01
5.986021161079406738e-01
1.710617393255233765e-01
6.109523773193359375e-01
6.142006516456604004e-01
2.790743708610534668e-01
1.854792088270187378e-01
5.555818788707256317e-03
9.315554499626159668e-01
9.727146029472351074e-01
4.884891211986541748e-01
2.118403762578964233e-01
5.361251831054687500e-01
8.917456865310668945e-01
6.694951653480529785e-01
8.612567782402038574e-01
1.140111759305000305e-01
6.536555290222167969e-01
6.859756112098693848e-01
4.428068399429321289e-01
3.854049742221832275e-02
1.312440484762191772e-01
9.567411541938781738e-01
6.473457813262939453e-01
2.385993301868438721e-01
3.951695561408996582e-01
1.271914392709732056e-01
4.766621887683868408e-01
9.379006028175354004e-01
6.974872350692749023e-01
7.207694053649902344e-01
2.546685338020324707e-01
2.314703017473220825e-01
2.248025834560394287e-01
9.003078341484069824e-01
5.175606608390808105e-01
3.848417699337005615e-01
8.515850901603698730e-01
4.218746349215507507e-02
4.957610368728637695e-02
8.199515342712402344e-01
3.229678869247436523e-01
7.937330007553100586e-01
7.078400254249572754e-01
5.361251831054687500e-01
4.655603468418121338e-01
9.166328907012939453e-01
5.544301867485046387e-01
2.162622213363647461e-01
3.422650992870330811e-01
4.096415936946868896e-01
7.461174130439758301e-01
2.928972840309143066e-01
3.554026186466217041e-01
9.816263318061828613e-01
4.690690636634826660e-01
4.218408167362213135e-01
7.417438626289367676e-01
1.755535453557968140e-01
9.137713164091110229e-02
6.658427715301513672e-01
1.943178176879882812e-01
6.273374557495117188e-01
4.721381962299346924e-01
7.492066025733947754e-01
1.754091307520866394e-02
8.389961719512939453e-02
7.156413197517395020e-01
7.688332200050354004e-01
9.486925005912780762e-01
5.248501896858215332e-01
5.948879122734069824e-01
7.584241628646850586e-01
3.307079970836639404e-01
7.326439023017883301e-01
6.437321305274963379e-01
4.135516881942749023e-01
3.210636973381042480e-02
8.266614675521850586e-01
1.141390856355428696e-02
6.732184290885925293e-01
5.720762014389038086e-01
9.900251030921936035e-01
3.982156515121459961e-01
2.281260937452316284e-01
7.006347179412841797e-01
9.451087713241577148e-01
1.226323693990707397e-01
9.648764133453369141e-01
8.289705961942672729e-03
4.022274017333984375e-01
9.863544702529907227e-01
8.166077733039855957e-01
9.766048789024353027e-01
5.682693123817443848e-01
7.637310624122619629e-01
4.577567577362060547e-01
7.042863965034484863e-01
3.073451220989227295e-01
9.061927795410156250e-01
1.140111386775970459e-01
5.576096773147583008e-01
8.446867465972900391e-01
1.547789126634597778e-01
5.802367925643920898e-01
9.528127312660217285e-01
6.312826275825500488e-01
8.234004378318786621e-01
5.835132598876953125e-01
7.822256684303283691e-01
6.836817860603332520e-01
6.768449544906616211e-01
4.962534606456756592e-01
5.911360383033752441e-01
2.869768440723419189e-02
2.636514902114868164e-01
4.179828464984893799e-01
5.645072460174560547e-01
5.870532989501953125e-01
8.873459696769714355e-01
1.511401087045669556e-01
5.008460879325866699e-01
7.526942491531372070e-01
4.615777432918548584e-01
9.786324203014373779e-02
1.671570837497711182e-01
4.464084208011627197e-01
9.238899350166320801e-01
5.506554245948791504e-01
5.420508980751037598e-01
8.414341211318969727e-01
2.825355827808380127e-01
3.339646160602569580e-01
5.714457109570503235e-02
4.925445318222045898e-01
5.059100985527038574e-01
4.393759667873382568e-01
7.967399358749389648e-01
2.688682079315185547e-01
8.753513693809509277e-01
7.319553196430206299e-02
4.533782303333282471e-01
3.678314089775085449e-01
8.820667266845703125e-01
4.957610368728637695e-02
3.716474175453186035e-01
6.567400097846984863e-01
1.474337279796600342e-01
1.754091307520866394e-02
8.960046172142028809e-01
7.745084762573242188e-01
5.274144411087036133e-01
4.060070216655731201e-01
5.310841202735900879e-01
2.045760005712509155e-01
7.292371988296508789e-01
9.786324203014373779e-02
2.423139959573745728e-01
6.202863454818725586e-01
6.800094991922378540e-02
1.359868496656417847e-01
7.584241628646850586e-01
8.759603649377822876e-02
7.782405018806457520e-01
9.278607964515686035e-01
6.806135177612304688e-01
7.254801392555236816e-01
8.336568474769592285e-01
1.977091282606124878e-01
5.206038355827331543e-01
3.640827536582946777e-01
5.993982776999473572e-02
9.608333706855773926e-01
6.232210397720336914e-01
4.884891211986541748e-01
6.610822677612304688e-01
2.351584881544113159e-01
7.863403558731079102e-01
8.719702959060668945e-01
6.168823242187500000e-01
3.816911578178405762e-01
2.747431099414825439e-01
3.752163052558898926e-01
2.206678092479705811e-01
4.497576951980590820e-01
3.270011544227600098e-01
2.010115832090377808e-01
6.397021412849426270e-01
1.198679730296134949e-01
9.346247911453247070e-01
8.651920557022094727e-01
9.126596450805664062e-01
8.133122324943542480e-01
9.415594935417175293e-01
1.897676140069961548e-01
1.684757298789918423e-03
9.978462457656860352e-01
8.565662503242492676e-01
5.762454867362976074e-01
3.112466037273406982e-01
7.688332200050354004e-01
6.507533788681030273e-01
3.885154426097869873e-01
3.153212070465087891e-01
3.515515923500061035e-01
5.135054588317871094e-01
1.755535751581192017e-01
5.609893798828125000e-01
8.306249976158142090e-01
5.008460879325866699e-01
1.405610442161560059e-01
3.051164448261260986e-01
