8.739522099494934082e-01
5.890530347824096680e-01
7.568988204002380371e-02
6.815088987350463867e-01
7.543337941169738770e-01
2.464126795530319214e-01
7.870234251022338867e-01
6.765348911285400391e-01
6.967620253562927246e-01
7.072567939758300781e-01
1.914503127336502075e-01
2.019839435815811157e-01
1.285517960786819458e-01
2.668033540248870850e-01
9.837464243173599243e-02
2.628888189792633057e-01
4.018375575542449951e-01
4.952377378940582275e-01
4.638765454292297363e-01
8.214666843414306641e-01
7.609956264495849609e-01
6.530122756958007812e-01
3.290084376931190491e-02
2.270435988903045654e-01
6.561120748519897461e-01
5.283352732658386230e-01
9.956656694412231445e-01
2.534568309783935547e-01
4.681701660156250000e-01
7.171112298965454102e-01
5.520445108413696289e-01
6.327094137668609619e-02
3.453906178474426270e-01
5.165408849716186523e-01
9.381863474845886230e-01
4.227007329463958740e-01
4.909977912902832031e-01
6.108819842338562012e-01
2.200223505496978760e-01
7.995563745498657227e-01
6.927683353424072266e-01
9.623554348945617676e-01
5.361986160278320312e-01
3.332974612712860107e-01
3.502303361892700195e-01
3.754624426364898682e-01
7.959263920783996582e-01
5.965399146080017090e-01
9.192295074462890625e-01
6.860575079917907715e-01
1.148180812597274780e-01
8.033574819564819336e-01
4.294373691082000732e-01
9.521936178207397461e-01
3.926476240158081055e-01
9.707928895950317383e-01
3.860761523246765137e-01
3.551007807254791260e-01
6.684103012084960938e-01
8.476598858833312988e-01
9.074306488037109375e-01
2.388036549091339111e-01
4.497669935226440430e-01
4.808504134416580200e-02
6.368562579154968262e-01
2.781111001968383789e-01
9.005892872810363770e-01
5.788013339042663574e-01
2.596007883548736572e-01
1.878917366266250610e-01
9.675927758216857910e-01
3.978247642517089844e-01
7.762759923934936523e-01
6.294080018997192383e-01
4.090360403060913086e-01
9.137870073318481445e-01
3.160660862922668457e-01
5.822605490684509277e-01
5.461196303367614746e-01
9.571349024772644043e-01
2.816339731216430664e-01
2.738717794418334961e-01
3.235851228237152100e-01
2.432499527931213379e-01
5.584486126899719238e-01
8.599997758865356445e-01
6.147475838661193848e-01
8.969122767448425293e-01
7.171112298965454102e-01
5.056148860603570938e-03
2.856499254703521729e-01
9.038686156272888184e-01
7.072567939758300781e-01
2.251916192471981049e-02
2.928452789783477783e-01
7.569988369941711426e-01
7.175944745540618896e-02
6.894049048423767090e-01
3.003205955028533936e-01
5.084952712059020996e-01
7.171112298965454102e-01
8.316519856452941895e-01
5.759761929512023926e-01
8.556915521621704102e-01
3.796623051166534424e-01
5.931851267814636230e-01
9.870197772979736328e-01
4.566344320774078369e-01
7.687503695487976074e-01
4.524629414081573486e-01
5.020210742950439453e-01
2.241519838571548462e-01
8.874406218528747559e-01
5.595214664936065674e-02
3.615094125270843506e-01
3.281205296516418457e-01
1.791032850742340088e-01
8.245412111282348633e-01
1.730172187089920044e-01
2.019839435815811157e-01
1.519434452056884766e-01
9.420629143714904785e-01
8.109985589981079102e-01
2.895547747611999512e-01
9.490082859992980957e-01
9.994886517524719238e-01
3.722683191299438477e-01
9.793937802314758301e-01
4.379740357398986816e-02
2.344951480627059937e-01
4.386064708232879639e-01
7.322241067886352539e-01
7.363058328628540039e-01
9.262887835502624512e-01
7.652135491371154785e-01
1.009721308946609497e-01
4.865576922893524170e-01
3.645343706011772156e-02
1.178956963121891022e-02
4.343186914920806885e-01
5.120369791984558105e-01
8.511090874671936035e-01
8.188436739146709442e-03
9.318873286247253418e-01
1.111066564917564392e-01
4.792282581329345703e-01
5.556735992431640625e-01
1.360754966735839844e-01
5.668966770172119141e-01
8.816939592361450195e-01
8.406472206115722656e-01
1.660335659980773926e-01
7.390838861465454102e-01
6.460531353950500488e-01
5.321422815322875977e-01
2.962733805179595947e-01
6.725652813911437988e-01
6.399895548820495605e-01
3.406256437301635742e-01
6.269959807395935059e-01
8.284097909927368164e-01
1.232365816831588745e-01
3.982187062501907349e-02
8.352958559989929199e-01
7.517103552818298340e-01
2.311685085296630859e-01
4.719018340110778809e-01
7.257700562477111816e-01
7.910761237144470215e-01
3.096104860305786133e-01
8.145564198493957520e-01
9.571349024772644043e-01
3.190927803516387939e-01
8.406472206115722656e-01
9.750431180000305176e-01
3.679537475109100342e-01
1.415137648582458496e-01
1.045292839407920837e-01
1.586237996816635132e-01
3.648586869239807129e-01
1.838694065809249878e-01
1.477458924055099487e-01
5.242632031440734863e-01
8.590786159038543701e-02
1.577869057655334473e-02
8.172691464424133301e-01
7.906406372785568237e-02
5.461196303367614746e-01
1.955974847078323364e-01
1.920015364885330200e-02
6.613191962242126465e-01
2.562307417392730713e-01
2.049023285508155823e-03
8.781023025512695312e-01
9.235680699348449707e-01
8.927273154258728027e-01
1.547754108905792236e-01
8.874406218528747559e-01
5.207892060279846191e-01
5.941038951277732849e-02
5.854065418243408203e-01
4.602866768836975098e-01
4.343186914920806885e-01
9.831616282463073730e-01
4.159118235111236572e-01
8.694293498992919922e-01
1.415137648582458496e-01
8.073033094406127930e-01
9.348908066749572754e-01
1.075940802693367004e-01
6.075150966644287109e-01
9.913905262947082520e-01
9.137870073318481445e-01
5.711870193481445312e-01
7.797634005546569824e-01
8.262575417757034302e-02
6.037272214889526367e-01
2.141558378934860229e-01
1.185748949646949768e-01
3.374060392379760742e-01
2.498677521944046021e-01
4.257914125919342041e-01
5.400784611701965332e-01
6.720528751611709595e-02
2.077615857124328613e-01
4.057586789131164551e-01
2.703977823257446289e-01
2.141558378934860229e-01
4.159118533134460449e-01
1.770311594009399414e-01
1.328935027122497559e-01
5.020210742950439453e-01
8.649097084999084473e-01
1.660335510969161987e-01
7.281890511512756348e-01
6.223362088203430176e-01
7.726863622665405273e-01
5.626797080039978027e-01
3.586566150188446045e-01
4.825956523418426514e-01
2.583062462508678436e-02
7.012703418731689453e-01
4.753645658493041992e-01
2.928115986287593842e-02
6.006114482879638672e-01
1.660335659980773926e-01
3.820851147174835205e-01
3.096104860305786133e-01
9.454535245895385742e-01
7.834507822990417480e-01
6.653928756713867188e-01
5.245709046721458435e-02
6.182419061660766602e-01
6.460531353950500488e-01
3.888264000415802002e-01
1.285518556833267212e-01
