9.299502968788146973e-01
9.260671138763427734e-01
5.619454383850097656e-01
1.111733075231313705e-02
6.228277683258056641e-01
9.548223018646240234e-02
7.788961529731750488e-01
6.309341192245483398e-01
2.582545280456542969e-01
5.970637872815132141e-02
2.318116575479507446e-01
7.501206398010253906e-01
1.574226468801498413e-01
1.389428526163101196e-01
3.788616061210632324e-01
3.116737306118011475e-01
3.889777064323425293e-01
3.889777362346649170e-01
3.825980126857757568e-01
5.441550612449645996e-01
8.101167082786560059e-01
1.777624338865280151e-01
7.578213214874267578e-01
5.926853418350219727e-01
5.889350175857543945e-01
3.499135971069335938e-01
2.271650359034538269e-02
8.045818805694580078e-01
3.261083364486694336e-01
6.533246040344238281e-01
2.387284338474273682e-01
8.601976037025451660e-01
2.122037559747695923e-01
8.398803323507308960e-02
7.726391553878784180e-01
6.842328310012817383e-01
2.462910115718841553e-01
9.518046975135803223e-01
2.162927985191345215e-01
3.427275717258453369e-01
3.149578869342803955e-01
3.223490118980407715e-01
9.068726301193237305e-01
3.464596271514892578e-01
3.365440368652343750e-01
1.156949624419212341e-01
5.032551288604736328e-01
4.861962497234344482e-01
2.021943479776382446e-01
4.231389164924621582e-01
4.070954024791717529e-01
1.651844382286071777e-01
9.557623863220214844e-01
7.394146174192428589e-02
2.977780997753143311e-01
1.359763294458389282e-01
6.789085268974304199e-01
4.191584587097167969e-01
8.882366418838500977e-01
4.707831740379333496e-01
4.836048483848571777e-01
6.272560954093933105e-01
7.657014131546020508e-01
5.765529870986938477e-01
6.116130948066711426e-01
6.034564375877380371e-01
1.401410996913909912e-02
8.004347085952758789e-01
3.525130450725555420e-02
5.509139969944953918e-02
5.251361727714538574e-01
3.706133067607879639e-01
9.032913446426391602e-01
6.756493449211120605e-01
9.754756689071655273e-01
3.533706068992614746e-01
2.940627634525299072e-01
5.210101604461669922e-01
5.061481595039367676e-01
8.918066024780273438e-01
9.185616374015808105e-01
5.322776436805725098e-01
9.329680800437927246e-01
1.811728328466415405e-01
7.965917587280273438e-01
7.108173966407775879e-01
7.346561551094055176e-01
7.890479564666748047e-01
5.706078410148620605e-01
2.089099735021591187e-01
4.969260692596435547e-01
4.154625236988067627e-01
9.678975939750671387e-01
1.504741609096527100e-01
1.538515239953994751e-01
1.252967417240142822e-01
6.786757707595825195e-02
7.074055075645446777e-01
8.414347171783447266e-01
6.492989659309387207e-01
6.715104579925537109e-01
7.310930490493774414e-01
8.481323719024658203e-01
6.681767106056213379e-01
8.637072443962097168e-01
6.009989976882934570e-01
7.854865789413452148e-01
4.425334036350250244e-01
1.851053908467292786e-02
2.904042005538940430e-01
8.382224440574645996e-01
7.465430498123168945e-01
7.539713978767395020e-01
2.830225229263305664e-01
8.229589462280273438e-01
7.146691679954528809e-01
9.130066037178039551e-01
2.057306468486785889e-01
7.268355488777160645e-01
4.571442902088165283e-01
6.958646774291992188e-01
5.972901582717895508e-01
4.638541638851165771e-01
3.955585658550262451e-01
4.502096772193908691e-01
8.344206809997558594e-01
5.131441354751586914e-01
5.549360513687133789e-01
7.215453386306762695e-01
1.036880314350128174e-01
4.341919720172882080e-01
8.997349143028259277e-01
8.790876269340515137e-01
6.906259655952453613e-01
8.672907948493957520e-01
9.372007846832275391e-01
3.637734651565551758e-01
6.419016718864440918e-01
2.426677793264389038e-01
2.651190012693405151e-02
1.323567181825637817e-01
6.367354094982147217e-02
9.818106889724731445e-01
2.671473920345306396e-01
5.094466209411621094e-01
3.939941152930259705e-02
6.603626012802124023e-01
2.280243337154388428e-01
5.172147154808044434e-01
6.450610160827636719e-01
8.455719351768493652e-01
2.623344361782073975e-01
4.998359084129333496e-01
3.329370617866516113e-01
5.065616965293884277e-02
4.299793243408203125e-01
5.515143275260925293e-01
1.891966015100479126e-01
4.114350974559783936e-01
3.753819167613983154e-01
5.733435153961181641e-01
9.818106889724731445e-01
3.571305274963378906e-01
3.600700497627258301e-01
5.834244489669799805e-01
6.197134256362915039e-01
1.692686825990676880e-01
9.873356819152832031e-01
9.477185606956481934e-01
7.619459629058837891e-01
7.974462956190109253e-02
3.083370327949523926e-01
3.397310674190521240e-01
7.429055571556091309e-01
4.638541638851165771e-01
8.272290229797363281e-01
2.237925380468368530e-01
9.130066037178039551e-01
6.395550370216369629e-01
8.718933165073394775e-02
4.691196605563163757e-02
9.118057042360305786e-02
9.918348193168640137e-01
9.442733526229858398e-01
8.101167082786560059e-01
9.935094416141510010e-02
6.842328310012817383e-01
1.610111743211746216e-01
5.799275636672973633e-01
6.906259655952453613e-01
1.208202987909317017e-01
5.588228702545166016e-01
6.116130948066711426e-01
4.772586822509765625e-01
2.707380056381225586e-01
5.662453174591064453e-01
5.477871298789978027e-01
1.848179399967193604e-01
3.190212249755859375e-01
3.670124411582946777e-01
1.109488382935523987e-01
6.330644488334655762e-01
2.869414091110229492e-01
1.936627626419067383e-01
4.540865123271942139e-01
4.741929471492767334e-01
7.391183376312255859e-01
3.990630507469177246e-01
9.225537180900573730e-01
1.983767300844192505e-01
1.734966188669204712e-01
3.094618767499923706e-02
2.796653807163238525e-01
4.323461651802062988e-02
1.287467032670974731e-01
9.954274296760559082e-01
8.835118412971496582e-01
9.996523857116699219e-01
1.071485430002212524e-01
9.712289571762084961e-01
4.028837084770202637e-01
5.289509296417236328e-01
2.767463922500610352e-01
6.993060708045959473e-01
8.160956501960754395e-01
4.464808106422424316e-01
2.501825392246246338e-01
3.047985434532165527e-01
7.031377553939819336e-01
2.523982664570212364e-03
4.806161224842071533e-01
2.351573407649993896e-01
5.362117886543273926e-01
5.404560565948486328e-01
7.394146174192428589e-02
3.294826745986938477e-01
9.616354703903198242e-01
7.177211642265319824e-01
7.691578269004821777e-01
6.644899845123291016e-01
4.263697266578674316e-01
8.307815790176391602e-01
8.748726844787597656e-01
4.381274282932281494e-01
8.956439495086669922e-01
7.929983735084533691e-01
2.538662850856781006e-01
9.616355895996093750e-01
7.756811380386352539e-01
9.405279755592346191e-01
8.198929429054260254e-01
8.706526756286621094e-01
3.012938797473907471e-01
7.820533514022827148e-01
6.571485996246337891e-01
2.199302762746810913e-01
