7.368246316909790039e-01
1.421451419591903687e-01
2.751980163156986237e-02
6.040592193603515625e-01
4.080531597137451172e-01
4.154894053936004639e-01
4.322433173656463623e-01
6.584127247333526611e-02
5.699912309646606445e-01
2.078419774770736694e-01
6.620426774024963379e-01
7.056754827499389648e-01
9.938557744026184082e-01
6.002277135848999023e-01
2.420294098556041718e-02
5.617069825530052185e-02
7.519230246543884277e-01
2.922652959823608398e-01
4.557373225688934326e-01
3.285762369632720947e-01
6.213583946228027344e-01
1.807072758674621582e-02
5.425764322280883789e-01
9.008688926696777344e-01
9.257055521011352539e-01
1.741900593042373657e-01
7.708899676799774170e-02
8.258852362632751465e-01
5.104829072952270508e-01
9.291175007820129395e-01
5.855653285980224609e-01
4.435295164585113525e-01
9.999343156814575195e-01
1.563048809766769409e-01
5.212656855583190918e-01
7.591121792793273926e-01
8.900365978479385376e-02
9.797737002372741699e-02
5.785557627677917480e-01
4.470533728599548340e-01
6.142338514328002930e-01
8.882240056991577148e-01
5.963556766510009766e-01
7.165599465370178223e-01
4.701244458556175232e-02
4.940165877342224121e-01
1.786820441484451294e-01
1.021668463945388794e-01
4.242295622825622559e-01
4.832577407360076904e-01
6.806957125663757324e-01
2.816283702850341797e-01
8.926891684532165527e-01
5.577600598335266113e-01
7.986879944801330566e-01
2.677039802074432373e-01
1.101096048951148987e-01
8.528582453727722168e-01
1.387860476970672607e-01
2.723205983638763428e-01
5.003900527954101562e-01
6.076109409332275391e-01
1.486116647720336914e-01
9.748193025588989258e-01
1.136725097894668579e-01
9.905603528022766113e-01
1.525960862636566162e-01
7.447889447212219238e-01
8.636351227760314941e-01
3.144994974136352539e-01
6.513125896453857422e-01
3.699828982353210449e-01
6.590061187744140625e-01
3.745952248573303223e-01
3.899684250354766846e-01
7.948538661003112793e-01
1.642892658710479736e-01
5.035650730133056641e-01
2.432255446910858154e-01
8.678485751152038574e-01
5.617069453001022339e-02
2.517838180065155029e-01
7.556656002998352051e-01
8.074061870574951172e-01
6.905036568641662598e-01
1.858327537775039673e-01
5.346716046333312988e-01
1.354983299970626831e-01
7.485201358795166016e-01
3.104571625590324402e-02
9.146117568016052246e-01
3.516621589660644531e-01
3.621208667755126953e-01
2.279246449470520020e-01
5.613210201263427734e-01
4.719921052455902100e-01
7.628645300865173340e-01
3.827537894248962402e-01
8.561668395996093750e-01
5.507150292396545410e-01
1.306343972682952881e-01
5.074985027313232422e-01
6.674444675445556641e-01
9.703878164291381836e-01
9.441292285919189453e-01
8.188163638114929199e-01
6.674444079399108887e-01
9.220405220985412598e-01
3.952659666538238525e-02
4.792114794254302979e-01
1.923164427280426025e-01
7.462270557880401611e-03
8.797752857208251953e-01
2.850299477577209473e-01
2.354925870895385742e-01
9.115709662437438965e-01
1.454670131206512451e-01
2.878823280334472656e-01
3.653633594512939453e-01
2.636809647083282471e-01
8.228080272674560547e-01
4.197026193141937256e-01
1.999468058347702026e-01
8.756983280181884766e-01
4.600601494312286377e-01
7.773266434669494629e-01
3.432168960571289062e-01
3.259594738483428955e-01
9.513971805572509766e-01
6.173859834671020508e-01
3.316567242145538330e-01
1.957404315471649170e-01
5.012151971459388733e-02
8.491829037666320801e-01
5.745294094085693359e-01
7.410037517547607422e-01
4.907519221305847168e-01
8.323811292648315430e-01
9.598486423492431641e-01
2.117078304290771484e-01
3.010644912719726562e-01
4.681222736835479736e-01
5.311455130577087402e-01
6.557595729827880859e-01
4.756137430667877197e-01
4.372106119990348816e-02
2.595912516117095947e-01
1.062214523553848267e-01
7.339978218078613281e-02
7.330452203750610352e-01
8.452941775321960449e-01
6.871685385704040527e-01
9.792507886886596680e-01
1.219257935881614685e-01
1.256957054138183594e-01
4.118852913379669189e-01
8.465728908777236938e-02
9.973019957542419434e-01
1.083998102694749832e-02
9.671588540077209473e-01
3.963131904602050781e-01
5.820271968841552734e-01
8.836641311645507812e-01
7.904708385467529297e-01
8.290991783142089844e-01
4.970044791698455811e-01
3.475231826305389404e-01
7.867376208305358887e-01
6.972122937440872192e-02
9.404721260070800781e-01
6.328183412551879883e-01
2.182684242725372314e-01
2.561513781547546387e-01
8.114495277404785156e-01
9.477725028991699219e-01
6.328183412551879883e-01
8.969467282295227051e-01
7.207640409469604492e-01
8.720196485519409180e-01
8.153644800186157227e-01
6.974307894706726074e-01
2.773335874080657959e-01
7.131079435348510742e-01
5.931519865989685059e-01
3.550459146499633789e-01
6.249765157699584961e-01
3.144994974136352539e-01
5.653334856033325195e-01
8.425291776657104492e-01
6.936928033828735352e-01
3.930772840976715088e-01
9.838067889213562012e-01
9.637113213539123535e-01
3.055268526077270508e-01
9.042125344276428223e-01
2.037295550107955933e-01
1.675652861595153809e-01
9.081434607505798340e-01
4.282258450984954834e-01
6.387124061584472656e-01
1.889428198337554932e-01
9.184669852256774902e-01
3.998382985591888428e-01
9.328684806823730469e-01
6.474933028221130371e-01
3.863494396209716797e-01
3.787463009357452393e-01
5.277580022811889648e-01
2.469811439514160156e-01
6.835554242134094238e-01
7.817240953445434570e-01
4.869602322578430176e-01
9.877131581306457520e-01
7.698521018028259277e-01
7.254710197448730469e-01
8.598937988281250000e-01
9.370593428611755371e-01
7.736567854881286621e-01
3.587070703506469727e-01
7.094548940658569336e-01
1.306344568729400635e-01
2.390334904193878174e-01
7.015699148178100586e-01
6.107879281044006348e-01
6.417894363403320312e-01
4.515567421913146973e-01
9.371424466371536255e-02
2.320710569620132446e-01
3.346163928508758545e-01
3.532234951853752136e-02
7.664821743965148926e-01
1.822832524776458740e-01
2.119259908795356750e-02
5.385681390762329102e-01
4.401350617408752441e-01
3.388898670673370361e-01
7.297788262367248535e-01
8.031365871429443359e-01
8.088777214288711548e-02
5.465877056121826172e-01
1.605213135480880737e-01
5.186790823936462402e-01
5.894604921340942383e-01
4.037375450134277344e-01
1.486962102353572845e-02
6.231522187590599060e-02
4.643230140209197998e-01
5.545278191566467285e-01
1.713972240686416626e-01
3.091652393341064453e-01
9.557676911354064941e-01
5.247329473495483398e-01
2.965632081031799316e-01
4.358747899532318115e-01
2.151414155960083008e-01
1.178413033485412598e-01
