5.536942277103662491e-03
5.269859433174133301e-01
8.000085949897766113e-01
4.019617140293121338e-01
4.122250378131866455e-01
9.022563695907592773e-01
5.738130211830139160e-01
6.875839233398437500e-01
7.196765542030334473e-01
1.757026463747024536e-01
6.288076639175415039e-01
8.223924636840820312e-01
8.769108057022094727e-01
5.614061355590820312e-01
6.833482980728149414e-01
7.231140732765197754e-01
4.731565117835998535e-01
4.228011965751647949e-01
3.358244299888610840e-01
9.989226460456848145e-01
8.985984325408935547e-01
5.900645852088928223e-01
8.525417447090148926e-01
3.911197483539581299e-01
2.663621306419372559e-01
2.627489268779754639e-01
9.276478290557861328e-01
5.364134311676025391e-01
1.725896894931793213e-01
6.892142444849014282e-02
6.007520556449890137e-01
6.168382763862609863e-01
8.183864355087280273e-01
9.097080826759338379e-01
7.267215847969055176e-01
2.713060975074768066e-01
4.527250528335571289e-01
2.214980423450469971e-01
9.242405295372009277e-01
3.031315207481384277e-01
1.133537739515304565e-01
5.078425407409667969e-01
1.047257259488105774e-01
6.649055480957031250e-01
5.972454547882080078e-01
4.588021934032440186e-01
9.687939286231994629e-01
9.062083959579467773e-01
5.428965687751770020e-01
6.797553300857543945e-01
2.805533111095428467e-01
9.310646653175354004e-01
1.765039376914501190e-02
8.696734905242919922e-01
8.841209411621093750e-01
8.600584268569946289e-01
2.936031669378280640e-02
5.311468243598937988e-01
4.863842129707336426e-01
2.952257096767425537e-01
9.768469333648681641e-01
6.958780884742736816e-01
2.311562597751617432e-01
3.558011054992675781e-01
1.843814849853515625e-01
3.377605229616165161e-02
7.865930199623107910e-01
4.639778435230255127e-01
2.128244191408157349e-02
8.995579183101654053e-02
3.519553244113922119e-01
3.399226963520050049e-01
4.944828152656555176e-01
9.844551086425781250e-01
4.769655764102935791e-01
5.771554112434387207e-01
3.805341422557830811e-01
6.728783845901489258e-01
9.922921061515808105e-01
4.092937707901000977e-01
8.429004549980163574e-01
8.389062285423278809e-01
4.816395342350006104e-01
8.145089149475097656e-01
8.632641434669494629e-01
9.484368562698364258e-01
8.911991119384765625e-01
5.520237684249877930e-01
7.766878604888916016e-01
6.359304785728454590e-01
4.697476327419281006e-01
2.349165529012680054e-01
8.806118965148925781e-01
8.944918513298034668e-01
8.294325470924377441e-01
5.457361936569213867e-01
7.020948529243469238e-01
1.240471377968788147e-01
5.803812146186828613e-01
2.911493480205535889e-01
3.124746382236480713e-01
8.257742524147033691e-01
1.005958542227745056e-01
8.069965243339538574e-01
8.105267286300659180e-01
9.649788141250610352e-01
2.135056555271148682e-01
7.766880989074707031e-01
8.876925110816955566e-01
4.160753488540649414e-01
8.352292776107788086e-01
3.071737289428710938e-01
8.524768054485321045e-02
2.586821019649505615e-01
4.293436110019683838e-01
9.561849236488342285e-01
9.808373451232910156e-01
3.945250809192657471e-01
2.440461516380310059e-02
4.054004549980163574e-01
1.400521583855152130e-02
1.962021887302398682e-01
4.547719657421112061e-02
8.733178377151489258e-01
8.037537932395935059e-01
7.471565604209899902e-01
6.207464337348937988e-01
9.625373408198356628e-03
4.258889853954315186e-01
2.064174264669418335e-01
7.200237363576889038e-02
8.321706056594848633e-01
1.547675430774688721e-01
7.826486229896545410e-01
4.415318369865417480e-01
7.020948529243469238e-01
9.441961050033569336e-01
5.936309695243835449e-01
5.646960735321044922e-01
5.159224271774291992e-01
2.533889412879943848e-01
1.926614195108413696e-01
6.321203708648681641e-01
6.395605206489562988e-01
7.114591002464294434e-01
9.957218766212463379e-01
7.153949737548828125e-01
6.511459350585937500e-01
5.489168167114257812e-01
6.924837827682495117e-01
4.588021934032440186e-01
7.326923012733459473e-01
8.566622734069824219e-01
4.335298240184783936e-01
2.279544174671173096e-01
1.797142773866653442e-01
2.453808486461639404e-01
5.231037735939025879e-01
3.184894621372222900e-01
6.040174961090087891e-01
2.995663583278656006e-01
6.549991369247436523e-01
4.482005834579467773e-01
7.500501722097396851e-02
1.972939586266875267e-03
1.178075149655342102e-01
4.454377293586730957e-01
7.615767717361450195e-01
5.399940013885498047e-01
1.280035376548767090e-01
2.875930070877075195e-01
3.883021473884582520e-01
5.149736255407333374e-02
6.690292954444885254e-01
2.484551519155502319e-01
1.414160281419754028e-01
7.079969048500061035e-01
5.010592341423034668e-01
1.887682229280471802e-01
3.481928706169128418e-01
6.076184511184692383e-01
9.887648820877075195e-01
3.124746382236480713e-01
3.609405159950256348e-01
1.998889595270156860e-01
1.355321556329727173e-01
4.376627802848815918e-01
4.273113980889320374e-02
1.660205721855163574e-01
6.124373078346252441e-01
2.420037984848022461e-01
9.522821903228759766e-01
4.977485239505767822e-01
2.533889412879943848e-01
4.870434850454330444e-02
3.981626629829406738e-01
5.191445946693420410e-01
1.584601700305938721e-01
5.078425407409667969e-01
9.398295879364013672e-01
7.297884821891784668e-01
6.317905336618423462e-02
7.958847284317016602e-01
3.232364058494567871e-01
6.436553597450256348e-01
5.679872035980224609e-01
3.312772512435913086e-01
1.096192672848701477e-01
7.713239192962646484e-01
3.437452614307403564e-01
8.474737405776977539e-01
7.571360468864440918e-01
6.472691893577575684e-01
2.028682082891464233e-01
3.275443613529205322e-01
3.701296448707580566e-01
7.503811120986938477e-01
9.183925986289978027e-01
7.669057846069335938e-01
7.917076945304870605e-01
2.764831781387329102e-01
2.835828959941864014e-01
9.358139336109161377e-02
1.414160281419754028e-01
9.602659344673156738e-01
4.902560412883758545e-01
4.664945900440216064e-01
3.667481243610382080e-01
6.616940498352050781e-01
1.501290947198867798e-01
2.106225043535232544e-01
6.762937307357788086e-01
5.852460861206054688e-01
7.539008855819702148e-01
6.250606775283813477e-01
6.562077999114990234e-02
3.772819042205810547e-01
9.727227687835693359e-01
3.609405159950256348e-01
1.309791505336761475e-01
6.582155227661132812e-01
9.209102988243103027e-01
1.466138809919357300e-01
9.691219776868820190e-02
3.730441629886627197e-01
5.711408257484436035e-01
7.448182106018066406e-01
3.852846845984458923e-02
2.384357452392578125e-01
1.213538274168968201e-01
4.193299710750579834e-01
1.660201549530029297e-01
7.980179041624069214e-02
8.664075732231140137e-01
9.357596635818481445e-01
2.243354767560958862e-01
