1.952958852052688599e-01
4.754724502563476562e-01
6.763302087783813477e-01
3.047388792037963867e-01
7.862450480461120605e-01
5.043470859527587891e-01
6.476557254791259766e-01
9.462764263153076172e-01
9.061599522829055786e-02
1.142540872097015381e-01
3.678343594074249268e-01
5.410923361778259277e-01
2.608613669872283936e-01
7.345276474952697754e-01
4.965710639953613281e-01
1.216968819499015808e-01
5.600526183843612671e-02
7.567700743675231934e-01
9.049583673477172852e-01
7.779776453971862793e-01
2.717397212982177734e-01
6.440925598144531250e-01
9.823772311210632324e-01
3.156582415103912354e-01
3.725281953811645508e-01
1.904955655336380005e-01
8.671226501464843750e-01
6.642389893531799316e-01
6.251892447471618652e-01
7.074025273323059082e-01
9.542225003242492676e-01
6.796290874481201172e-01
8.058066368103027344e-01
9.669239521026611328e-01
8.371517658233642578e-01
2.717397212982177734e-01
5.252754092216491699e-01
5.007316470146179199e-01
6.612582802772521973e-01
5.078471302986145020e-01
1.400901228189468384e-01
4.886824786663055420e-01
7.468280941247940063e-02
4.240067601203918457e-01
8.244779706001281738e-01
2.471855431795120239e-01
7.274401187896728516e-01
9.215012788772583008e-01
5.343634486198425293e-01
1.113343611359596252e-02
1.656764894723892212e-01
6.961522698402404785e-01
2.203569412231445312e-01
3.517264723777770996e-01
6.062632203102111816e-01
7.040091156959533691e-01
3.950198292732238770e-01
9.368859976530075073e-02
7.977946400642395020e-01
5.985408425331115723e-01
3.437899947166442871e-01
1.996291242539882660e-02
8.274788856506347656e-01
2.069166451692581177e-01
2.403570413589477539e-01
5.141041874885559082e-01
2.299729585647583008e-01
8.246615529060363770e-02
2.433574050664901733e-01
4.052985906600952148e-01
3.597804605960845947e-01
3.476748168468475342e-01
1.011807844042778015e-01
5.894549489021301270e-01
9.337207078933715820e-01
6.410498172044754028e-02
2.241254448890686035e-01
6.917164921760559082e-01
9.130014181137084961e-01
4.052985906600952148e-01
6.283442974090576172e-01
8.435390591621398926e-01
7.823268771171569824e-01
1.182756572961807251e-01
9.089101552963256836e-01
5.525428652763366699e-01
8.503616452217102051e-01
7.421770691871643066e-01
3.081327080726623535e-01
8.755306601524353027e-01
5.657386183738708496e-01
9.743779152631759644e-02
3.993078470230102539e-01
4.820977747440338135e-01
9.306030869483947754e-01
6.150641441345214844e-01
1.689273416996002197e-01
7.870621234178543091e-02
3.181400299072265625e-01
2.027118653059005737e-01
2.891360223293304443e-01
1.322886347770690918e-01
7.703658342361450195e-01
7.001045346260070801e-01
8.021758198738098145e-01
8.966946005821228027e-01
4.519054293632507324e-01
4.483223557472229004e-01
2.932511270046234131e-01
8.315585255622863770e-01
2.756180427968502045e-02
3.138559684157371521e-02
6.574892997741699219e-01
1.399546023458242416e-02
1.543438285589218140e-01
9.374176859855651855e-01
6.738546490669250488e-01
4.688432514667510986e-01
5.619195103645324707e-01
3.509188443422317505e-02
1.571414917707443237e-01
2.537582814693450928e-01
8.892971873283386230e-01
1.724290549755096436e-01
8.788737058639526367e-01
3.366793990135192871e-01
4.835060983896255493e-02
7.903893589973449707e-01
6.866903305053710938e-01
7.306948304176330566e-01
9.888683557510375977e-01
4.612349439412355423e-03
7.610704302787780762e-01
1.439956575632095337e-01
9.008899331092834473e-01
1.100314185023307800e-01
1.477451175451278687e-01
4.399046301841735840e-01
8.171385526657104492e-01
3.010345995426177979e-01
9.791491031646728516e-01
3.814543411135673523e-02
9.507147073745727539e-01
8.144335821270942688e-03
4.164141714572906494e-01
8.371517658233642578e-01
4.101058840751647949e-01
7.151653766632080078e-01
3.555775880813598633e-01
8.625009059906005859e-01
8.713264465332031250e-01
9.262695908546447754e-01
1.509610861539840698e-01
3.839289546012878418e-01
2.852790355682373047e-01
3.323593735694885254e-01
5.854938626289367676e-01
3.918094336986541748e-01
9.419785737991333008e-01
9.572091698646545410e-01
5.578614473342895508e-01
5.206618830561637878e-02
2.819571793079376221e-01
9.970663189888000488e-01
4.164142608642578125e-01
1.360503137111663818e-01
4.444612860679626465e-01
5.762372016906738281e-01
9.855784177780151367e-01
8.828111290931701660e-01
4.160951450467109680e-02
9.926957488059997559e-01
6.016799807548522949e-01
4.495082795619964600e-02
1.788309663534164429e-01
6.511798501014709473e-01
8.539510965347290039e-01
4.313569962978363037e-01
7.465382814407348633e-01
2.164751589298248291e-01
5.924479365348815918e-01
2.784988880157470703e-01
5.378710031509399414e-01
6.353463530540466309e-01
2.118695378303527832e-01
4.348843395709991455e-01
5.689523816108703613e-01
7.236825823783874512e-01
9.759951233863830566e-01
8.474510908126831055e-01
1.249718591570854187e-01
2.299729585647583008e-01
6.767459213733673096e-02
4.552726447582244873e-01
1.755143404006958008e-01
6.016370281577110291e-02
5.809031128883361816e-01
6.184510588645935059e-01
5.171953439712524414e-01
9.635338187217712402e-01
4.788838624954223633e-01
7.105576246976852417e-02
8.859784007072448730e-01
7.382606863975524902e-01
1.858265101909637451e-01
5.447000861167907715e-01
5.483568310737609863e-01
6.218503713607788086e-01
1.287287771701812744e-01
3.292245268821716309e-01
4.264980256557464600e-01
4.854925274848937988e-01
3.029711369890719652e-04
8.206890821456909180e-01
2.499722987413406372e-01
4.581472873687744141e-01
5.207055807113647461e-01
5.111821889877319336e-01
3.877772986888885498e-01
4.613352119922637939e-01
1.822292953729629517e-01
2.360840737819671631e-01
2.972822785377502441e-01
3.804823160171508789e-01
2.567428648471832275e-01
5.298002958297729492e-01
6.317368745803833008e-01
6.827906966209411621e-01
9.168747067451477051e-01
1.992831975221633911e-01
9.604912996292114258e-01
6.109182238578796387e-01
3.766322135925292969e-01
7.743133306503295898e-01
7.111139297485351562e-01
7.193351387977600098e-01
8.577191829681396484e-01
7.661268115043640137e-01
4.929388165473937988e-01
1.048569455742835999e-01
5.721650719642639160e-01
6.544644832611083984e-01
7.502421140670776367e-01
7.534059286117553711e-01
8.669803291559219360e-02
1.996291801333427429e-02
3.403804302215576172e-01
8.929579257965087891e-01
6.395720839500427246e-01
4.714249074459075928e-01
7.941344976425170898e-01
5.955161452293395996e-01
2.644999623298645020e-01
8.140002489089965820e-01
3.118753135204315186e-01
3.636578917503356934e-01
