2.856980860233306885e-01
5.879589319229125977e-01
2.986572980880737305e-01
2.329017817974090576e-01
8.968846201896667480e-01
8.592611551284790039e-01
9.038726091384887695e-01
9.317123293876647949e-01
6.000884771347045898e-01
9.075512886047363281e-01
6.130152940750122070e-01
7.122852802276611328e-01
7.513737678527832031e-01
4.840967357158660889e-01
4.019923508167266846e-02
9.753145575523376465e-01
8.688218593597412109e-01
8.311142921447753906e-01
4.936616122722625732e-01
3.706337511539459229e-02
3.654745519161224365e-01
8.658238053321838379e-01
7.607471942901611328e-01
7.360226511955261230e-01
7.475613355636596680e-01
1.563727408647537231e-01
1.625329256057739258e-01
6.690070033073425293e-01
3.120714426040649414e-01
6.731001138687133789e-01
5.110458731651306152e-01
3.962731361389160156e-01
1.146244555711746216e-01
5.612533688545227051e-01
8.186067938804626465e-01
9.456800818443298340e-01
3.629790544509887695e-01
6.490806937217712402e-01
1.355729158967733383e-02
4.871150851249694824e-01
5.356981754302978516e-01
6.619108319282531738e-01
2.061957418918609619e-01
9.629248380661010742e-01
1.421220600605010986e-01
3.222093880176544189e-01
6.210889220237731934e-01
9.456803202629089355e-01
4.767349660396575928e-01
2.398358881473541260e-01
8.436669707298278809e-01
5.018672347068786621e-01
3.059709370136260986e-01
9.400395750999450684e-01
9.984315186738967896e-02
5.747539997100830078e-01
2.905367314815521240e-01
7.822957038879394531e-01
1.833324730396270752e-01
6.429002881050109863e-01
7.316562533378601074e-01
8.108953237533569336e-01
3.184047527611255646e-03
5.223757028579711914e-01
4.002864360809326172e-01
8.035568594932556152e-01
6.048936247825622559e-01
1.453923583030700684e-01
1.256646662950515747e-01
9.790058135986328125e-01
2.105242013931274414e-01
1.949784904718399048e-01
6.980443000793457031e-01
6.925008725374937057e-03
7.283189892768859863e-01
3.589856922626495361e-01
1.009867060929536819e-02
3.496019542217254639e-01
6.093485951423645020e-01
4.904814362525939941e-01
6.167276501655578613e-01
7.783411145210266113e-01
4.626365303993225098e-01
2.241946756839752197e-02
5.915637016296386719e-01
4.807409942150115967e-01
9.868168234825134277e-01
7.752783298492431641e-01
7.683184742927551270e-01
3.453100919723510742e-01
2.283755987882614136e-01
8.940743207931518555e-01
6.578471660614013672e-01
2.647543549537658691e-01
4.662567675113677979e-01
2.472245544195175171e-01
9.358415007591247559e-01
8.147456645965576172e-01
1.833324730396270752e-01
4.696756303310394287e-01
9.510936141014099121e-01
9.268983602523803711e-01
9.911060929298400879e-01
3.688444197177886963e-01
3.855796456336975098e-01
8.521504700183868408e-02
9.712794423103332520e-01
2.809305787086486816e-01
5.838823914527893066e-01
7.090079784393310547e-01
3.563394546508789062e-01
3.418351337313652039e-02
4.353137910366058350e-01
8.841818571090698242e-01
3.065778128802776337e-02
8.802902698516845703e-01
6.373726725578308105e-01
6.910331249237060547e-01
8.393684029579162598e-01
4.038755595684051514e-01
4.284157454967498779e-01
2.247785925865173340e-01
5.954220890998840332e-01
4.172062575817108154e-01
7.560362219810485840e-01
7.960590124130249023e-01
9.826167225837707520e-01
3.346703946590423584e-01
8.275787830352783203e-01
1.350459009408950806e-01
2.433787286281585693e-01
7.432327866554260254e-01
6.821561455726623535e-01
9.226109385490417480e-01
8.072694540023803711e-01
6.531921625137329102e-01
3.385103046894073486e-01
3.784107267856597900e-01
2.726995646953582764e-01
4.077855646610260010e-01
9.999623298645019531e-01
2.569910585880279541e-01
5.664822459220886230e-01
8.476616144180297852e-01
4.441806375980377197e-01
9.551702737808227539e-01
1.491093337535858154e-01
1.174291521310806274e-01
8.153651654720306396e-02
6.760585308074951172e-01
7.182512283325195312e-01
3.164764046669006348e-01
2.025572955608367920e-01
1.563727408647537231e-01
2.952376306056976318e-01
2.768527269363403320e-01
9.110519289970397949e-01
6.821561455726623535e-01
9.590178728103637695e-01
7.997375130653381348e-01
1.981497108936309814e-01
6.649917960166931152e-01
4.552791714668273926e-01
6.429001688957214355e-01
5.389431118965148926e-01
2.216056287288665771e-01
8.520194292068481445e-01
7.717921733856201172e-01
8.622187972068786621e-01
5.703586339950561523e-01
6.256188750267028809e-01
6.938275694847106934e-01
5.485444664955139160e-01
5.184375643730163574e-01
4.330084100365638733e-02
3.823305070400238037e-01
4.481253027915954590e-01
1.744698360562324524e-02
6.333479881286621094e-01
7.396784424781799316e-01
6.877298355102539062e-01
7.238858342170715332e-01
4.976741969585418701e-01
3.754079937934875488e-01
2.538681030273437500e-01
3.278152048587799072e-01
9.957191944122314453e-01
6.055601313710212708e-02
3.317787051200866699e-01
4.391021430492401123e-01
7.678279280662536621e-02
5.434892326593399048e-02
4.515304267406463623e-01
6.788034737110137939e-02
5.585136413574218750e-01
9.371385723352432251e-02
1.083969697356224060e-01
4.126953780651092529e-01
9.185695648193359375e-01
1.699585765600204468e-01
1.654999852180480957e-01
5.148617625236511230e-01
9.371385723352432251e-02
7.894340157508850098e-01
4.253056347370147705e-01
7.182512283325195312e-01
2.364959716796875000e-01
7.651700377464294434e-01
5.790212750434875488e-01
1.883607059717178345e-01
6.301543712615966797e-01
3.935750126838684082e-01
9.146830439567565918e-01
2.608427107334136963e-01
3.222093880176544189e-01
1.216353327035903931e-01
7.927098274230957031e-01
2.507809996604919434e-01
5.450568795204162598e-01
1.040382534265518188e-01
3.520976305007934570e-01
3.420473337173461914e-01
1.919024437665939331e-01
9.664943218231201172e-01
4.587399065494537354e-01
8.771404027938842773e-01
2.682475149631500244e-01
4.315839111804962158e-01
4.215724468231201172e-01
7.224342226982116699e-02
9.005174040794372559e-01
8.557534813880920410e-01
8.906548619270324707e-01
3.096975088119506836e-01
5.277985930442810059e-01
1.115565076470375061e-01
2.177059948444366455e-01
8.350816369056701660e-01
6.381680071353912354e-02
7.003425359725952148e-01
5.320475101470947266e-01
3.025860786437988281e-01
1.300078034400939941e-01
8.840159326791763306e-02
5.641821622848510742e-01
3.717991113662719727e-01
8.232707977294921875e-01
5.745148658752441406e-02
2.688407525420188904e-02
7.854039072990417480e-01
2.142684757709503174e-01
5.065582990646362305e-01
5.416267514228820801e-01
4.736959338188171387e-01
8.877546191215515137e-01
1.388185769319534302e-01
