3.421474993228912354e-01
1.232763528823852539e-01
8.345709443092346191e-01
9.726101160049438477e-01
8.935658335685729980e-01
4.145290255546569824e-01
7.915013432502746582e-01
9.867791533470153809e-01
8.076915740966796875e-01
7.763587236404418945e-01
5.579032897949218750e-01
6.408587694168090820e-01
6.005980968475341797e-01
9.537097811698913574e-01
8.850737810134887695e-01
1.702921837568283081e-01
9.077380299568176270e-01
7.277985215187072754e-01
6.005980968475341797e-01
5.070756673812866211e-01
2.990953326225280762e-01
9.041182994842529297e-01
7.642402052879333496e-01
2.851578593254089355e-01
3.904892504215240479e-01
8.696796894073486328e-01
1.820692047476768494e-02
2.699326276779174805e-01
9.945446848869323730e-01
8.738219738006591797e-02
4.665936827659606934e-01
5.520077049732208252e-02
1.840548515319824219e-01
3.825673460960388184e-01
6.240866612643003464e-03
5.363431572914123535e-01
3.716473877429962158e-01
6.286327838897705078e-01
8.189460039138793945e-01
4.392840564250946045e-01
9.418354034423828125e-01
5.900415033102035522e-02
4.045771658420562744e-01
3.866945505142211914e-01
5.173364281654357910e-01
1.875367760658264160e-01
3.470177948474884033e-02
2.389069087803363800e-02
2.908298671245574951e-01
8.807333707809448242e-01
7.881506532430648804e-02
2.137859612703323364e-01
2.662969827651977539e-01
5.806808471679687500e-01
9.612125158309936523e-01
7.098442316055297852e-01
7.232676744461059570e-01
7.686421275138854980e-01
2.589873671531677246e-01
1.424880027770996094e-01
9.504281282424926758e-01
8.314231783151626587e-02
1.487980186939239502e-01
9.576305747032165527e-01
6.514782309532165527e-01
4.629448354244232178e-01
8.567309975624084473e-01
7.464886307716369629e-01
2.373586893081665039e-01
5.531414747238159180e-01
6.652696728706359863e-01
6.069236397743225098e-01
4.909275472164154053e-01
7.951841354370117188e-01
1.632882356643676758e-01
1.979780644178390503e-01
6.215855479240417480e-01
8.150359988212585449e-01
1.263241171836853027e-01
5.405353307723999023e-01
2.442802041769027710e-01
3.978197276592254639e-01
8.973258137702941895e-01
5.323762893676757812e-01
7.388372421264648438e-01
7.819947600364685059e-01
9.695457220077514648e-01
4.785921424627304077e-02
1.912807077169418335e-01
2.483489960432052612e-01
1.553703546524047852e-01
1.076335683465003967e-01
5.030453801155090332e-01
2.411223948001861572e-01
7.504290342330932617e-02
4.233164787292480469e-01
6.710767000913619995e-02
5.140382647514343262e-01
9.459398388862609863e-01
7.425468564033508301e-01
6.448646783828735352e-01
3.201762735843658447e-01
2.204813212156295776e-01
1.665221750736236572e-01
9.797383546829223633e-01
2.343418449163436890e-01
6.939055323600769043e-01
6.731677055358886719e-01
4.445028901100158691e-01
9.776881337165832520e-02
5.106604099273681641e-01
2.307573556900024414e-01
7.539314031600952148e-01
6.114888787269592285e-01
4.522756040096282959e-01
6.384517550468444824e-01
1.298679113388061523e-01
5.624896287918090820e-01
8.455599546432495117e-01
2.035103440284729004e-01
5.892308354377746582e-01
1.161897405982017517e-01
4.778940379619598389e-01
8.737463355064392090e-01
4.999246597290039062e-01
7.877180576324462891e-01
5.849862098693847656e-01
5.922996401786804199e-01
9.142453223466873169e-02
7.573788762092590332e-01
3.352554440498352051e-01
2.232997715473175049e-01
6.215853691101074219e-01
4.705878496170043945e-01
4.200339913368225098e-01
6.619477272033691406e-01
8.893608450889587402e-01
9.215435385704040527e-01
7.140166163444519043e-01
3.043236583471298218e-02
1.798977851867675781e-01
2.269521355628967285e-01
6.813712120056152344e-01
3.944975137710571289e-01
3.787820339202880859e-01
7.026695013046264648e-01
2.137859612703323364e-01
3.174062073230743408e-01
1.528393626213073730e-01
4.464239627122879028e-02
6.762450337409973145e-01
4.740673601627349854e-01
9.977831840515136719e-01
8.613484501838684082e-01
4.842584431171417236e-01
9.009204506874084473e-01
2.945284545421600342e-01
1.464576832950115204e-02
6.541752815246582031e-01
2.851578593254089355e-01
4.350377917289733887e-01
5.661423206329345703e-01
1.037827879190444946e-01
7.317556738853454590e-01
8.527207970619201660e-01
7.819944620132446289e-01
9.375411868095397949e-01
9.826509356498718262e-01
8.309875130653381348e-01
1.979783028364181519e-01
1.361403316259384155e-01
2.519996464252471924e-01
4.145290255546569824e-01
1.361403167247772217e-01
8.656273484230041504e-01
1.458687931299209595e-01
4.489917755126953125e-01
3.321821391582489014e-01
3.031642735004425049e-01
3.646938800811767578e-01
7.117481529712677002e-02
6.986430287361145020e-01
8.117153644561767578e-01
9.259507060050964355e-01
3.451400697231292725e-01
4.015693068504333496e-01
9.900039434432983398e-01
4.812558293342590332e-01
7.063905000686645508e-01
5.746628046035766602e-01
2.624994814395904541e-01
6.240882445126771927e-03
2.554911077022552490e-01
4.593098461627960205e-01
7.508517503738403320e-01
7.994282245635986328e-01
4.085873961448669434e-01
3.796378895640373230e-02
2.063203454017639160e-01
8.768525123596191406e-01
6.580951809883117676e-01
6.813712120056152344e-01
5.162876099348068237e-02
9.329105019569396973e-01
4.163745418190956116e-02
3.615725636482238770e-01
8.256035447120666504e-01
6.904598474502563477e-01
4.309619665145874023e-01
1.733799725770950317e-01
9.776881337165832520e-02
2.747475206851959229e-01
9.170688390731811523e-01
6.479706168174743652e-01
9.122221469879150391e-01
8.037133812904357910e-01
7.607542872428894043e-01
3.143541514873504639e-01
8.425853848457336426e-01
2.788288891315460205e-01
4.557142257690429688e-01
5.746628046035766602e-01
8.494148254394531250e-01
5.206629633903503418e-01
1.120249032974243164e-01
5.283309817314147949e-01
1.184704899787902832e-02
1.006148639135062695e-03
1.193674579262733459e-01
3.106226623058319092e-01
5.488809347152709961e-01
3.487792909145355225e-01
6.345013380050659180e-01
6.866937875747680664e-01
6.346875429153442383e-02
5.445841550827026367e-01
5.690276622772216797e-01
4.267883300781250000e-01
9.291751384735107422e-01
6.286327838897705078e-01
3.716477453708648682e-01
2.389064244925975800e-02
3.566410243511199951e-01
1.763511002063751221e-01
4.880769848823547363e-01
8.231894373893737793e-01
7.184731960296630859e-01
7.350673079490661621e-01
3.527465760707855225e-01
3.069869279861450195e-01
6.157413721084594727e-01
7.722801566123962402e-01
3.387992382049560547e-01
5.246943831443786621e-01
9.759666919708251953e-01
5.953525304794311523e-01
