3.140189349651336670e-01
6.550089716911315918e-01
4.102965891361236572e-01
9.828890562057495117e-01
9.458519816398620605e-01
3.177456855773925781e-01
9.422982335090637207e-01
2.326770424842834473e-01
9.034164547920227051e-01
1.560132354497909546e-01
8.833571672439575195e-01
3.597930073738098145e-01
4.139704406261444092e-01
1.895092576742172241e-01
1.277385652065277100e-01
1.594714224338531494e-01
6.633485555648803711e-01
1.662415713071823120e-01
4.356932342052459717e-01
4.819376170635223389e-01
6.021924614906311035e-01
4.385703802108764648e-01
3.100962340831756592e-01
3.636617660522460938e-01
1.814544796943664551e-01
7.227429747581481934e-01
5.695657730102539062e-01
7.089148163795471191e-01
7.748000621795654297e-01
7.124558687210083008e-01
3.994395583868026733e-02
8.771336078643798828e-01
4.251365065574645996e-01
3.019974231719970703e-01
4.611296951770782471e-01
4.895939230918884277e-01
7.943922281265258789e-01
6.723623275756835938e-01
2.018971741199493408e-01
5.747894644737243652e-01
5.193482041358947754e-01
9.747881293296813965e-01
6.758179664611816406e-01
6.124053001403808594e-01
2.267404273152351379e-02
3.928731977939605713e-01
3.617827966809272766e-02
7.510566115379333496e-01
5.842756628990173340e-01
6.904063820838928223e-01
6.509909033775329590e-01
1.015528216958045959e-01
8.803947567939758301e-01
9.346648454666137695e-01
4.737077057361602783e-01
3.996793627738952637e-01
3.385530114173889160e-01
5.039204359054565430e-01
2.677313089370727539e-01
9.268404543399810791e-02
9.687654972076416016e-01
5.859766528010368347e-02
3.675404489040374756e-01
1.852151304483413696e-01
2.867309153079986572e-01
2.946090996265411377e-01
4.286327064037322998e-01
3.425746858119964600e-01
9.068607091903686523e-01
2.138934582471847534e-01
2.870009094476699829e-02
7.628034949302673340e-01
9.001227021217346191e-01
8.280531764030456543e-01
7.193337678909301758e-01
9.998527765274047852e-01
4.478132724761962891e-01
2.402112185955047607e-01
8.460871577262878418e-01
3.224602043628692627e-01
7.589071989059448242e-01
9.865849018096923828e-01
4.782874286174774170e-01
5.371115803718566895e-01
4.646313786506652832e-01
5.501369833946228027e-01
6.052718758583068848e-01
9.902381300926208496e-01
9.106694459915161133e-01
8.192549943923950195e-01
9.619889855384826660e-01
7.430476546287536621e-01
8.562236279249191284e-02
2.906055450439453125e-01
3.460912704467773438e-01
3.761229515075683594e-01
6.411865949630737305e-01
1.106190681457519531e-01
8.162963986396789551e-01
5.427081882953643799e-02
6.942029595375061035e-01
7.357422709465026855e-01
5.898436307907104492e-01
5.657100081443786621e-01
4.732785280793905258e-03
5.801915526390075684e-01
7.832526564598083496e-01
6.358186602592468262e-01
4.174338579177856445e-01
2.799172699451446533e-01
6.156021952629089355e-01
6.669504046440124512e-01
1.521930098533630371e-01
5.434953570365905762e-01
2.480832636356353760e-01
7.159150242805480957e-01
6.230456233024597168e-01
4.029765129089355469e-01
9.933499097824096680e-01
4.687848091125488281e-01
8.640472888946533203e-01
6.194067001342773438e-01
9.239128828048706055e-01
7.549960613250732422e-01
3.815906941890716553e-01
5.988864898681640625e-01
7.472512722015380859e-01
3.890559673309326172e-01
1.725854538381099701e-02
6.343828886747360229e-02
6.313948631286621094e-01
5.399086475372314453e-01
8.869033306837081909e-02
9.578158259391784668e-01
4.706728458404541016e-02
3.710803091526031494e-01
3.062047064304351807e-01
2.444673627614974976e-01
4.942729473114013672e-01
2.721574604511260986e-01
8.087080121040344238e-01
8.280531764030456543e-01
7.868419885635375977e-01
9.650110602378845215e-01
1.696997433900833130e-01
5.617054104804992676e-01
9.201747775077819824e-01
7.022217512130737305e-01
8.195926249027252197e-02
1.388389170169830322e-01
8.357723951339721680e-01
7.758531719446182251e-02
5.955989956855773926e-01
8.553954362869262695e-01
3.500151038169860840e-01
8.231729269027709961e-01
9.315096139907836914e-01
5.069269239902496338e-02
9.385324716567993164e-01
2.760517299175262451e-01
2.286102026700973511e-01
2.518926560878753662e-01
8.044638037681579590e-01
8.419597148895263672e-01
3.534640371799468994e-01
3.564669191837310791e-01
2.980540096759796143e-01
5.898436307907104492e-01
6.089884638786315918e-01
4.553486704826354980e-01
9.152773618698120117e-01
7.295310497283935547e-01
7.261502742767333984e-01
2.590682506561279297e-01
1.452878862619400024e-01
7.426661252975463867e-02
4.413654208183288574e-01
1.134753972291946411e-02
2.556055188179016113e-01
1.942051351070404053e-01
9.747881293296813965e-01
6.982678174972534180e-01
5.341641902923583984e-01
1.779875159263610840e-01
5.084221959114074707e-01
1.134753972291946411e-02
7.974388599395751953e-01
1.317853927612304688e-01
2.837389409542083740e-01
1.981802880764007568e-01
2.364622652530670166e-01
4.320904910564422607e-01
4.992639124393463135e-01
5.224082469940185547e-01
2.082793861627578735e-01
6.592296957969665527e-01
9.972668886184692383e-01
7.908095121383666992e-01
3.961519300937652588e-01
2.051454186439514160e-01
7.328513264656066895e-01
1.145961508154869080e-01
3.265209794044494629e-01
9.504645466804504395e-01
7.708036303520202637e-01
1.061397343873977661e-01
1.190660744905471802e-01
1.353729069232940674e-01
4.066221117973327637e-01
8.128270506858825684e-01
5.119299292564392090e-01
1.628645062446594238e-01
6.797824501991271973e-01
1.419394016265869141e-01
8.969139456748962402e-01
6.696614623069763184e-02
6.461359262466430664e-01
6.863401532173156738e-01
8.357723951339721680e-01
8.594380617141723633e-01
5.747894644737243652e-01
1.737108230590820312e-01
8.524444103240966797e-01
9.544765353202819824e-01
5.466603040695190430e-01
3.761229515075683594e-01
9.800785183906555176e-01
2.267404273152351379e-02
1.235921531915664673e-01
2.630952596664428711e-01
2.111893147230148315e-01
3.346173763275146484e-01
5.154766440391540527e-01
5.543023943901062012e-01
8.493325710296630859e-01
8.735503554344177246e-01
3.851602375507354736e-01
7.056668996810913086e-01
7.667528390884399414e-01
4.553487002849578857e-01
7.790816426277160645e-01
1.484584659337997437e-01
4.856665730476379395e-01
2.256809622049331665e-01
7.395136952400207520e-01
6.832735538482666016e-01
3.280001506209373474e-02
3.309724330902099609e-01
4.209720492362976074e-01
9.276119470596313477e-01
9.706426411867141724e-02
4.284499958157539368e-02
5.583757758140563965e-01
6.274020671844482422e-01
8.007797002792358398e-01
8.689175844192504883e-01
