2.745540142059326172e-01
5.207116007804870605e-01
1.648847609758377075e-01
2.193755656480789185e-01
2.609144747257232666e-01
3.682912886142730713e-01
1.513207107782363892e-01
4.943347275257110596e-01
9.456242918968200684e-01
7.883163094520568848e-01
3.165789246559143066e-01
7.911723256111145020e-01
9.985094666481018066e-01
7.617048025131225586e-01
4.651392251253128052e-02
6.389055848121643066e-01
6.850659102201461792e-02
7.208421826362609863e-01
6.573310494422912598e-01
7.788179516792297363e-01
2.308136522769927979e-01
5.372815728187561035e-01
4.971181973814964294e-03
8.554490804672241211e-01
8.467140793800354004e-01
6.896370053291320801e-01
6.607830524444580078e-01
6.828972697257995605e-01
4.541460275650024414e-01
8.067494630813598633e-01
1.475401967763900757e-01
8.971576690673828125e-01
8.067494630813598633e-01
9.249719381332397461e-01
9.689939022064208984e-01
9.401376359164714813e-03
5.367896705865859985e-02
3.869576454162597656e-01
3.850265964865684509e-02
3.829066157341003418e-01
3.313609063625335693e-01
3.236227333545684814e-01
6.323019266128540039e-01
1.355340182781219482e-01
6.058946847915649414e-01
8.322598338127136230e-01
2.152779698371887207e-01
7.039797306060791016e-01
1.848171800374984741e-01
8.702693581581115723e-01
9.419817924499511719e-01
2.488440722227096558e-01
4.730315506458282471e-01
2.273423075675964355e-01
9.086959958076477051e-01
1.367349294014275074e-03
5.602061152458190918e-01
9.920552372932434082e-01
8.119978904724121094e-01
3.424347937107086182e-01
9.215188622474670410e-01
3.718791306018829346e-01
7.950967550277709961e-01
8.815373182296752930e-01
7.521430850028991699e-01
1.103141754865646362e-01
4.496758580207824707e-01
8.288964629173278809e-01
9.289023876190185547e-01
7.843962907791137695e-01
3.124995529651641846e-01
1.289226412773132324e-01
5.766665339469909668e-01
5.655066967010498047e-01
3.568548262119293213e-01
8.771879971027374268e-02
6.218912601470947266e-01
5.151055455207824707e-01
7.002472877502441406e-01
3.756094574928283691e-01
8.354142904281616211e-01
6.479337066411972046e-02
1.144280210137367249e-01
2.046600729227066040e-01
6.503173708915710449e-01
6.782543063163757324e-01
4.666608572006225586e-01
9.951527714729309082e-01
9.832230210304260254e-01
7.936853170394897461e-02
4.114728271961212158e-01
2.670013606548309326e-01
9.572426080703735352e-01
7.695634961128234863e-01
1.772413998842239380e-01
2.898245453834533691e-01
1.963002681732177734e-01
6.729324460029602051e-01
1.941131427884101868e-02
5.080205798149108887e-01
1.734589636325836182e-01
1.033743768930435181e-01
6.292843222618103027e-01
3.090752661228179932e-01
2.827887535095214844e-01
9.336498975753784180e-01
6.682761907577514648e-01
5.522828102111816406e-01
4.978612959384918213e-01
5.736432075500488281e-01
2.584890648722648621e-02
5.260081291198730469e-01
7.788179516792297363e-01
1.414840966463088989e-01
1.879667937755584717e-01
4.864519536495208740e-01
4.636589288711547852e-01
9.152023196220397949e-01
3.456709384918212891e-01
7.105935215950012207e-01
5.490466356277465820e-01
7.444125413894653320e-01
8.156851530075073242e-01
1.807516515254974365e-01
7.170451879501342773e-01
9.677077829837799072e-02
9.719662666320800781e-01
4.151882827281951904e-01
9.525082111358642578e-01
7.731928229331970215e-01
5.040146112442016602e-01
3.900729417800903320e-01
2.708512544631958008e-01
9.657944440841674805e-01
5.990052819252014160e-01
2.862432599067687988e-01
5.863468647003173828e-01
9.285841137170791626e-02
3.201371431350708008e-01
6.538772583007812500e-01
1.691843271255493164e-01
1.061653643846511841e-01
3.977731168270111084e-01
5.710016191005706787e-02
5.561328530311584473e-01
5.700624585151672363e-01
8.856619000434875488e-01
2.115000933408737183e-01
3.644427955150604248e-01
8.019110560417175293e-01
7.983110547065734863e-01
4.905716180801391602e-01
5.905656218528747559e-01
8.933966159820556641e-01
4.598181843757629395e-01
5.006068944931030273e-01
7.074065208435058594e-01
5.207116007804870605e-01
1.179271936416625977e-01
6.465963125228881836e-01
1.607839018106460571e-01
1.573735028505325317e-01
4.024298191070556641e-01
3.606460690498352051e-01
2.934267818927764893e-01
4.697450995445251465e-01
8.195122480392456055e-01
6.025105118751525879e-01
7.250853627920150757e-02
4.386584758758544922e-01
8.352389931678771973e-02
9.987500309944152832e-02
3.933722078800201416e-01
8.893442153930664062e-01
2.640452682971954346e-01
1.539042443037033081e-01
7.563156634569168091e-02
6.096779108047485352e-01
4.309090673923492432e-01
5.949841737747192383e-01
2.078201472759246826e-01
4.224783480167388916e-01
1.251036971807479858e-01
9.119528532028198242e-01
2.005318999290466309e-01
8.419141769409179688e-01
4.768313467502593994e-01
6.860354542732238770e-01
2.372477501630783081e-01
5.329495072364807129e-01
8.509778380393981934e-01
2.883656881749629974e-02
8.627316355705261230e-01
3.494019210338592529e-01
3.351988792419433594e-01
7.336337566375732422e-01
1.220034435391426086e-01
4.418799877166748047e-01
8.239225149154663086e-01
2.407839149236679077e-01
7.653017044067382812e-01
4.817383885383605957e-01
7.481107115745544434e-01
6.136866807937622070e-01
7.406644225120544434e-01
8.592730760574340820e-01
2.575058043003082275e-01
4.456323683261871338e-01
2.341655194759368896e-01
4.068361222743988037e-01
5.827524662017822266e-01
9.009698033332824707e-01
3.796416521072387695e-01
8.670956492424011230e-01
5.415495038032531738e-01
3.314015269279479980e-02
6.930921077728271484e-01
4.332715272903442383e-02
3.530935049057006836e-01
5.796088576316833496e-01
6.970417499542236328e-01
9.380251169204711914e-01
9.614322781562805176e-01
3.020887374877929688e-01
4.352634549140930176e-01
6.389054656028747559e-01
8.386710286140441895e-01
3.386362791061401367e-01
2.272016741335391998e-02
7.140335440635681152e-01
2.784890830516815186e-01
8.778348565101623535e-01
2.449543327093124390e-01
7.289667129516601562e-01
6.782543063163757324e-01
1.414840966463088989e-01
4.190465509891510010e-01
5.287811756134033203e-01
9.769868850708007812e-01
2.235447317361831665e-01
7.248409986495971680e-01
1.321665197610855103e-01
7.552959322929382324e-01
5.458407402038574219e-01
4.971942678093910217e-02
2.535762190818786621e-01
9.486148953437805176e-01
6.251850128173828125e-01
9.184423685073852539e-01
9.053246378898620605e-01
7.372431159019470215e-01
1.510011032223701477e-02
9.769868850708007812e-01
6.646517515182495117e-01
3.269864022731781006e-01
2.976360023021697998e-01
