9.256243109703063965e-01
1.673654466867446899e-01
2.909465432167053223e-01
1.526924222707748413e-01
1.794151514768600464e-01
6.298687458038330078e-01
5.744487643241882324e-01
9.103707969188690186e-02
4.070010408759117126e-02
7.234420776367187500e-01
8.000556230545043945e-01
4.762383401393890381e-01
1.483091413974761963e-01
7.673413157463073730e-01
6.438475251197814941e-01
8.404060602188110352e-01
1.098229512572288513e-01
3.802648484706878662e-01
1.367079466581344604e-01
3.233429417014122009e-02
4.628156870603561401e-02
8.207117319107055664e-01
7.115908861160278320e-01
4.439939558506011963e-01
4.999230504035949707e-01
1.440852582454681396e-01
6.472730040550231934e-01
3.144650161266326904e-01
1.570062190294265747e-01
6.406571865081787109e-01
3.595570921897888184e-01
5.881470441818237305e-01
2.615554928779602051e-01
5.156484246253967285e-01
6.997531056404113770e-01
4.529073834419250488e-01
9.969241619110107422e-01
1.705490797758102417e-01
9.445817470550537109e-01
6.615691632032394409e-02
6.632785201072692871e-01
7.196881622076034546e-02
2.765342593193054199e-01
9.410890936851501465e-01
7.614898085594177246e-01
4.490513801574707031e-01
1.284549757838249207e-02
4.965655207633972168e-01
6.879036426544189453e-01
1.402080059051513672e-01
5.195574760437011719e-01
8.358204364776611328e-01
3.961199522018432617e-01
1.331190615892410278e-01
6.770610213279724121e-01
2.940131425857543945e-01
5.492679774761199951e-02
9.172768592834472656e-01
4.608143866062164307e-01
1.062496304512023926e-01
8.526146411895751953e-01
6.953772306442260742e-01
1.134267002344131470e-01
2.668311893939971924e-01
9.582678973674774170e-02
8.244656324386596680e-01
5.709964036941528320e-01
2.459175735712051392e-01
3.029083013534545898e-01
8.320313096046447754e-01
6.152592897415161133e-01
9.136713147163391113e-01
6.734515428543090820e-01
4.239052534103393555e-01
5.459341406822204590e-01
8.167618513107299805e-01
3.511366546154022217e-01
4.628194868564605713e-02
7.409880757331848145e-01
6.100048422813415527e-01
6.246797740459442139e-02
8.603615760803222656e-01
6.844220161437988281e-01
8.564311265945434570e-01
6.334332227706909180e-01
2.354940325021743774e-01
2.261479198932647705e-01
7.712227106094360352e-01
2.181888818740844727e-01
3.469482660293579102e-01
6.121448874473571777e-01
8.899273872375488281e-01
5.640192627906799316e-01
2.838894426822662354e-01
5.905666202306747437e-02
4.926704466342926025e-01
6.698595881462097168e-01
6.027812361717224121e-01
9.382195472717285156e-01
3.634174168109893799e-01
5.300846099853515625e-01
6.664838194847106934e-01
9.337745308876037598e-01
2.309612929821014404e-01
7.821570634841918945e-01
3.758592903614044189e-01
3.921296894550323486e-01
9.849440455436706543e-01
8.117452263832092285e-01
2.105838805437088013e-01
5.325858481228351593e-03
7.070974707603454590e-01
1.179284155368804932e-01
1.749583035707473755e-01
6.371148228645324707e-01
5.269144773483276367e-01
7.935168743133544922e-01
8.865395188331604004e-01
5.373675227165222168e-01
3.395104408264160156e-01
3.673461377620697021e-01
3.848171830177307129e-01
3.713704943656921387e-01
6.510899066925048828e-01
5.677301287651062012e-01
3.216720521450042725e-01
1.956508494913578033e-02
5.936024188995361328e-01
3.888104856014251709e-01
1.868775337934494019e-01
6.598246097564697266e-01
1.260094344615936279e-01
3.109834194183349609e-01
1.907729208469390869e-01
8.446900844573974609e-01
7.197349667549133301e-01
9.803010821342468262e-01
6.192176938056945801e-01
8.720129728317260742e-01
7.196881622076034546e-02
5.036486387252807617e-01
8.280313014984130859e-01
9.935250282287597656e-01
8.078649044036865234e-01
4.078485667705535889e-01
3.357373178005218506e-01
1.939523369073867798e-01
5.817421674728393555e-01
4.296790063381195068e-01
6.915938258171081543e-01
2.011813074350357056e-01
7.439699769020080566e-01
5.215336382389068604e-02
1.615941524505615234e-02
2.144719958305358887e-01
7.896936535835266113e-01
6.262089014053344727e-01
2.784988656640052795e-02
4.395327866077423096e-01
2.392022162675857544e-01
7.033153772354125977e-01
5.234342217445373535e-01
3.679059073328971863e-02
5.121499300003051758e-01
4.439939558506011963e-01
2.377282455563545227e-02
7.515279054641723633e-01
9.937953203916549683e-02
9.297055602073669434e-01
9.711717963218688965e-01
1.218740195035934448e-01
4.162066578865051270e-01
3.431998193264007568e-01
7.761806994676589966e-02
1.027470529079437256e-01
2.700479328632354736e-01
5.416027307510375977e-01
4.721300303936004639e-01
2.730286717414855957e-01
7.272220253944396973e-01
4.360821247100830078e-01
6.225618720054626465e-01
2.838894426822662354e-01
5.777854323387145996e-01
3.551539778709411621e-01
7.858152389526367188e-01
2.981634140014648438e-01
7.742630839347839355e-01
9.634403586387634277e-01
7.318292856216430664e-01
3.998743593692779541e-01
1.828926354646682739e-01
7.157078981399536133e-01
9.513759016990661621e-01
8.761566877365112305e-01
4.039076268672943115e-01
3.286244869232177734e-01
3.182925581932067871e-01
4.885099828243255615e-01
5.837301611900329590e-01
7.365148663520812988e-01
2.054927200078964233e-01
6.554335951805114746e-01
5.606552958488464355e-01
9.052433967590332031e-01
2.486817687749862671e-01
7.640361189842224121e-01
5.936024188995361328e-01
4.328316450119018555e-01
7.539250254631042480e-01
4.844473898410797119e-01
9.896295070648193359e-01
1.976506859064102173e-01
4.108354151248931885e-01
3.320784270763397217e-01
5.078800320625305176e-01
8.973325490951538086e-01
8.800945281982421875e-01
8.829864263534545898e-01
4.805073142051696777e-01
7.782091498374938965e-01
9.528181515634059906e-03
8.638393878936767578e-01
7.969761490821838379e-01
2.428252100944519043e-01
9.209537506103515625e-01
9.483657479286193848e-01
3.073282837867736816e-01
9.095513224601745605e-01
5.570996999740600586e-01
8.934510350227355957e-01
5.536481142044067383e-01
8.487755060195922852e-01
7.473772764205932617e-01
4.645662903785705566e-01
9.010359644889831543e-01
5.995496511459350586e-01
1.069740974344313145e-03
9.678400158882141113e-01
5.500561594963073730e-01
1.642562896013259888e-01
9.753519296646118164e-01
3.251784741878509521e-01
1.608856469392776489e-01
8.389844000339508057e-02
5.334036946296691895e-01
6.811187267303466797e-01
8.679397106170654297e-01
4.682930707931518555e-01
2.220136970281600952e-01
8.033144474029541016e-01
4.566529095172882080e-01
2.639289498329162598e-01
1.296974867582321167e-01
8.116110414266586304e-02
4.197064936161041260e-01
