8.446194529533386230e-01
4.675824642181396484e-01
7.277256846427917480e-01
9.426983594894409180e-01
5.119154453277587891e-01
8.994858860969543457e-01
7.716333121061325073e-02
6.421914696693420410e-01
8.329194188117980957e-01
9.650655984878540039e-01
1.925092190504074097e-01
4.009476006031036377e-01
1.501454710960388184e-01
7.606257200241088867e-01
2.071011811494827271e-01
4.078002274036407471e-01
3.408753499388694763e-02
4.960544109344482422e-01
7.317373156547546387e-01
6.421914696693420410e-01
6.464846432209014893e-02
2.199266999959945679e-01
5.687254667282104492e-01
8.626214265823364258e-01
8.005525469779968262e-01
9.808776974678039551e-01
6.226559877395629883e-01
4.924238622188568115e-01
3.552036881446838379e-01
9.946914911270141602e-01
8.901727199554443359e-02
6.345433592796325684e-01
8.182048201560974121e-01
9.346137046813964844e-01
9.551709294319152832e-01
5.446943044662475586e-01
5.853031575679779053e-02
6.642345786094665527e-01
4.459011554718017578e-01
6.680344343185424805e-01
6.920827031135559082e-01
8.587494492530822754e-01
8.919651508331298828e-01
1.698260158300399780e-01
6.266071200370788574e-01
1.358472704887390137e-01
9.298495203256607056e-02
7.854908704757690430e-01
6.520825028419494629e-01
2.220093645155429840e-02
7.810515761375427246e-01
5.868737697601318359e-01
6.086891889572143555e-01
1.925092190504074097e-01
3.131929039955139160e-02
1.014710217714309692e-01
9.313458800315856934e-01
4.233165383338928223e-01
2.295334488153457642e-01
3.521551191806793213e-01
7.507565617561340332e-01
9.136642813682556152e-01
4.818784892559051514e-01
3.331115543842315674e-01
5.076010227203369141e-01
3.730286061763763428e-01
7.158501744270324707e-01
4.116430878639221191e-01
6.501865386962890625e-01
9.773666262626647949e-01
2.462474107742309570e-01
3.166304230690002441e-01
1.739903702400624752e-03
9.737573266029357910e-01
9.764675050973892212e-02
7.895267605781555176e-01
3.302204310894012451e-01
3.233125209808349609e-01
7.076873779296875000e-01
4.165441170334815979e-02
2.381530553102493286e-01
5.647503770887851715e-03
3.637333214282989502e-01
4.855837300419807434e-02
5.591518878936767578e-01
2.543450295925140381e-01
8.121372759342193604e-02
1.604884117841720581e-01
6.188748478889465332e-01
6.125894188880920410e-01
1.255154702812433243e-02
4.558760225772857666e-01
9.893712401390075684e-01
2.773267962038516998e-02
4.158097505569458008e-01
5.402969717979431152e-01
5.562078952789306641e-02
6.714152097702026367e-01
1.803882718086242676e-01
7.940802574157714844e-01
1.728684008121490479e-01
5.528112053871154785e-01
2.256361246109008789e-01
1.224710494279861450e-01
1.574212461709976196e-01
6.051759123802185059e-01
3.588825762271881104e-01
4.459011554718017578e-01
4.390249550342559814e-01
7.975555062294006348e-01
8.526586741209030151e-02
1.115370169281959534e-01
9.893712401390075684e-01
4.264293015003204346e-01
8.755428194999694824e-01
6.562755703926086426e-01
4.795291423797607422e-01
5.760857462882995605e-01
1.636765003204345703e-01
8.048204779624938965e-01
8.669694662094116211e-01
2.817085981369018555e-01
9.383245706558227539e-01
2.747187316417694092e-01
2.418572157621383667e-01
1.625125296413898468e-02
9.253617376089096069e-03
8.864945769309997559e-01
3.972864747047424316e-01
6.856966614723205566e-01
5.153582692146301270e-01
4.195563793182373047e-01
2.071011811494827271e-01
5.327475666999816895e-01
8.785174489021301270e-01
3.769375085830688477e-01
1.979735046625137329e-01
4.636666774749755859e-01
2.340646237134933472e-01
4.895201921463012695e-01
1.462755352258682251e-01
9.067328572273254395e-01
9.235609173774719238e-01
9.983866810798645020e-01
8.822612166404724121e-01
2.903287708759307861e-01
8.550709486007690430e-01
8.222252726554870605e-01
1.428027898073196411e-01
8.478455543518066406e-01
5.975468754768371582e-01
6.886859536170959473e-01
5.834935903549194336e-01
1.663427203893661499e-01
3.805119395256042480e-01
5.295096039772033691e-01
2.856474518775939941e-01
7.434044480323791504e-01
5.648261904716491699e-01
1.166792660951614380e-01
1.052726730704307556e-01
5.036043524742126465e-01
7.694680094718933105e-01
9.104313850402832031e-01
9.277143478393554688e-01
5.261201858520507812e-01
4.041558206081390381e-01
6.156480312347412109e-01
6.608611941337585449e-01
2.128610014915466309e-01
6.986024379730224609e-01
6.009856462478637695e-01
2.983373105525970459e-01
5.904172062873840332e-01
2.220093645155429840e-02
1.833187490701675415e-01
9.512457847595214844e-01
3.062589466571807861e-01
3.684297204017639160e-01
7.606257200241088867e-01
7.660282254219055176e-01
3.264646530151367188e-01
3.456658422946929932e-01
4.525148570537567139e-01
1.224710494279861450e-01
5.591518878936767578e-01
7.471363544464111328e-01
9.182803630828857422e-01
4.758364558219909668e-01
6.953448653221130371e-01
6.741248369216918945e-01
6.421914696693420410e-01
2.666194736957550049e-01
3.848642855882644653e-02
5.488182902336120605e-01
3.894976973533630371e-01
7.120145559310913086e-01
4.597194194793701172e-01
5.800684690475463867e-01
5.723203420639038086e-01
7.230366468429565430e-01
5.202851444482803345e-02
2.707519233226776123e-01
3.847514688968658447e-01
8.514285683631896973e-01
1.287445425987243652e-01
1.869816780090332031e-01
3.487614393234252930e-01
7.724993228912353516e-01
9.583714604377746582e-01
2.779494225978851318e-01
4.999251663684844971e-01
1.396149098873138428e-01
1.115370169281959534e-01
9.471448063850402832e-01
8.718892335891723633e-01
8.360274434089660645e-01
7.028703689575195312e-01
5.362052917480468750e-01
6.314504146575927734e-01
7.289905101060867310e-02
7.769436240196228027e-01
3.166304230690002441e-01
6.842986494302749634e-02
5.942509174346923828e-01
3.098355829715728760e-01
4.327318370342254639e-01
6.177534535527229309e-02
7.406682968139648438e-01
1.534118801355361938e-01
9.035394787788391113e-01
4.327318370342254639e-01
2.020597904920578003e-01
1.766312122344970703e-01
9.618515372276306152e-01
2.947003841400146484e-01
5.188449621200561523e-01
7.191712260246276855e-01
7.543070912361145020e-01
2.165684103965759277e-01
8.096172809600830078e-01
9.839496016502380371e-01
4.534360393881797791e-02
7.365642786026000977e-01
3.936310112476348877e-01
4.718183279037475586e-01
2.503869235515594482e-01
8.958566784858703613e-01
8.256545662879943848e-01
5.227459073066711426e-01
8.291556835174560547e-01
2.581204175949096680e-01
2.627366781234741211e-01
3.025272488594055176e-01
1.329855471849441528e-01
8.143120408058166504e-01
