2.060519009828567505e-01
4.647521972656250000e-01
8.165084719657897949e-01
5.559895038604736328e-01
8.560236096382141113e-01
6.590283513069152832e-01
4.518796503543853760e-01
9.175122976303100586e-01
7.813026905059814453e-01
1.080430811271071434e-03
8.913783431053161621e-01
8.059472776949405670e-03
9.893422722816467285e-01
2.153920233249664307e-01
2.278390526771545410e-01
6.360033750534057617e-01
9.454085230827331543e-01
5.022515058517456055e-01
7.485577464103698730e-01
4.103105142712593079e-02
3.564200997352600098e-01
3.604518175125122070e-01
2.803372442722320557e-01
5.635036826133728027e-01
4.756017625331878662e-01
6.168490052223205566e-01
4.925134778022766113e-01
8.519045710563659668e-01
7.255293726921081543e-01
1.359809339046478271e-01
2.329899966716766357e-01
9.860324263572692871e-01
5.820714235305786133e-01
6.857273578643798828e-01
2.706079781055450439e-01
9.093074798583984375e-01
2.494842261075973511e-01
9.979782700538635254e-01
7.758773863315582275e-02
5.060727000236511230e-01
6.399339437484741211e-01
1.759640574455261230e-01
7.964286208152770996e-01
6.551949381828308105e-01
4.206362366676330566e-01
7.857912182807922363e-01
3.685954511165618896e-01
6.076533794403076172e-01
8.059477433562278748e-03
5.486409068107604980e-01
2.803374826908111572e-01
4.248746931552886963e-01
9.615188241004943848e-01
5.961685776710510254e-01
7.224454879760742188e-01
2.105685174465179443e-01
5.137930512428283691e-01
2.754055336117744446e-02
3.833268880844116211e-01
8.858852386474609375e-01
9.366238117218017578e-01
6.938019990921020508e-01
5.538865923881530762e-02
8.356708288192749023e-01
3.761412799358367920e-01
4.725041687488555908e-01
5.782601833343505859e-01
2.226920425891876221e-01
1.298842579126358032e-01
1.722645461559295654e-01
3.438477590680122375e-02
5.753779411315917969e-01
3.278727531433105469e-01
6.144580245018005371e-01
9.366236925125122070e-01
9.955738186836242676e-01
6.681854277849197388e-02
1.685296744108200073e-01
7.077816873788833618e-02
3.531275093555450439e-01
8.130498528480529785e-01
7.597113251686096191e-01
5.251368880271911621e-01
8.033478260040283203e-01
6.286025047302246094e-02
7.326529026031494141e-01
4.989928007125854492e-01
9.574948549270629883e-01
3.652666807174682617e-01
7.186322212219238281e-01
4.798721671104431152e-01
8.281036019325256348e-01
1.862799674272537231e-01
2.021214365959167480e-01
7.994424104690551758e-01
1.786124855279922485e-01
6.665577292442321777e-01
8.761088848114013672e-01
7.910705208778381348e-01
9.491556286811828613e-01
5.711489319801330566e-01
1.505226045846939087e-01
9.532678723335266113e-01
3.876116871833801270e-01
8.228127956390380859e-01
3.242192864418029785e-01
4.104627966880798340e-01
4.773010686039924622e-02
1.062774360179901123e-01
2.880748808383941650e-01
8.115808665752410889e-02
1.988075226545333862e-01
8.953803181648254395e-01
6.243861317634582520e-01
9.414324164390563965e-02
9.738034009933471680e-01
2.627637088298797607e-01
7.692610621452331543e-01
6.001624464988708496e-01
4.024106562137603760e-01
9.926246404647827148e-01
4.690247476100921631e-01
5.908573269844055176e-01
8.391351252794265747e-02
7.531968355178833008e-01
6.511123180389404297e-01
2.451625019311904907e-01
5.139059945940971375e-02
2.418631762266159058e-01
1.098674014210700989e-01
7.363280653953552246e-01
2.534690499305725098e-01
7.727743983268737793e-01
1.609149128198623657e-01
8.356708288192749023e-01
4.171718955039978027e-01
9.770743846893310547e-01
8.281036019325256348e-01
6.630057096481323242e-01
6.076537966728210449e-01
1.928979009389877319e-01
3.093164861202239990e-01
1.770920492708683014e-02
4.950101077556610107e-01
5.400793552398681641e-01
2.627637088298797607e-01
9.414314478635787964e-02
9.258755445480346680e-01
1.432994008064270020e-01
4.479770660400390625e-01
8.667914867401123047e-01
2.436249330639839172e-02
1.272111535072326660e-01
7.771377563476562500e-01
7.148168087005615234e-01
2.959073781967163086e-01
1.958568841218948364e-01
9.215922951698303223e-01
6.894820332527160645e-01
8.449515700340270996e-01
3.988759815692901611e-01
6.200549006462097168e-01
5.284562706947326660e-01
7.597113251686096191e-01
5.358121395111083984e-01
1.889118850231170654e-01
9.298818707466125488e-01
1.473108977079391479e-01
8.194597363471984863e-01
4.607015252113342285e-01
5.894203111529350281e-02
5.099326968193054199e-01
3.054140210151672363e-01
5.183714628219604492e-01
2.378641217947006226e-01
5.674992203712463379e-01
2.988481819629669189e-01
8.801311850547790527e-01
9.676487445831298828e-01
1.332789063453674316e-01
8.984993100166320801e-01
2.917989790439605713e-01
1.539719551801681519e-01
9.129917621612548828e-01
9.023864865303039551e-01
3.951308727264404297e-01
4.465902969241142273e-02
3.340650200843811035e-01
6.792111992835998535e-01
4.062957763671875000e-01
7.910705208778381348e-01
4.833682477474212646e-01
5.450139641761779785e-01
1.577829122543334961e-01
4.369839131832122803e-01
2.672491073608398438e-01
3.456447720527648926e-01
1.649215072393417358e-01
6.449813842773437500e-01
4.412064850330352783e-01
2.733337581157684326e-01
1.398447155952453613e-01
6.694486737251281738e-01
8.482252955436706543e-01
5.220459699630737305e-01
7.427086830139160156e-01
9.062877893447875977e-01
7.465238124132156372e-02
3.920065462589263916e-01
7.292052507400512695e-01
7.045745849609375000e-01
7.427086830139160156e-01
3.313165009021759033e-01
2.195136398077011108e-01
8.858852386474609375e-01
1.144009903073310852e-01
9.423366189002990723e-01
6.979466080665588379e-01
7.012386918067932129e-01
3.491908013820648193e-01
1.188350990414619446e-01
6.449813842773437500e-01
3.020274639129638672e-01
3.438474610447883606e-02
4.445720911026000977e-01
2.570007741451263428e-01
5.595199465751647949e-01
7.082328200340270996e-01
8.667914867401123047e-01
4.562231302261352539e-01
1.001866832375526428e-01
7.659957408905029297e-01
2.106512524187564850e-02
8.727573752403259277e-01
8.600723147392272949e-01
6.729016304016113281e-01
5.317335724830627441e-01
3.130765259265899658e-01
6.792113780975341797e-01
3.168996274471282959e-01
1.032763421535491943e-01
1.422755606472492218e-02
5.867253541946411133e-01
6.333174705505371094e-01
3.761412203311920166e-01
7.111588716506958008e-01
8.415269851684570312e-01
5.520375967025756836e-01
3.205263018608093262e-01
4.139686524868011475e-01
4.329098463058471680e-01
1.232688874006271362e-01
9.646379947662353516e-01
9.706305265426635742e-01
4.288164973258972168e-01
8.777457475662231445e-02
