2.839717827737331390e-02
7.304079532623291016e-01
8.040466904640197754e-01
1.199546679854393005e-01
4.150667488574981689e-01
7.104790210723876953e-01
7.765867114067077637e-01
8.908538222312927246e-01
9.378901720046997070e-01
8.840759992599487305e-01
7.915395498275756836e-01
4.994599819183349609e-01
5.296979546546936035e-01
7.659209370613098145e-01
1.967665106058120728e-01
3.162087798118591309e-01
6.914567947387695312e-01
3.981896936893463135e-01
8.891202509403228760e-02
7.804787755012512207e-01
5.399206280708312988e-01
9.147142767906188965e-01
8.875287771224975586e-01
5.175698995590209961e-01
3.944640159606933594e-01
1.132719442248344421e-01
2.570320665836334229e-01
4.746403098106384277e-01
3.855940401554107666e-01
2.288198769092559814e-01
3.690995573997497559e-01
5.990377068519592285e-01
3.650358021259307861e-01
9.414370656013488770e-01
8.467271924018859863e-01
6.445552706718444824e-01
1.425471156835556030e-01
4.443157613277435303e-01
6.840286850929260254e-01
5.900954008102416992e-01
2.839726582169532776e-02
4.252668023109436035e-01
9.010126590728759766e-01
7.561143040657043457e-01
9.801626205444335938e-01
9.295322895050048828e-01
8.808190226554870605e-01
9.910638928413391113e-01
7.538947463035583496e-02
2.446018904447555542e-01
7.262644767761230469e-01
6.607887744903564453e-01
3.354187607765197754e-01
5.331653952598571777e-01
8.504240512847900391e-01
4.708646833896636963e-01
5.139638781547546387e-01
7.350052595138549805e-01
1.346276998519897461e-01
2.825385928153991699e-01
5.255963206291198730e-01
6.566734910011291504e-01
8.379102945327758789e-01
7.030046582221984863e-01
6.222302317619323730e-01
8.084163069725036621e-01
2.007291465997695923e-01
3.046069741249084473e-01
4.668612778186798096e-01
1.502423584461212158e-01
5.564882159233093262e-01
1.703577339649200439e-01
7.833548784255981445e-01
8.332010507583618164e-01
3.206628859043121338e-01
5.354047566652297974e-02
8.544015288352966309e-01
4.541981816291809082e-01
2.935555279254913330e-01
9.635928869247436523e-01
4.286676943302154541e-01
5.066131949424743652e-01
2.405406832695007324e-01
5.472992062568664551e-01
9.186307787895202637e-01
1.103438716381788254e-02
3.402007371187210083e-02
2.046867311000823975e-01
4.216761589050292969e-01
8.729926943778991699e-01
1.538166403770446777e-01
1.306263804435729980e-01
8.768987655639648438e-01
9.674282670021057129e-01
1.842316836118698120e-01
3.420288562774658203e-01
5.958672165870666504e-01
9.876786470413208008e-01
4.184192717075347900e-01
3.730117380619049072e-01
9.841755032539367676e-01
5.869708657264709473e-01
6.099130511283874512e-01
1.106024086475372314e-01
7.173289656639099121e-01
7.937942743301391602e-01
6.682562232017517090e-01
1.381418257951736450e-01
5.363012552261352539e-01
9.258307814598083496e-01
3.246050775051116943e-01
7.422926425933837891e-01
2.255672663450241089e-01
5.747229456901550293e-01
6.162089109420776367e-01
5.031964778900146484e-01
4.832596480846405029e-01
6.186408177018165588e-02
5.103683471679687500e-01
1.168528646230697632e-01
9.082342982292175293e-01
7.067052721977233887e-01
1.887607574462890625e-01
7.456598281860351562e-01
3.083637952804565430e-01
2.864581942558288574e-01
3.902821242809295654e-01
8.253065943717956543e-01
5.638144612312316895e-01
1.022892147302627563e-01
4.908190667629241943e-02
7.590196132659912109e-01
2.531158030033111572e-01
6.722163558006286621e-01
4.586629867553710938e-01
4.112929478287696838e-02
1.619796007871627808e-01
8.168315887451171875e-01
6.356769204139709473e-01
4.496131092309951782e-02
2.488926053047180176e-01
9.955557584762573242e-01
7.972401976585388184e-01
9.224834442138671875e-01
3.387695252895355225e-01
8.696027994155883789e-01
3.611440062522888184e-01
3.452720046043395996e-01
5.791335701942443848e-01
7.538947463035583496e-02
9.113871455192565918e-01
8.005084991455078125e-01
8.588384389877319336e-01
4.956395626068115234e-01
6.356769204139709473e-01
1.664547771215438843e-01
4.922540783882141113e-01
3.116215467453002930e-01
7.390161156654357910e-01
3.919921349734067917e-03
9.449491500854492188e-01
9.542103856801986694e-02
3.769904971122741699e-01
2.087584584951400757e-01
9.566813707351684570e-01
8.659834861755371094e-01
2.127650529146194458e-01
6.642946004867553711e-01
5.703487992286682129e-01
8.211380243301391602e-01
2.757662534713745117e-01
4.472653269767761230e-01
1.577817201614379883e-01
2.894539833068847656e-01
6.189920902252197266e-01
4.789703488349914551e-01
1.787607222795486450e-01
8.127850890159606934e-01
7.696768641471862793e-01
4.631844758987426758e-01
5.830786228179931641e-01
5.215342044830322266e-01
1.740841865539550781e-01
8.046500384807586670e-03
6.875817179679870605e-01
4.506348073482513428e-01
8.936465978622436523e-01
2.644639313220977783e-01
3.568853139877319336e-01
2.694848179817199707e-01
5.436524748802185059e-01
6.128651499748229980e-01
9.997124075889587402e-01
8.588586002588272095e-02
4.881693720817565918e-01
1.474130991846323013e-02
7.491338253021240234e-01
3.797990456223487854e-02
8.175208419561386108e-02
4.068437218666076660e-01
7.219317555427551270e-01
5.669362545013427734e-01
2.327770143747329712e-01
5.516703724861145020e-01
9.533153772354125977e-01
1.924720406532287598e-01
4.113040864467620850e-01
3.489266932010650635e-01
7.628370523452758789e-01
3.525897860527038574e-01
4.409511685371398926e-01
6.520028114318847656e-01
6.565205007791519165e-02
8.426123261451721191e-01
2.175426483154296875e-01
6.478809118270874023e-01
2.988274395465850830e-01
9.237151592969894409e-02
6.955947279930114746e-01
6.415214538574218750e-01
7.726520895957946777e-01
6.253051757812500000e-01
8.290069699287414551e-01
9.713319540023803711e-01
2.694846987724304199e-01
9.760753512382507324e-01
1.815281435847282410e-02
7.523469924926757812e-01
9.604343175888061523e-01
5.867651477456092834e-02
1.787607222795486450e-01
2.215794920921325684e-01
3.321425914764404297e-01
2.213199064135551453e-02
8.626207113265991211e-01
5.929028987884521484e-01
2.988274395465850830e-01
3.813342750072479248e-01
9.010121226310729980e-01
7.135972976684570312e-01
1.267001628875732422e-01
4.023184180259704590e-01
6.898711621761322021e-02
6.996708512306213379e-01
1.233453378081321716e-01
9.941302984952926636e-02
9.324308037757873535e-01
2.795533239841461182e-01
4.373438358306884766e-01
5.603600740432739258e-01
3.282172977924346924e-01
1.462620645761489868e-01
6.799235939979553223e-01
2.370610088109970093e-01
6.757662296295166016e-01
6.294977068901062012e-01
