2.386288642883300781e-01
3.435282781720161438e-02
7.930374741554260254e-01
5.851704478263854980e-01
9.839818477630615234e-01
3.785455822944641113e-01
5.587933063507080078e-01
3.503147661685943604e-01
2.873981893062591553e-01
8.431616425514221191e-01
7.429992556571960449e-01
9.883248209953308105e-01
8.079933524131774902e-01
1.369442343711853027e-01
6.159410476684570312e-01
1.443225294351577759e-01
2.916191816329956055e-01
8.431617021560668945e-01
6.008482575416564941e-01
5.764332413673400879e-01
1.521395295858383179e-01
5.221912860870361328e-01
2.291041910648345947e-01
9.607042074203491211e-01
4.861056506633758545e-01
5.902100801467895508e-01
3.356367945671081543e-01
6.788731813430786133e-01
3.284132778644561768e-01
6.832022070884704590e-01
2.412860244512557983e-01
2.564375698566436768e-01
4.600115716457366943e-01
6.875829696655273438e-01
4.640107154846191406e-01
1.112194731831550598e-01
6.221973896026611328e-01
4.710272252559661865e-01
4.941147565841674805e-01
2.107159495353698730e-01
5.302567481994628906e-01
5.401272773742675781e-01
7.733022570610046387e-01
3.406660556793212891e-01
3.956561982631683350e-01
8.151334524154663086e-01
5.015075206756591797e-01
4.263797104358673096e-01
4.156428575515747070e-01
8.306422233581542969e-01
2.073724865913391113e-01
3.702354729175567627e-01
3.465951681137084961e-01
5.368674993515014648e-01
6.128854751586914062e-01
5.586255714297294617e-02
6.505587697029113770e-01
4.191084504127502441e-01
4.357056021690368652e-01
7.891917228698730469e-01
3.195004165172576904e-01
4.117011427879333496e-01
2.692490257322788239e-02
9.646692276000976562e-01
1.406016051769256592e-01
5.131957530975341797e-01
9.483617544174194336e-01
3.056088229641318321e-03
6.049817204475402832e-01
6.609755158424377441e-01
3.956561982631683350e-01
9.760184288024902344e-01
9.997953176498413086e-01
7.571178078651428223e-01
4.742551147937774658e-01
3.634026944637298584e-01
3.663843870162963867e-01
9.102996438741683960e-02
1.647794544696807861e-01
5.535883307456970215e-01
3.047939836978912354e-01
2.180560976266860962e-01
1.327746510505676270e-01
3.007751405239105225e-01
1.688480824232101440e-01
6.679382324218750000e-01
8.930426239967346191e-01
7.971993088722229004e-01
4.039846062660217285e-01
2.315114587545394897e-01
7.060289978981018066e-01
9.152952432632446289e-01
3.154238164424896240e-01
8.786033987998962402e-01
4.512557089328765869e-01
9.530097246170043945e-01
3.406660556793212891e-01
1.877347379922866821e-01
2.685641646385192871e-01
8.713802099227905273e-01
9.103000909090042114e-02
2.760157883167266846e-01
7.251752614974975586e-01
9.182107448577880859e-01
1.284251213073730469e-01
8.191841840744018555e-01
1.731275618076324463e-01
5.930086225271224976e-02
1.074719801545143127e-01
5.333042740821838379e-01
5.638090372085571289e-01
7.645348310470581055e-01
4.814820289611816406e-01
7.854171991348266602e-01
9.325455427169799805e-01
2.526761889457702637e-01
3.580969274044036865e-01
8.501731753349304199e-01
8.639947772026062012e-01
4.309412837028503418e-01
8.115618675947189331e-02
9.684587717056274414e-01
4.977533221244812012e-01
9.572007060050964355e-01
6.716816425323486328e-01
7.319564819335937500e-01
7.019379641860723495e-03
1.012121140956878662e-01
9.237512350082397461e-01
2.834358811378479004e-01
7.534791827201843262e-01
7.773354649543762207e-01
4.779512286186218262e-01
8.962154388427734375e-01
5.720692873001098633e-01
9.962211251258850098e-01
4.554396569728851318e-01
3.906199634075164795e-01
7.692430019378662109e-01
2.602739334106445312e-01
9.279085397720336914e-01
6.609755158424377441e-01
1.480246037244796753e-01
5.681280493736267090e-01
6.750732064247131348e-01
4.477299749851226807e-01
2.794099748134613037e-01
6.993711590766906738e-01
3.061005659401416779e-02
8.336009979248046875e-01
9.719420075416564941e-01
6.196267008781433105e-01
3.719450533390045166e-02
6.319262087345123291e-02
7.373693585395812988e-02
3.099391162395477295e-01
6.337535381317138672e-01
8.675491213798522949e-01
4.231608808040618896e-01
1.996473819017410278e-01
8.008824586868286133e-01
1.982253231108188629e-02
5.587933063507080078e-01
6.260300278663635254e-01
8.540314435958862305e-01
1.832581162452697754e-01
4.676124155521392822e-01
2.357603423297405243e-02
8.863926529884338379e-01
8.904322981834411621e-01
2.452522516250610352e-01
1.957238018512725830e-01
1.918590515851974487e-01
8.825031518936157227e-01
1.243300512433052063e-01
1.543748844414949417e-02
4.007001221179962158e-01
6.290051937103271484e-01
8.231820464134216309e-01
5.813410282135009766e-01
6.084504723548889160e-01
9.410956501960754395e-01
8.575215935707092285e-01
9.924166202545166016e-01
2.641958892345428467e-01
1.609338670969009399e-01
7.069419324398040771e-02
2.962203919887542725e-01
8.372095823287963867e-01
8.113017082214355469e-01
5.958207845687866211e-01
1.012121140956878662e-01
7.217716574668884277e-01
3.239871561527252197e-01
9.443252682685852051e-01
5.091367363929748535e-01
3.834213018417358398e-01
1.160117387771606445e-01
2.253832519054412842e-01
9.583216905593872070e-02
6.539962887763977051e-01
4.439276754856109619e-01
1.796119213104248047e-01
7.501640915870666504e-01
6.429278850555419922e-01
5.243722349405288696e-02
7.354525923728942871e-01
6.676893681287765503e-02
9.797296524047851562e-01
3.863575756549835205e-01
5.268802046775817871e-01
1.120291277766227722e-02
7.779317349195480347e-02
8.993818163871765137e-01
7.286754250526428223e-01
2.489273846149444580e-01
8.605767488479614258e-01
7.468924522399902344e-01
2.142093777656555176e-01
6.337535381317138672e-01
2.034676969051361084e-01
3.580967485904693604e-01
4.403804540634155273e-01
3.099391162395477295e-01
6.464315652847290039e-01
4.584996774792671204e-02
9.099701642990112305e-01
7.091914415359497070e-01
2.723325490951538086e-01
1.563390642404556274e-01
9.373555183410644531e-01
8.270431160926818848e-01
6.395214200019836426e-01
4.905381202697753906e-01
1.766347289085388184e-01
8.484286814928054810e-02
3.321548700332641602e-01
8.042751550674438477e-01
9.099701642990112305e-01
2.215403318405151367e-01
5.175518989562988281e-01
7.604756951332092285e-01
6.965815424919128418e-01
4.052350670099258423e-02
6.924774646759033203e-01
7.182607054710388184e-01
7.026278972625732422e-01
8.744557499885559082e-01
5.055831670761108398e-01
5.902100801467895508e-01
9.207326173782348633e-01
4.884114861488342285e-02
7.390229105949401855e-01
7.810925841331481934e-01
1.200112476944923401e-01
3.743860423564910889e-01
