4.554515182971954346e-01
5.256443023681640625e-01
4.221903979778289795e-01
5.295323729515075684e-01
2.838337719440460205e-01
4.371134340763092041e-01
8.093093633651733398e-01
6.288789212703704834e-02
8.643720746040344238e-01
8.296966552734375000e-04
3.220232725143432617e-01
4.872902035713195801e-01
6.584200263023376465e-01
4.518659710884094238e-01
8.545784950256347656e-01
6.170586347579956055e-01
4.331084787845611572e-01
7.013028264045715332e-01
7.855587005615234375e-01
5.566182136535644531e-01
4.293796718120574951e-01
5.180196836590766907e-02
5.135785341262817383e-01
3.641063272953033447e-01
9.224752783775329590e-01
3.919753432273864746e-01
1.902544498443603516e-01
4.409989416599273682e-01
5.793449003249406815e-03
8.203876018524169922e-01
7.786911725997924805e-01
6.015310287475585938e-01
8.838216066360473633e-01
1.723129451274871826e-01
8.468379378318786621e-01
2.065776735544204712e-01
1.369947195053100586e-01
6.415689587593078613e-01
6.660439074039459229e-02
9.321206212043762207e-01
6.048238873481750488e-01
6.838240027427673340e-01
6.807236075401306152e-01
9.764537811279296875e-01
5.968502163887023926e-02
1.407489776611328125e-01
7.618957757949829102e-01
3.721717596054077148e-01
4.772213846445083618e-02
3.197478502988815308e-02
9.406901001930236816e-01
8.023766279220581055e-01
1.071186587214469910e-01
8.668310195207595825e-02
1.598173081874847412e-01
5.214624404907226562e-01
3.304554224014282227e-01
9.490280747413635254e-01
3.304554224014282227e-01
3.596027791500091553e-01
2.028269320726394653e-01
3.970573246479034424e-01
8.668310195207595825e-02
5.955257415771484375e-01
9.816189408302307129e-01
4.447468221187591553e-01
9.855443835258483887e-01
2.332989722490310669e-01
9.186529368162155151e-02
3.404125571250915527e-01
9.947423934936523438e-01
4.011362195014953613e-01
3.364402651786804199e-01
2.143776565790176392e-01
8.468384742736816406e-01
9.021646380424499512e-01
3.793976902961730957e-01
8.545784950256347656e-01
4.588867723941802979e-01
8.270060420036315918e-01
8.235814571380615234e-01
5.172976851463317871e-01
1.648023352026939392e-02
7.173452973365783691e-01
5.597773939371109009e-02
7.583507895469665527e-02
9.447776675224304199e-01
8.130384683609008789e-01
1.446758657693862915e-01
2.105314284563064575e-01
1.215203106403350830e-01
7.214986681938171387e-01
9.361732006072998047e-01
6.312197446823120117e-01
7.090628743171691895e-01
1.828962862491607666e-01
5.413329005241394043e-01
3.181357085704803467e-01
3.916476294398307800e-02
7.953727245330810547e-02
4.797079563140869141e-01
7.258254289627075195e-01
1.328114569187164307e-01
3.865439295768737793e-01
5.684073567390441895e-01
2.426274493336677551e-02
5.335546731948852539e-01
6.525560617446899414e-01
4.143463075160980225e-01
6.767961978912353516e-01
2.288828045129776001e-01
2.028670534491539001e-02
8.893799185752868652e-01
1.986592262983322144e-01
3.137359023094177246e-01
7.891287207603454590e-01
2.739266157150268555e-01
3.089203536510467529e-01
4.832736551761627197e-01
2.410059869289398193e-01
6.660838127136230469e-01
7.688117623329162598e-01
4.715927243232727051e-01
9.185634553432464600e-03
5.069376826286315918e-01
9.616207480430603027e-01
5.887035131454467773e-01
9.718327522277832031e-01
6.312197446823120117e-01
7.550410032272338867e-01
8.057305216789245605e-01
5.719149112701416016e-01
5.525124669075012207e-01
5.491710305213928223e-01
5.799688696861267090e-01
8.377879858016967773e-01
3.523865938186645508e-01
4.321327805519104004e-02
8.685749173164367676e-01
2.481217682361602783e-01
6.458413600921630859e-01
2.633051276206970215e-01
7.346136569976806641e-01
7.958502173423767090e-01
9.553876519203186035e-01
4.763128459453582764e-01
6.873880624771118164e-01
8.306678533554077148e-01
5.451215505599975586e-01
7.586422562599182129e-01
4.715927243232727051e-01
1.240664813667535782e-02
1.178779527544975281e-01
6.584200263023376465e-01
6.903510093688964844e-01
7.818402647972106934e-01
4.256719946861267090e-01
1.563391387462615967e-01
7.470660209655761719e-01
5.009595155715942383e-01
1.641402542591094971e-01
1.144168972969055176e-01
9.587462544441223145e-01
1.249525547027587891e-01
2.214494198560714722e-01
1.687702536582946777e-01
2.807630896568298340e-01
3.754378557205200195e-01
5.638626217842102051e-01
5.983965992927551270e-01
3.599978238344192505e-02
9.253594279289245605e-01
6.215025186538696289e-01
7.926473617553710938e-01
2.669350504875183105e-01
6.494057178497314453e-01
1.294189840555191040e-01
6.731891036033630371e-01
8.988776206970214844e-01
2.812972478568553925e-02
1.112313568592071533e-01
7.304338812828063965e-01
5.605010390281677246e-01
5.918074846267700195e-01
2.951644659042358398e-01
2.524185478687286377e-01
5.847644805908203125e-01
8.798266649246215820e-01
6.942406296730041504e-01
9.764538407325744629e-01
3.256151676177978516e-01
1.043191999197006226e-01
9.286550879478454590e-01
1.483547836542129517e-01
2.375277876853942871e-01
5.069376826286315918e-01
3.018302321434020996e-01
8.954303264617919922e-01
6.378637552261352539e-01
5.756314992904663086e-01
2.987498044967651367e-01
2.250702232122421265e-01
6.256046295166015625e-01
4.972431957721710205e-01
7.053601145744323730e-01
3.919753432273864746e-01
8.766255974769592285e-01
6.170586347579956055e-01
1.521800458431243896e-01
4.185204207897186279e-01
6.693989038467407227e-01
8.377875089645385742e-01
9.100500941276550293e-01
7.990038990974426270e-01
7.655636668205261230e-01
4.919650852680206299e-01
8.602456450462341309e-01
5.376742482185363770e-01
8.726499676704406738e-01
4.617217183113098145e-01
2.921727597713470459e-01
7.511612772941589355e-01
1.866603195667266846e-01
7.714723348617553711e-01
9.190746545791625977e-01
2.596839070320129395e-01
2.705710530281066895e-01
7.129518389701843262e-01
9.150818586349487305e-01
4.053921997547149658e-01
1.759230792522430420e-01
3.446215093135833740e-01
2.177677750587463379e-01
6.978615522384643555e-01
8.296966552734375000e-04
7.383616566658020020e-01
3.556205630302429199e-01
8.893797397613525391e-01
3.482596278190612793e-01
4.098348617553710938e-01
9.907138347625732422e-01
1.796819120645523071e-01
9.523005485534667969e-01
2.444903254508972168e-01
7.021230459213256836e-02
2.773638665676116943e-01
9.512862563133239746e-02
8.167993426322937012e-01
2.561193108558654785e-01
3.821328878402709961e-01
4.485611915588378906e-01
7.428609728813171387e-01
3.051161170005798340e-01
3.683219850063323975e-01
1.942284405231475830e-01
9.060876369476318359e-01
