9.862507581710815430e-01
9.074261784553527832e-01
5.149444937705993652e-01
3.715161979198455811e-02
2.058735638856887817e-01
3.483218252658843994e-01
3.748923540115356445e-01
7.929078936576843262e-01
2.659081220626831055e-01
2.287533730268478394e-01
4.754758179187774658e-01
8.980274796485900879e-01
7.535256743431091309e-01
5.892887711524963379e-01
1.596430391073226929e-01
9.789237976074218750e-01
7.494138181209564209e-02
8.789070695638656616e-02
5.037187337875366211e-01
4.399222731590270996e-01
7.280499339103698730e-01
4.054767787456512451e-01
9.349406361579895020e-01
3.403633236885070801e-01
8.296272158622741699e-01
5.216869339346885681e-02
7.236611843109130859e-01
7.122219800949096680e-01
1.251604855060577393e-01
3.163581192493438721e-01
8.403350114822387695e-01
2.493302822113037109e-01
2.321919053792953491e-01
3.639219105243682861e-01
3.829650282859802246e-01
4.257702231407165527e-01
2.886298298835754395e-01
4.293518364429473877e-01
6.582574248313903809e-01
7.730211615562438965e-01
9.661328196525573730e-01
5.930635333061218262e-01
7.327995896339416504e-01
5.556796193122863770e-01
4.474082291126251221e-01
6.384241580963134766e-01
4.963918328285217285e-01
3.128180503845214844e-01
1.350208371877670288e-01
5.559374764561653137e-02
7.446796298027038574e-01
3.577498495578765869e-01
6.356108188629150391e-01
6.052245497703552246e-01
6.523647904396057129e-01
5.750620961189270020e-01
2.018451243638992310e-01
6.085191965103149414e-01
6.272890567779541016e-01
1.663992553949356079e-01
3.788184523582458496e-01
3.911459445953369141e-01
5.475917458534240723e-01
5.321946144104003906e-01
2.915065586566925049e-01
9.978966712951660156e-01
5.321944355964660645e-01
1.835918724536895752e-01
7.774836421012878418e-01
9.901325702667236328e-01
7.579008936882019043e-01
8.602004051208496094e-01
9.537583589553833008e-01
9.750064015388488770e-01
8.150427341461181641e-01
6.272890567779541016e-01
1.098481863737106323e-01
1.754738390445709229e-01
6.972631812095642090e-01
3.268827497959136963e-01
1.419104784727096558e-01
7.409723997116088867e-01
4.358510971069335938e-01
6.760910898447036743e-02
3.681431114673614502e-01
7.620979547500610352e-01
8.220745325088500977e-01
9.702271819114685059e-01
1.025254875421524048e-01
2.535658776760101318e-01
3.519431352615356445e-01
5.976356267929077148e-01
6.896399259567260742e-01
6.416381597518920898e-01
4.099090695381164551e-01
7.960450053215026855e-01
1.625397056341171265e-01
6.378059089183807373e-02
1.941431662999093533e-03
5.427643656730651855e-01
2.842693328857421875e-01
6.784934997558593750e-01
5.673223137855529785e-01
3.230809271335601807e-01
1.316728442907333374e-01
1.970462203025817871e-01
1.286396086215972900e-01
4.086373746395111084e-02
3.196318745613098145e-01
2.418962419033050537e-01
2.455730587244033813e-01
2.359274588525295258e-02
6.857364177703857422e-01
6.617870926856994629e-01
4.176680743694305420e-01
2.980120778083801270e-01
2.710303477942943573e-02
5.713490843772888184e-01
6.935172080993652344e-01
5.073026418685913086e-01
6.551907658576965332e-01
7.084416151046752930e-01
8.705999851226806641e-01
7.368035316467285156e-01
5.519238710403442383e-01
4.615131914615631104e-01
1.501286625862121582e-01
9.565200209617614746e-01
8.258472084999084473e-01
8.073412179946899414e-01
2.250487059354782104e-01
4.546376168727874756e-01
3.983359932899475098e-01
2.774777114391326904e-01
3.577498495578765869e-01
4.019874036312103271e-01
8.186451196670532227e-01
3.871500492095947266e-01
4.462134093046188354e-02
4.139434695243835449e-01
8.823485374450683594e-01
1.170778498053550720e-01
9.382485151290893555e-01
8.493011593818664551e-01
2.181670814752578735e-01
8.449516892433166504e-01
7.200360894203186035e-01
1.212097108364105225e-01
4.585666358470916748e-01
8.932875990867614746e-01
3.710833191871643066e-01
3.314327895641326904e-01
9.282594919204711914e-01
3.944414258003234863e-01
4.868102073669433594e-01
3.049830347299575806e-02
6.016517281532287598e-01
5.004547238349914551e-01
5.637305974960327148e-01
9.415360689163208008e-01
8.894255161285400391e-01
3.446985185146331787e-01
3.403104096651077271e-02
4.832257628440856934e-01
6.326546669006347656e-01
6.207991242408752441e-01
9.177444577217102051e-01
8.032981753349304199e-01
8.329692482948303223e-01
1.936222799122333527e-02
1.387874931097030640e-01
2.353050857782363892e-01
7.899688184261322021e-02
1.801050603389739990e-01
8.362817764282226562e-01
9.579324722290039062e-02
2.774777114391326904e-01
3.006370961666107178e-01
1.918387115001678467e-01
7.659780383110046387e-01
5.936081334948539734e-02
1.268551871180534363e-02
4.790489375591278076e-01
5.786064267158508301e-01
5.194365978240966797e-01
9.317896366119384766e-01
6.820753812789916992e-01
9.028750061988830566e-01
9.928444027900695801e-02
2.953956127166748047e-01
4.219072461128234863e-01
9.199987351894378662e-02
4.713733792304992676e-01
5.595795512199401855e-01
6.658315658569335938e-01
5.321946144104003906e-01
2.566140890121459961e-01
7.488793134689331055e-01
8.667447566986083984e-01
4.329879283905029297e-01
6.743020415306091309e-01
1.567237637937068939e-02
9.243102073669433594e-01
6.167544126510620117e-01
4.513113200664520264e-01
4.432612955570220947e-01
2.659081220626831055e-01
9.826391935348510742e-01
5.857108235359191895e-01
2.659081220626831055e-01
8.530089855194091797e-01
7.865903973579406738e-01
8.743179440498352051e-01
7.893887758255004883e-01
7.044149637222290039e-01
8.857738375663757324e-01
5.844185128808021545e-03
1.060122177004814148e-01
2.733747959136962891e-01
7.161186337471008301e-01
4.930539429187774658e-01
8.780117034912109375e-01
9.627479910850524902e-01
3.364268243312835693e-01
1.133547201752662659e-01
2.099534869194030762e-01
2.133372724056243896e-01
4.900898933410644531e-01
5.222911238670349121e-01
7.690733671188354492e-01
9.177444577217102051e-01
2.382127493619918823e-01
7.996206879615783691e-01
1.559245288372039795e-01
6.700695753097534180e-01
5.108170509338378906e-01
1.708887964487075806e-01
5.407689213752746582e-01
4.809244722127914429e-02
6.121359467506408691e-01
1.525514274835586548e-01
4.679825007915496826e-01
1.873868405818939209e-01
8.632547855377197266e-01
7.012760043144226074e-01
9.594281911849975586e-01
9.528444148600101471e-03
9.938232898712158203e-01
2.222845256328582764e-01
8.567339181900024414e-01
5.823939442634582520e-01
8.343284577131271362e-02
7.115136086940765381e-02
8.112480640411376953e-01
9.108012914657592773e-01
4.648609161376953125e-01
