2.860628254711627960e-02
9.718185663223266602e-01
1.199029758572578430e-01
7.472798228263854980e-01
2.628629505634307861e-01
3.982737660408020020e-01
2.356072962284088135e-01
7.284542918205261230e-01
7.753874659538269043e-01
6.021895408630371094e-01
6.277058720588684082e-01
1.007950752973556519e-01
7.720397710800170898e-01
3.494644165039062500e-01
6.959719955921173096e-02
5.415243506431579590e-01
6.935640573501586914e-01
5.566463470458984375e-01
7.063019871711730957e-01
4.471793174743652344e-01
5.570983141660690308e-02
6.162744760513305664e-01
6.647419929504394531e-01
1.920609176158905029e-01
2.810668349266052246e-01
1.557450592517852783e-01
5.497437119483947754e-01
6.132961511611938477e-01
3.762541115283966064e-01
8.558150529861450195e-01
5.232093930244445801e-01
2.066544145345687866e-01
1.961193084716796875e-01
6.533716320991516113e-01
5.058980584144592285e-01
4.098754376173019409e-02
4.858172237873077393e-01
7.151618003845214844e-01
5.027912855148315430e-01
3.915064036846160889e-01
6.988918781280517578e-01
1.818574219942092896e-01
4.509845972061157227e-01
6.683946251869201660e-01
5.600967407226562500e-01
2.491309642791748047e-01
9.676373600959777832e-01
6.383424997329711914e-01
5.691106319427490234e-01
4.106478691101074219e-01
5.747447609901428223e-01
4.890566319227218628e-02
9.174493551254272461e-01
1.713387481868267059e-02
1.196556910872459412e-02
1.071092262864112854e-01
3.256909176707267761e-02
2.034676522016525269e-01
7.182157039642333984e-01
9.587152744643390179e-04
6.819204092025756836e-01
2.733604609966278076e-01
4.739938974380493164e-01
9.339998960494995117e-01
3.437277376651763916e-01
3.877713382244110107e-01
8.713908791542053223e-01
5.691106319427490234e-01
4.596909582614898682e-01
5.839340016245841980e-02
1.243787184357643127e-01
1.282353848218917847e-01
3.603051900863647461e-01
5.456498265266418457e-01
3.941328227519989014e-01
2.979846894741058350e-01
1.374599784612655640e-01
6.878382563591003418e-01
8.675127029418945312e-01
8.216108083724975586e-01
5.957453250885009766e-01
4.903920292854309082e-01
9.901264309883117676e-01
4.819283187389373779e-01
3.369506299495697021e-01
1.995953172445297241e-01
2.169662266969680786e-01
4.663926064968109131e-01
3.144299983978271484e-01
7.887281775474548340e-01
1.374599784612655640e-01
2.207333892583847046e-01
4.408381581306457520e-01
3.682382404804229736e-02
2.509366720914840698e-02
3.021519482135772705e-01
3.100171089172363281e-01
9.266971349716186523e-01
3.819829821586608887e-01
7.839707136154174805e-01
7.652445435523986816e-01
7.506772279739379883e-01
4.946355223655700684e-01
7.443569302558898926e-01
4.203747510910034180e-01
8.258332610130310059e-01
3.399726152420043945e-01
7.536287903785705566e-01
2.319762706756591797e-01
7.794666886329650879e-01
4.286964833736419678e-01
2.102929949760437012e-01
4.244469106197357178e-01
8.632370233535766602e-01
1.169735789299011230e-01
2.528905272483825684e-01
4.172082543373107910e-01
9.380473494529724121e-01
7.112534642219543457e-01
8.442730903625488281e-01
3.062997460365295410e-01
2.877256274223327637e-01
7.444028276950120926e-03
5.379983782768249512e-01
8.906207084655761719e-01
3.223399221897125244e-01
9.460765719413757324e-01
1.071092262864112854e-01
2.138606607913970947e-01
8.400768637657165527e-01
2.563583850860595703e-01
6.383424997329711914e-01
9.418832063674926758e-01
2.942132651805877686e-01
1.855377256870269775e-01
7.270027697086334229e-02
9.050084948539733887e-01
1.475238502025604248e-01
3.334623277187347412e-01
6.756188869476318359e-01
6.326625347137451172e-01
8.365616798400878906e-01
7.024518251419067383e-01
9.220615029335021973e-01
9.671240299940109253e-02
3.185306787490844727e-01
8.144826292991638184e-01
3.259733021259307861e-01
6.051062941551208496e-01
4.439006745815277100e-01
8.088787794113159180e-01
6.571672558784484863e-01
6.722938418388366699e-01
2.698268592357635498e-01
5.841515064239501953e-01
5.339785814285278320e-01
5.922177433967590332e-01
2.242859005928039551e-01
2.877256274223327637e-01
1.624897420406341553e-01
5.841515064239501953e-01
1.136675328016281128e-01
1.662668734788894653e-01
5.636388063430786133e-01
8.753111362457275391e-01
9.794547557830810547e-01
8.810695409774780273e-01
9.169092774391174316e-02
3.304160535335540771e-01
3.687447309494018555e-01
6.935640573501586914e-01
9.759532213211059570e-01
5.527924895286560059e-01
8.934563398361206055e-01
2.463200390338897705e-01
8.484739065170288086e-01
1.316706985235214233e-01
4.697273969650268555e-01
4.368580579757690430e-01
8.789169043302536011e-02
6.242145299911499023e-01
6.090072393417358398e-01
5.230803042650222778e-02
9.614225029945373535e-01
7.330423593521118164e-01
4.986948668956756592e-01
7.214991450309753418e-01
7.964868843555450439e-02
6.208776235580444336e-01
6.844606995582580566e-01
3.649391829967498779e-01
9.938945770263671875e-01
7.375041842460632324e-01
9.087033271789550781e-01
1.885285675525665283e-01
7.684913873672485352e-01
7.922552227973937988e-01
9.832044243812561035e-01
8.289111256599426270e-01
9.548552632331848145e-01
8.088787794113159180e-01
5.780698657035827637e-01
2.426915764808654785e-01
3.494644463062286377e-01
7.410365939140319824e-01
9.139657020568847656e-01
4.138221442699432373e-01
4.630447030067443848e-01
4.328964352607727051e-01
7.958047986030578613e-01
1.587496697902679443e-01
8.810695409774780273e-01
4.555098116397857666e-01
6.488554477691650391e-01
5.268200635910034180e-01
3.902790369465947151e-03
8.030651807785034180e-01
7.990686297416687012e-01
8.329940438270568848e-01
8.522764444351196289e-01
3.722703754901885986e-01
9.510179162025451660e-01
1.779884546995162964e-01
9.306093454360961914e-01
6.446338891983032227e-01
1.519107222557067871e-01
7.247826457023620605e-01
2.279478162527084351e-01
5.891287922859191895e-01
6.788947582244873047e-01
4.506123065948486328e-02
2.773592472076416016e-01
9.614225029945373535e-01
6.614080667495727539e-01
8.187421560287475586e-01
5.102686882019042969e-01
9.976012110710144043e-01
2.133700996637344360e-02
8.866422772407531738e-01
7.619079947471618652e-02
1.743778437376022339e-01
5.205717086791992188e-01
2.599647641181945801e-01
3.559800386428833008e-01
2.666042745113372803e-01
3.819829821586608887e-01
5.983390212059020996e-01
8.359931409358978271e-02
1.442911028861999512e-01
2.398985028266906738e-01
9.863120317459106445e-01
5.304291248321533203e-01
9.010743498802185059e-01
4.784442782402038574e-01
8.594104051589965820e-01
4.015441834926605225e-01
