6.903631985187530518e-02
2.302217930555343628e-01
5.690557360649108887e-01
5.955765843391418457e-01
1.900353878736495972e-01
4.637796282768249512e-01
9.111487865447998047e-01
8.335114717483520508e-01
5.782199501991271973e-01
1.702010929584503174e-01
5.222443938255310059e-01
3.622508049011230469e-01
8.208538889884948730e-01
3.121995329856872559e-01
5.407537221908569336e-01
2.111784070730209351e-01
3.686819598078727722e-02
9.337489306926727295e-02
3.064558207988739014e-01
5.190115571022033691e-01
6.156994104385375977e-01
4.116649627685546875e-01
8.173598647117614746e-01
4.637796282768249512e-01
8.370550870895385742e-01
8.504571318626403809e-01
6.470985412597656250e-01
9.346183538436889648e-01
3.341412246227264404e-01
7.488633990287780762e-01
3.181161582469940186e-01
7.769896984100341797e-01
9.703212380409240723e-01
2.473208010196685791e-01
5.471670031547546387e-01
1.148756369948387146e-01
7.876107096672058105e-01
9.475611448287963867e-01
2.599903643131256104e-01
2.562078535556793213e-01
8.660652041435241699e-01
5.878845453262329102e-01
3.261500895023345947e-01
4.278910160064697266e-02
8.918505907058715820e-01
4.430896639823913574e-01
2.679373919963836670e-01
2.019515484571456909e-01
1.853242665529251099e-01
6.791971325874328613e-01
9.073059558868408203e-01
9.555903077125549316e-01
1.355029642581939697e-01
9.010774493217468262e-01
9.267756342887878418e-01
6.573984622955322266e-01
3.064554929733276367e-01
3.463987410068511963e-01
7.641044855117797852e-01
8.247577548027038574e-01
2.953383028507232666e-01
3.383642137050628662e-01
7.018938660621643066e-01
6.907850503921508789e-01
3.982788324356079102e-01
1.148756518959999084e-01
6.434683203697204590e-01
2.969148382544517517e-02
7.842349410057067871e-01
7.911830544471740723e-01
4.705609381198883057e-01
4.894820749759674072e-01
6.537663936614990234e-01
5.717750191688537598e-01
7.407411932945251465e-01
4.547429084777832031e-01
7.557678618468344212e-04
9.896793365478515625e-01
5.989086627960205078e-01
2.094787918031215668e-02
2.049638032913208008e-01
2.431841343641281128e-01
1.092151403427124023e-01
3.921145498752593994e-01
7.731170058250427246e-01
1.813102811574935913e-01
9.685072302818298340e-02
9.866230487823486328e-01
4.643665999174118042e-02
5.016625300049781799e-02
6.733790040016174316e-01
3.340840712189674377e-02
2.770246267318725586e-01
4.469109475612640381e-01
2.396501898765563965e-01
6.197801232337951660e-01
6.503526568412780762e-01
4.237741231918334961e-01
8.583376407623291016e-01
9.971324205398559570e-01
7.682178616523742676e-01
7.568534016609191895e-01
5.057891607284545898e-01
8.099452257156372070e-01
9.521754384040832520e-01
2.140969634056091309e-01
7.039742469787597656e-01
3.223322629928588867e-01
3.785955905914306641e-01
9.434347152709960938e-01
1.239534988999366760e-01
1.443449854850769043e-01
1.343985181301832199e-02
6.791978478431701660e-01
3.821189105510711670e-01
8.024488091468811035e-01
8.540056943893432617e-01
1.047390550374984741e-01
2.544934116303920746e-02
5.825386643409729004e-01
9.387750625610351562e-01
6.644481420516967773e-02
3.677506446838378906e-01
2.224337160587310791e-01
7.127436399459838867e-01
3.497720360755920410e-01
5.382729172706604004e-01
1.403989642858505249e-01
2.722121775150299072e-01
1.704021543264389038e-02
5.341086983680725098e-01
7.805615067481994629e-01
8.786130547523498535e-01
1.655349731445312500e-01
4.312424957752227783e-01
4.158570170402526855e-01
9.829540252685546875e-01
2.634679079055786133e-01
3.576447665691375732e-01
3.751347064971923828e-01
9.188299179077148438e-01
1.271399259567260742e-01
3.970669955015182495e-02
2.260199338197708130e-01
1.578443348407745361e-01
3.301252424716949463e-01
7.371351718902587891e-01
8.755946159362792969e-01
2.809772789478302002e-01
7.629198580980300903e-02
7.604265809059143066e-01
8.726793527603149414e-01
6.907850503921508789e-01
4.930508732795715332e-01
8.606902509927749634e-02
5.530840717256069183e-03
5.658885836601257324e-01
7.945396304130554199e-01
3.677504658699035645e-01
4.278056025505065918e-01
5.593402981758117676e-01
2.523832619190216064e-01
4.787911474704742432e-01
4.745699763298034668e-01
5.503633022308349609e-01
8.626266717910766602e-01
6.012223660945892334e-02
5.009968280792236328e-01
4.818342328071594238e-01
5.918690562248229980e-01
4.508393704891204834e-01
3.539412617683410645e-01
2.079333961009979248e-01
4.080281853675842285e-01
1.778445988893508911e-01
9.303649663925170898e-01
1.541793048381805420e-01
4.349837005138397217e-01
6.254271268844604492e-01
6.650825738906860352e-01
6.309685111045837402e-01
9.010873734951019287e-02
5.439174771308898926e-01
4.390457868576049805e-01
7.340366840362548828e-01
2.992765903472900391e-01
1.949137449264526367e-01
9.626518487930297852e-01
1.204289123415946960e-01
7.979726195335388184e-01
2.879072129726409912e-01
5.284378528594970703e-01
8.819558620452880859e-01
6.035019159317016602e-01
8.980069160461425781e-01
7.068568468093872070e-01
6.333955377340316772e-02
2.914993464946746826e-01
4.969733655452728271e-01
5.143364071846008301e-01
1.471206098794937134e-01
7.248679399490356445e-01
4.199042618274688721e-01
2.844103574752807617e-01
6.254271268844604492e-01
7.201018184423446655e-02
6.393621563911437988e-01
8.947902917861938477e-01
2.331609278917312622e-01
8.694955110549926758e-01
3.951517641544342041e-01
6.349995136260986328e-01
9.660149216651916504e-01
6.125244498252868652e-01
7.530654072761535645e-01
4.584170579910278320e-01
1.986184418201446533e-01
2.360140234231948853e-01
6.975540518760681152e-01
7.097737789154052734e-01
3.721594810485839844e-01
7.311949133872985840e-01
5.625221729278564453e-01
8.136414885520935059e-01
7.279894351959228516e-01
9.786704555153846741e-03
6.697499155998229980e-01
9.039750099182128906e-01
9.148032069206237793e-01
1.614599376916885376e-01
3.427865803241729736e-01
9.230698347091674805e-01
8.443145751953125000e-01
1.505689173936843872e-01
9.752159714698791504e-01
6.612780094146728516e-01
9.789026379585266113e-01
1.008831709623336792e-01
8.285050988197326660e-01
8.443145751953125000e-01
4.012046456336975098e-01
8.081237971782684326e-02
7.446321845054626465e-01
3.157541155815124512e-01
1.312145888805389404e-01
5.284376144409179688e-01
1.743298619985580444e-01
6.848259568214416504e-01
4.857337772846221924e-01
5.107815861701965332e-01
6.082357168197631836e-01
5.751808285713195801e-01
8.066692948341369629e-01
4.041877388954162598e-01
9.933739304542541504e-01
9.589321613311767578e-01
