1.647320985794067383e-01
2.249680310487747192e-01
6.887463927268981934e-01
5.986606478691101074e-01
3.244549334049224854e-01
1.804644614458084106e-02
7.192615866661071777e-01
8.900937438011169434e-02
6.582928895950317383e-01
1.746735274791717529e-01
5.174654722213745117e-01
5.504808425903320312e-01
9.863679409027099609e-01
7.095046639442443848e-01
4.079997837543487549e-01
3.442263901233673096e-01
2.355054616928100586e-01
9.001670479774475098e-01
9.368715286254882812e-01
3.576806783676147461e-01
7.768339663743972778e-02
3.159461319446563721e-01
9.786872863769531250e-01
8.766473531723022461e-01
8.638859391212463379e-01
2.425917387008666992e-01
4.645067453384399414e-01
2.029743343591690063e-01
2.668404281139373779e-01
9.642974734306335449e-01
1.921437680721282959e-01
2.943178266286849976e-02
9.150587916374206543e-01
3.059048652648925781e-01
3.646599948406219482e-01
1.715573072433471680e-01
5.657331943511962891e-01
9.339596033096313477e-01
4.500566124916076660e-01
7.156282067298889160e-01
7.315303087234497070e-01
6.993290185928344727e-01
6.661791205406188965e-01
8.137116432189941406e-01
4.114377498626708984e-01
1.850794106721878052e-01
3.607054948806762695e-01
2.324480712413787842e-01
9.751147031784057617e-01
3.124121129512786865e-01
1.112191006541252136e-01
7.600343227386474609e-01
9.599006175994873047e-02
2.517821192741394043e-01
5.871443152427673340e-01
4.836291074752807617e-01
2.870935797691345215e-01
6.413728594779968262e-01
2.289690673351287842e-01
3.401859104633331299e-01
5.975307524204254150e-02
2.109988480806350708e-01
6.341896057128906250e-01
5.015838146209716797e-01
3.542077541351318359e-01
6.958930492401123047e-01
1.453203428536653519e-02
9.200699627399444580e-02
8.682595491409301758e-01
5.163459479808807373e-02
4.404891729354858398e-01
9.048876762390136719e-01
6.021420359611511230e-01
3.472904562950134277e-01
4.949207976460456848e-02
2.770971953868865967e-01
4.456267654895782471e-01
4.689312577247619629e-01
9.608482718467712402e-01
6.302784681320190430e-01
8.597618937492370605e-01
4.317485913634300232e-02
8.724833130836486816e-01
1.179996728897094727e-01
6.582491844892501831e-02
6.796509027481079102e-01
8.178780078887939453e-01
4.877040982246398926e-01
3.728446066379547119e-01
8.523985147476196289e-01
1.473308056592941284e-01
2.906928062438964844e-01
5.288398861885070801e-01
1.814036369323730469e-01
8.561554551124572754e-01
8.828816413879394531e-01
3.025994598865509033e-01
9.570549130439758301e-01
2.803651094436645508e-01
1.521415561437606812e-01
8.370790481567382812e-01
7.849543690681457520e-01
9.305359721183776855e-01
6.616044640541076660e-01
6.054131388664245605e-01
3.730139508843421936e-02
2.470190227031707764e-01
7.665939331054687500e-01
5.975226685404777527e-02
8.295132517814636230e-01
9.266342520713806152e-01
6.448767781257629395e-01
2.154981940984725952e-01
6.703662872314453125e-01
7.389172911643981934e-01
5.253766775131225586e-01
6.553825456649065018e-03
4.729185402393341064e-01
9.820831418037414551e-01
7.059718370437622070e-01
7.535070180892944336e-01
2.840239703655242920e-01
6.841352581977844238e-01
1.147395297884941101e-01
2.167934551835060120e-02
4.802329540252685547e-01
8.483968377113342285e-01
1.889424026012420654e-01
8.099086284637451172e-01
9.950941205024719238e-01
5.579702854156494141e-01
5.618873834609985352e-01
2.632230520248413086e-01
4.229462444782257080e-01
9.112551808357238770e-01
5.398992300033569336e-01
1.991008222103118896e-01
2.202363908290863037e-01
5.546616315841674805e-01
6.379731893539428711e-01
3.687948584556579590e-01
1.401150226593017578e-01
5.695629119873046875e-01
6.848330050706863403e-02
5.960770845413208008e-01
4.603769481182098389e-01
1.437912136316299438e-01
6.921403408050537109e-01
1.957861483097076416e-01
1.285622268915176392e-01
6.511701941490173340e-01
5.210711359977722168e-01
3.513514101505279541e-01
3.363739550113677979e-01
7.476828098297119141e-01
5.329740643501281738e-01
4.319851994514465332e-01
4.944801628589630127e-01
7.354453206062316895e-01
4.358363449573516846e-01
9.989176988601684570e-01
2.560692429542541504e-01
9.948121011257171631e-02
8.061252832412719727e-01
5.776079893112182617e-01
6.199500560760498047e-01
5.434607863426208496e-01
7.476828098297119141e-01
3.774455487728118896e-01
5.846684575080871582e-01
2.964583039283752441e-01
5.363479256629943848e-01
8.866513371467590332e-01
7.423098087310791016e-01
3.863423466682434082e-01
5.738213658332824707e-01
7.982144951820373535e-01
8.524671941995620728e-02
6.232566237449645996e-01
8.262627124786376953e-01
4.317478835582733154e-02
1.614024341106414795e-01
6.157956719398498535e-01
4.006083309650421143e-01
9.537193179130554199e-01
7.808620929718017578e-01
7.948482036590576172e-01
8.906967043876647949e-01
8.802203536033630371e-01
5.137358903884887695e-01
5.809774994850158691e-01
7.022555470466613770e-01
7.572865486145019531e-01
3.326469957828521729e-01
2.584205009043216705e-03
7.771967649459838867e-01
4.766584336757659912e-01
3.909055590629577637e-01
8.437079787254333496e-01
5.096330642700195312e-01
2.070846259593963623e-01
3.290402516722679138e-02
7.633874416351318359e-01
9.086005091667175293e-01
4.047411382198333740e-01
6.108897924423217773e-01
9.407314062118530273e-01
7.274731397628784180e-01
9.001670479774475098e-01
4.979355037212371826e-01
6.749356985092163086e-01
8.328986167907714844e-01
2.596666216850280762e-01
9.506669640541076660e-01
1.575219780206680298e-01
7.231896519660949707e-01
9.440750479698181152e-01
3.089590668678283691e-01
7.874051332473754883e-01
1.059293933212757111e-02
5.056425333023071289e-01
8.175845444202423096e-02
7.695070505142211914e-01
3.963229060173034668e-01
4.289188683032989502e-01
1.328552663326263428e-01
3.286445736885070801e-01
5.467368364334106445e-01
7.127557396888732910e-01
9.678902029991149902e-01
9.183688759803771973e-01
6.108897924423217773e-01
4.573494195938110352e-01
8.027997016906738281e-01
4.254483580589294434e-01
1.212268397212028503e-01
1.250318288803100586e-01
2.615198306739330292e-02
2.964583039283752441e-01
1.364587992429733276e-01
7.734956741333007812e-01
4.537831544876098633e-01
8.225598335266113281e-01
2.387677431106567383e-01
6.511701941490173340e-01
3.200578093528747559e-01
9.713223576545715332e-01
3.813378512859344482e-01
9.907954931259155273e-01
1.683233529329299927e-01
1.076375693082809448e-01
5.905091166496276855e-01
4.906796514987945557e-01
9.230210781097412109e-01
1.777866482734680176e-01
7.293505966663360596e-02
