1.336497720330953598e-02
5.587888360023498535e-01
3.495846092700958252e-01
5.023269057273864746e-01
4.833879172801971436e-01
6.078220605850219727e-01
7.903207540512084961e-01
8.826579451560974121e-01
5.223110318183898926e-02
3.263344466686248779e-01
8.158190846443176270e-01
1.726488023996353149e-01
9.934867620468139648e-01
6.615375280380249023e-01
8.859496116638183594e-01
8.514937162399291992e-01
4.668112993240356445e-01
3.799640834331512451e-01
1.016434878110885620e-01
8.090602755546569824e-01
6.446917057037353516e-01
9.075999855995178223e-01
1.379552185535430908e-01
8.715354800224304199e-01
9.218802452087402344e-01
2.798399031162261963e-01
9.628483057022094727e-01
5.747389793395996094e-01
7.691476345062255859e-01
9.747560620307922363e-01
8.270729780197143555e-01
1.735747791826725006e-02
2.483428865671157837e-01
1.440730243921279907e-01
8.122137784957885742e-01
1.187684759497642517e-01
8.218325376510620117e-01
7.038055062294006348e-01
8.586943149566650391e-01
6.908289194107055664e-01
6.509666144847869873e-02
9.461377263069152832e-01
1.337721347808837891e-01
3.637252748012542725e-01
2.869708240032196045e-01
3.228441253304481506e-02
7.733984291553497314e-02
7.439067959785461426e-01
3.954934328794479370e-02
4.430148005485534668e-01
5.066213607788085938e-01
6.659754514694213867e-01
4.076582789421081543e-01
5.940889120101928711e-01
6.510207653045654297e-01
4.879479110240936279e-01
2.518441379070281982e-01
3.833785653114318848e-01
8.793172240257263184e-01
2.302819192409515381e-01
3.867438137531280518e-01
5.527114272117614746e-01
3.753584325313568115e-01
7.180944681167602539e-01
4.042340815067291260e-01
7.603079080581665039e-01
3.934621512889862061e-01
7.549012899398803711e-01
5.587888360023498535e-01
6.797430515289306641e-01
6.580399870872497559e-01
2.768079936504364014e-01
3.022003769874572754e-01
9.409032464027404785e-01
9.866093993186950684e-01
7.455170899629592896e-02
4.981110095977783203e-01
5.812826752662658691e-01
6.544821858406066895e-01
3.217476606369018555e-01
9.356045126914978027e-01
4.506441950798034668e-02
1.688912808895111084e-01
2.392602264881134033e-01
6.446917057037353516e-01
2.154455035924911499e-01
1.485210657119750977e-01
9.897820353507995605e-01
5.201885700225830078e-01
7.945873141288757324e-01
8.750444278120994568e-03
6.249369978904724121e-01
6.044660806655883789e-01
4.178444743156433105e-01
2.589196562767028809e-01
3.178617358207702637e-01
5.487760901451110840e-01
1.566784083843231201e-01
8.553079962730407715e-01
5.685260891914367676e-02
6.380355358123779297e-01
3.968330919742584229e-01
9.712857007980346680e-01
1.649889647960662842e-01
2.342159599065780640e-01
1.255708336830139160e-01
8.310139179229736328e-01
9.324749708175659180e-01
1.972722858190536499e-01
9.486404806375503540e-02
2.984023094177246094e-01
2.271574288606643677e-01
2.192275524139404297e-01
3.954934328794479370e-02
3.571045994758605957e-01
4.403446614742279053e-01
9.174582362174987793e-02
6.833927035331726074e-01
6.213402152061462402e-01
1.219143718481063843e-01
9.824149012565612793e-01
9.189000725746154785e-01
4.914148151874542236e-01
6.919390871189534664e-04
4.722222387790679932e-01
8.674556016921997070e-01
5.278306603431701660e-01
6.732811927795410156e-01
1.767131686210632324e-01
3.389511108398437500e-01
7.862834930419921875e-01
8.923140764236450195e-01
3.604184091091156006e-01
4.218219816684722900e-01
6.693524122238159180e-01
7.821136713027954102e-01
2.048413753509521484e-01
2.451104372739791870e-01
8.346073031425476074e-01
1.408930122852325439e-01
3.709695339202880859e-01
8.421135544776916504e-01
4.942856132984161377e-01
6.124385595321655273e-01
9.538252353668212891e-01
7.338664531707763672e-01
3.090877234935760498e-01
2.624210417270660400e-01
5.908952355384826660e-01
4.643575288355350494e-03
2.944228351116180420e-01
8.471743464469909668e-01
9.587937593460083008e-01
5.451938509941101074e-01
2.231137454509735107e-01
1.527402997016906738e-01
3.059042692184448242e-01
5.318014025688171387e-01
2.078031599521636963e-01
4.516046941280364990e-01
9.109030365943908691e-01
7.393231391906738281e-01
4.813280329108238220e-02
7.772801518440246582e-01
2.658304274082183838e-01
6.951738595962524414e-01
9.970324039459228516e-01
1.886131167411804199e-01
1.060656681656837463e-01
9.781633615493774414e-01
3.899665474891662598e-01
8.218325376510620117e-01
1.607970148324966431e-01
3.537572026252746582e-01
6.284684538841247559e-01
1.809749305248260498e-01
1.154671460390090942e-01
2.118083387613296509e-01
5.412552356719970703e-01
4.331906735897064209e-01
6.332769393920898438e-01
9.409034252166748047e-01
7.655086517333984375e-01
7.985675334930419922e-01
7.264165878295898438e-01
4.602050185203552246e-01
9.496130347251892090e-01
4.364831447601318359e-01
5.775936841964721680e-01
1.108349263668060303e-01
7.074472904205322266e-01
4.471430778503417969e-01
7.603078484535217285e-01
4.006993472576141357e-01
7.161908596754074097e-02
5.371872186660766602e-01
5.713014006614685059e-01
9.148577451705932617e-01
2.555611729621887207e-01
9.002786874771118164e-01
6.763074994087219238e-01
5.120046138763427734e-01
1.301246732473373413e-01
7.102231383323669434e-01
2.904143333435058594e-01
2.730402052402496338e-01
2.833095490932464600e-01
6.007775068283081055e-01
3.670849800109863281e-01
7.393231391906738281e-01
3.133048117160797119e-01
8.752980232238769531e-01
3.425143063068389893e-01
4.722222387790679932e-01
4.247688353061676025e-01
6.171073913574218750e-01
9.668562412261962891e-01
9.290322065353393555e-01
3.303620517253875732e-01
1.852175593376159668e-01
7.140333652496337891e-01
4.110783934593200684e-01
7.728190422058105469e-01
8.897978067398071289e-01
4.145919978618621826e-01
2.787833847105503082e-02
7.220382094383239746e-01
2.096208371222019196e-02
5.647985339164733887e-01
5.120046138763427734e-01
5.685358643531799316e-01
6.869609951972961426e-01
2.695530652999877930e-01
6.123142689466476440e-02
6.996124982833862305e-01
3.465498089790344238e-01
7.299214005470275879e-01
9.032427668571472168e-01
5.973541140556335449e-01
4.794180393218994141e-01
8.627925515174865723e-01
2.392602264881134033e-01
2.417882159352302551e-02
8.060137033462524414e-01
5.235702395439147949e-01
6.852630525827407837e-02
9.787464141845703125e-02
9.256341457366943359e-01
3.351946771144866943e-01
8.382994532585144043e-01
1.922033429145812988e-01
8.890718966722488403e-02
8.029931187629699707e-01
5.170375108718872070e-01
4.636526703834533691e-01
4.552392363548278809e-01
