4.056698977947235107e-01
3.475465774536132812e-01
8.953858613967895508e-01
1.904501393437385559e-02
8.749305456876754761e-02
1.070104390382766724e-01
6.563311815261840820e-01
4.542130231857299805e-01
6.633648872375488281e-01
9.108890295028686523e-01
4.875923395156860352e-01
7.053026556968688965e-01
4.509955048561096191e-01
8.704466819763183594e-01
7.523775100708007812e-01
9.050927758216857910e-01
6.439256072044372559e-01
9.301300644874572754e-01
6.205967068672180176e-01
4.296770393848419189e-01
7.124152779579162598e-01
2.908318340778350830e-01
1.527943015098571777e-01
9.753438234329223633e-01
3.331167399883270264e-01
6.482257843017578125e-01
3.874957561492919922e-02
3.841902911663055420e-01
8.883780241012573242e-01
4.740655049681663513e-02
7.669085264205932617e-01
1.456738263368606567e-01
7.347787618637084961e-01
7.887961864471435547e-01
7.201225757598876953e-01
5.510429665446281433e-02
6.672425270080566406e-01
6.254858374595642090e-01
3.724318146705627441e-01
3.155347108840942383e-01
1.133982613682746887e-01
4.798375666141510010e-01
2.233436554670333862e-01
9.632359147071838379e-01
1.889314800500869751e-01
1.175259724259376526e-01
9.596328139305114746e-01
1.992516964673995972e-01
9.675768017768859863e-01
9.072921276092529297e-01
6.765924096107482910e-01
3.645328283309936523e-01
1.519790384918451309e-02
5.693231821060180664e-01
7.928327918052673340e-01
2.826989889144897461e-01
6.811516880989074707e-01
7.280330657958984375e-01
7.435426861047744751e-02
1.557906121015548706e-01
5.111032128334045410e-01
1.817017495632171631e-01
5.118243023753166199e-02
7.699075341224670410e-01
3.465541079640388489e-02
3.252359032630920410e-01
7.968015670776367188e-01
7.090730667114257812e-01
4.327548146247863770e-01
5.942164063453674316e-01
7.447193861007690430e-01
4.190830588340759277e-01
3.515743911266326904e-01
9.330762028694152832e-01
3.060883283615112305e-02
2.783235907554626465e-01
5.376443862915039062e-01
3.801271915435791016e-01
8.467434644699096680e-01
8.581089377403259277e-01
2.353398799896240234e-01
5.650808811187744141e-01
6.093506217002868652e-01
6.031325459480285645e-01
2.656091190874576569e-02
5.612628459930419922e-01
3.186566531658172607e-01
6.333526372909545898e-01
1.343557983636856079e-01
4.616815447807312012e-01
4.362827241420745850e-01
7.633219957351684570e-01
2.675074636936187744e-01
3.686947226524353027e-01
8.229120969772338867e-01
1.043789461255073547e-01
1.268594115972518921e-01
1.774097084999084473e-01
6.297274231910705566e-01
2.275750935077667236e-01
7.165467739105224609e-01
2.194152921438217163e-01
8.658181428909301758e-01
9.398692846298217773e-01
4.023339748382568359e-01
5.194782614707946777e-01
9.790722727775573730e-01
9.484013319015502930e-01
3.288993239402770996e-01
3.882170617580413818e-01
4.439096450805664062e-01
1.456738263368606567e-01
8.746455907821655273e-01
1.954881548881530762e-01
5.540486574172973633e-01
8.034509420394897461e-01
7.483885884284973145e-01
3.920392990112304688e-01
5.769344568252563477e-01
2.029900252819061279e-01
5.415127277374267578e-01
5.733046531677246094e-01
5.578221082687377930e-01
2.870646417140960693e-01
4.264158606529235840e-01
9.524825215339660645e-01
1.705580949783325195e-01
1.918548643589019775e-01
9.266408085823059082e-01
4.088768959045410156e-01
6.289888173341751099e-02
8.377385139465332031e-01
5.280398726463317871e-01
5.075557231903076172e-01
6.602134108543395996e-01
1.100910827517509460e-01
9.237778782844543457e-01
7.736132144927978516e-01
5.883844569325447083e-02
5.805598497390747070e-01
4.917216598987579346e-01
9.361314773559570312e-01
9.017839431762695312e-01
9.862079620361328125e-01
8.779794573783874512e-01
7.849319577217102051e-01
7.007604241371154785e-01
8.189634084701538086e-01
8.504261374473571777e-01
4.398205578327178955e-01
9.901808500289916992e-01
1.642699688673019409e-01
4.476105272769927979e-01
3.117534220218658447e-01
6.882341504096984863e-01
9.560658931732177734e-01
5.311124324798583984e-01
1.306269019842147827e-01
4.226407110691070557e-01
4.580163955688476562e-01
5.000600218772888184e-01
7.561672925949096680e-01
6.061491966247558594e-01
7.379415631294250488e-01
3.033619821071624756e-01
2.314389050006866455e-01
7.791531085968017578e-01
8.119531720876693726e-02
8.278873562812805176e-01
2.077131867408752441e-01
3.762159347534179688e-01
4.113505184650421143e-01
2.488098740577697754e-01
2.985307872295379639e-01
2.739141881465911865e-01
3.994041979312896729e-01
5.343677401542663574e-01
5.240591168403625488e-01
2.160989195108413696e-01
3.600915968418121338e-01
3.078119158744812012e-01
2.384638637304306030e-01
7.791531085968017578e-01
2.125257849693298340e-01
1.642699688673019409e-01
3.556163907051086426e-01
5.459344387054443359e-01
4.958380758762359619e-01
8.071591854095458984e-01
2.606747150421142578e-01
1.746142655611038208e-01
7.887225598096847534e-03
3.442912995815277100e-01
9.438765645027160645e-01
5.834967494010925293e-01
2.704301774501800537e-01
9.717915654182434082e-01
6.716191768646240234e-01
7.410556674003601074e-01
1.143847126513719559e-02
8.158676028251647949e-01
6.917397379875183105e-01
2.422882765531539917e-01
2.290822938084602356e-02
3.408360779285430908e-01
6.402705907821655273e-01
5.501173734664916992e-01
7.771388441324234009e-02
2.638769149780273438e-01
7.997649908065795898e-01
6.848513484001159668e-01
5.868585705757141113e-01
7.306945919990539551e-01
7.602761387825012207e-01
4.835089147090911865e-01
6.121851801872253418e-01
9.940009117126464844e-01
3.369683921337127686e-01
2.942590415477752686e-01
7.043851166963577271e-02
6.694652885198593140e-02
1.591219455003738403e-01
5.905146002769470215e-01
5.040754079818725586e-01
3.956069052219390869e-01
8.618391752243041992e-01
6.158817410469055176e-01
8.457313477993011475e-02
1.374884396791458130e-01
9.827026128768920898e-01
8.426277637481689453e-01
8.910503238439559937e-04
5.150195956230163574e-01
1.221694126725196838e-01
4.403984174132347107e-03
9.727256000041961670e-02
8.846175670623779297e-01
9.141941070556640625e-01
6.524076461791992188e-01
4.754672646522521973e-01
8.544563651084899902e-01
4.308433085680007935e-02
6.367801427841186523e-01
8.109210133552551270e-01
4.707196354866027832e-01
6.961948871612548828e-01
1.009979769587516785e-01
8.335093855857849121e-01
2.457946091890335083e-01
8.811151385307312012e-01
4.654616415500640869e-01
9.977732300758361816e-01
1.849176734685897827e-01
8.953858613967895508e-01
3.219568729400634766e-01
8.278873562812805176e-01
