9.538487792015075684e-01
5.835958719253540039e-01
1.781120598316192627e-01
1.565201133489608765e-01
4.849806129932403564e-01
8.694930374622344971e-02
7.506368756294250488e-01
2.128949910402297974e-01
4.329293966293334961e-01
3.056698441505432129e-01
2.994236052036285400e-01
3.830181360244750977e-01
3.140364289283752441e-01
8.904510140419006348e-01
9.610919952392578125e-01
8.596338033676147461e-01
5.034901499748229980e-01
3.502904996275901794e-02
2.199795246124267578e-01
5.430538654327392578e-01
2.010720819234848022e-01
5.871925354003906250e-01
8.741219639778137207e-01
3.796885311603546143e-01
1.702517122030258179e-01
2.092455625534057617e-01
1.000466383993625641e-02
4.108165204524993896e-01
7.687191665172576904e-02
6.350789070129394531e-01
7.386085391044616699e-01
2.401884794235229492e-01
1.303250938653945923e-01
9.203881025314331055e-01
6.084688305854797363e-01
1.967700123786926270e-01
6.360272318124771118e-02
7.550313472747802734e-01
8.478007316589355469e-01
1.194556877017021179e-01
8.128633499145507812e-01
1.159928962588310242e-01
2.367126755416393280e-02
5.622974634170532227e-01
3.956398963928222656e-01
1.480479985475540161e-01
6.613292098045349121e-01
6.231430172920227051e-01
9.789154529571533203e-01
9.121335744857788086e-01
8.519468903541564941e-01
1.525207757949829102e-01
7.424198389053344727e-01
4.734518826007843018e-01
7.921410202980041504e-01
9.406704306602478027e-01
1.856081932783126831e-01
8.299218416213989258e-01
2.442632913589477539e-01
8.974169492721557617e-01
5.947726368904113770e-01
2.552603185176849365e-01
5.251596570014953613e-01
4.792316630482673645e-02
6.828430294990539551e-01
2.355377823114395142e-01
8.788192272186279297e-01
3.175861388444900513e-02
6.435763239860534668e-01
7.586286067962646484e-01
8.037649989128112793e-01
7.115857005119323730e-01
4.955813288688659668e-01
3.509491086006164551e-01
3.626431226730346680e-01
6.049864888191223145e-01
7.150452733039855957e-01
8.904510140419006348e-01
9.168562889099121094e-01
6.822662800550460815e-02
5.218955129384994507e-02
5.348808169364929199e-01
2.273712605237960815e-01
6.948110461235046387e-01
5.112611055374145508e-01
6.312838792800903320e-01
4.265528321266174316e-01
8.994359523057937622e-02
7.351316809654235840e-01
2.696777284145355225e-01
3.191332221031188965e-01
8.428012728691101074e-01
8.667710423469543457e-01
6.435763239860534668e-01
3.730717003345489502e-01
3.547806143760681152e-01
6.338449195027351379e-03
1.890603303909301758e-01
1.600933521986007690e-01
3.997178375720977783e-01
4.774256646633148193e-01
5.955880507826805115e-02
2.767980098724365234e-01
7.184553742408752441e-01
8.337341547012329102e-01
6.911470890045166016e-01
6.491362452507019043e-01
8.428012132644653320e-01
1.015532836318016052e-01
7.223268151283264160e-01
1.819028854370117188e-01
3.694612383842468262e-01
3.905649185180664062e-01
7.312086224555969238e-01
5.146946907043457031e-01
6.694687604904174805e-01
6.989834308624267578e-01
5.635022372007369995e-02
4.068199098110198975e-01
3.100099265575408936e-01
2.663527131080627441e-01
3.396575748920440674e-01
7.650257349014282227e-01
3.470171689987182617e-01
8.707240223884582520e-01
1.738677471876144409e-01
9.723948836326599121e-01
9.273262619972229004e-01
8.372004628181457520e-01
1.234247162938117981e-01
2.236060947179794312e-01
4.616729915142059326e-01
8.206368088722229004e-01
7.885160446166992188e-01
4.876971840858459473e-01
5.913059115409851074e-01
4.999820291996002197e-01
4.400315284729003906e-01
6.783001422882080078e-01
9.083834290504455566e-01
7.272903323173522949e-01
8.326976001262664795e-02
6.011055111885070801e-01
9.993968605995178223e-01
7.038394212722778320e-01
2.312272191047668457e-01
1.056987047195434570e-01
2.955452203750610352e-01
9.305912852287292480e-01
8.249034881591796875e-01
3.306205868721008301e-01
8.819457292556762695e-01
5.586444735527038574e-01
4.516943395137786865e-01
9.440416097640991211e-01
1.925720721483230591e-01
3.041939809918403625e-03
5.976377725601196289e-01
9.863107651472091675e-02
6.158114075660705566e-01
3.433434665203094482e-01
1.405528634786605835e-01
9.959380030632019043e-01
2.509792149066925049e-01
8.028206229209899902e-02
9.573610424995422363e-01
8.165819644927978516e-01
4.552140831947326660e-01
4.236308336257934570e-01
2.592078149318695068e-01
3.024329245090484619e-01
1.339076608419418335e-01
7.989856004714965820e-01
8.999270796775817871e-01
7.291010767221450806e-02
8.083539605140686035e-01
9.872940182685852051e-01
6.866526603698730469e-01
1.089490726590156555e-01
1.267730742692947388e-01
4.691567718982696533e-01
5.251596570014953613e-01
2.926640212535858154e-01
4.367100298404693604e-01
5.309839248657226562e-01
4.309520125389099121e-02
6.389300823211669922e-01
4.653213322162628174e-01
6.125186085700988770e-01
2.032661437988281250e-02
2.476219534873962402e-01
9.648994207382202148e-01
4.814312160015106201e-01
2.845317423343658447e-01
6.522791385650634766e-01
3.269099295139312744e-01
5.470403432846069336e-01
1.637888401746749878e-01
3.866297304630279541e-01
9.473657608032226562e-01
9.830533266067504883e-01
1.372423917055130005e-01
9.684664607048034668e-01
2.053265124559402466e-01
5.186743736267089844e-01
2.797738090157508850e-02
1.440154165029525757e-01
2.165235280990600586e-01
4.155308902263641357e-01
5.388974547386169434e-01
7.617038488388061523e-01
5.723896622657775879e-01
4.486232399940490723e-01
7.852839231491088867e-01
1.295062154531478882e-02
9.920063018798828125e-01
5.690774917602539062e-01
8.551912903785705566e-01
1.669731736183166504e-01
4.295535981655120850e-01
1.123848930001258850e-01
4.197722077369689941e-01
3.589536845684051514e-01
5.070674419403076172e-01
9.041743874549865723e-01
9.505987167358398438e-01
3.228822946548461914e-01
3.899120166897773743e-02
8.628624081611633301e-01
1.620504073798656464e-02
4.914677143096923828e-01
2.625827491283416748e-01
5.658658742904663086e-01
6.663135886192321777e-01
4.033812582492828369e-01
9.755195975303649902e-01
7.684812545776367188e-01
9.236819744110107422e-01
5.759041309356689453e-01
6.264751553535461426e-01
7.462630867958068848e-01
3.659933507442474365e-01
5.506483316421508789e-01
4.583846032619476318e-01
2.808560431003570557e-01
3.351392149925231934e-01
6.739034652709960938e-01
6.190909743309020996e-01
5.545417666435241699e-01
7.954396605491638184e-01
3.763343691825866699e-01
2.735296785831451416e-01
5.799644589424133301e-01
7.783138155937194824e-01
7.817134857177734375e-01
7.083389759063720703e-01
