1.640504896640777588e-01
8.025979399681091309e-01
8.277612328529357910e-01
5.125672817230224609e-01
9.253194332122802734e-01
2.829780578613281250e-01
8.650490045547485352e-01
5.687389373779296875e-01
1.729882210493087769e-01
1.284717619419097900e-01
6.347953081130981445e-01
1.931241005659103394e-01
4.301363527774810791e-01
5.437020659446716309e-01
1.778583228588104248e-02
3.092603385448455811e-01
3.652638196945190430e-01
3.417168557643890381e-01
9.758224487304687500e-01
4.090934991836547852e-02
7.093489170074462891e-01
3.619987666606903076e-01
7.170276045799255371e-01
4.550296664237976074e-01
3.800354003906250000e-01
7.128601670265197754e-01
7.289204001426696777e-01
3.710741996765136719e-01
4.814374744892120361e-01
2.545929281041026115e-03
8.197208642959594727e-01
5.155859589576721191e-01
1.437530666589736938e-02
6.283394694328308105e-01
7.538300752639770508e-01
4.159719347953796387e-01
4.886766672134399414e-01
9.292862415313720703e-01
3.342182934284210205e-01
6.648212671279907227e-01
2.862397730350494385e-01
2.163013666868209839e-01
5.088219046592712402e-01
5.513637140393257141e-02
2.368682473897933960e-01
1.453889608383178711e-01
2.411451339721679688e-01
1.029211003333330154e-02
9.997966885566711426e-01
4.632484614849090576e-01
5.328934192657470703e-01
5.916944146156311035e-01
7.610809803009033203e-01
8.949549198150634766e-01
3.254798948764801025e-01
8.378627896308898926e-01
7.933266758918762207e-01
8.448612689971923828e-01
5.363977551460266113e-01
3.018825054168701172e-01
4.057039320468902588e-01
3.587040007114410400e-01
9.061489105224609375e-01
6.602165102958679199e-01
7.652898430824279785e-01
3.755114078521728516e-01
2.266908288002014160e-01
7.033469080924987793e-01
8.412578105926513672e-01
9.104493260383605957e-01
8.127633929252624512e-01
9.465860128402709961e-01
6.405296921730041504e-01
9.806810617446899414e-01
9.137560129165649414e-01
3.058449625968933105e-01
4.850989878177642822e-01
5.514934659004211426e-01
5.887878537178039551e-01
8.382881432771682739e-02
6.863788366317749023e-01
3.844242393970489502e-01
8.314927816390991211e-01
7.726986706256866455e-02
4.954939484596252441e-01
7.396612763404846191e-01
1.330896466970443726e-01
6.184233427047729492e-01
7.747332453727722168e-01
1.837367415428161621e-01
2.893491983413696289e-01
3.949983119964599609e-01
7.324148416519165039e-01
7.819713950157165527e-01
3.329350799322128296e-02
9.852134585380554199e-01
9.368815422058105469e-01
7.001306414604187012e-01
1.218179166316986084e-01
7.064793109893798828e-01
7.789617776870727539e-01
8.616906404495239258e-01
6.523458361625671387e-01
8.545200228691101074e-01
3.875876367092132568e-01
8.159330487251281738e-01
2.199977189302444458e-01
3.205076456069946289e-01
4.255972802639007568e-01
6.761606335639953613e-01
1.521450430154800415e-01
7.503902912139892578e-01
7.210754156112670898e-01
5.853931307792663574e-01
8.238819837570190430e-01
7.700434923171997070e-01
4.395338892936706543e-01
8.860635161399841309e-01
6.561104059219360352e-01
8.092082142829895020e-01
5.403665900230407715e-01
1.884981244802474976e-01
1.692130267620086670e-01
2.041497826576232910e-01
7.852490544319152832e-01
7.579161524772644043e-01
8.086176216602325439e-02
4.988079518079757690e-02
7.418928295373916626e-02
5.294220447540283203e-01
4.594096541404724121e-01
1.793518662452697754e-01
8.495715856552124023e-01
1.179863363504409790e-01
4.024862647056579590e-01
4.222351014614105225e-01
6.754165142774581909e-02
6.484870314598083496e-01
3.377771377563476562e-01
4.773681759834289551e-01
6.727207899093627930e-01
1.971202045679092407e-01
8.061671853065490723e-01
9.597334861755371094e-01
1.376448422670364380e-01
2.932901680469512939e-01
5.044999122619628906e-01
1.136008352041244507e-01
6.688395142555236816e-01
2.072931379079818726e-01
8.791417479515075684e-01
1.008128523826599121e-01
6.447438001632690430e-01
7.891863584518432617e-01
9.556530714035034180e-01
9.677336812019348145e-01
9.636714458465576172e-01
7.358142733573913574e-01
5.549017190933227539e-01
8.746638894081115723e-01
2.527685165405273438e-01
3.773338347673416138e-02
2.748769819736480713e-01
3.304245769977569580e-01
7.087977230548858643e-02
5.654450654983520508e-01
2.791728675365447998e-01
3.127948939800262451e-01
2.447461709380149841e-02
1.558323055505752563e-01
8.345553278923034668e-01
6.150605678558349609e-01
7.984146475791931152e-01
4.132466912269592285e-01
5.222880244255065918e-01
6.793663501739501953e-01
2.707698047161102295e-01
4.192540943622589111e-01
6.014291644096374512e-01
3.455911278724670410e-01
1.761397123336791992e-01
2.857588417828083038e-02
5.769331455230712891e-01
6.104744672775268555e-01
5.726526379585266113e-01
6.058670282363891602e-01
6.905248761177062988e-01
9.398117065429687500e-01
4.466577619314193726e-02
4.508490562438964844e-01
4.918625652790069580e-01
4.469546675682067871e-01
4.999390840530395508e-01
5.978575348854064941e-01
2.623894214630126953e-01
6.216671466827392578e-01
5.810747146606445312e-01
5.222880244255065918e-01
6.954881548881530762e-01
8.581636548042297363e-01
3.676725327968597412e-01
2.587591111660003662e-01
9.429980516433715820e-01
2.975827753543853760e-01
7.424895763397216797e-01
2.235417515039443970e-01
8.697711825370788574e-01
1.084908172488212585e-01
1.595565527677536011e-01
9.717135429382324219e-01
1.040616557002067566e-01
8.890889883041381836e-01
9.215185046195983887e-01
2.453753352165222168e-01
9.178194403648376465e-01
6.302727013826370239e-02
6.228377576917409897e-03
6.826232075691223145e-01
6.347953081130981445e-01
5.622986555099487305e-01
3.979589045047760010e-01
5.588662624359130859e-01
4.734822511672973633e-01
4.699787199497222900e-01
2.664575874805450439e-01
5.946602225303649902e-01
2.332455515861511230e-01
1.251053959131240845e-01
1.489854753017425537e-01
9.471913427114486694e-02
1.413342952728271484e-01
2.005114555358886719e-01
4.431816041469573975e-01
8.923982381820678711e-01
9.024751186370849609e-01
9.925997853279113770e-01
2.491693645715713501e-01
8.828776478767395020e-01
9.961987733840942383e-01
3.548119068145751953e-01
9.332929253578186035e-01
7.249227166175842285e-01
2.556906640529632568e-01
3.916517794132232666e-01
9.770125150680541992e-02
4.988079518079757690e-02
4.667182266712188721e-01
6.245561838150024414e-01
3.501126170158386230e-01
4.347518086433410645e-01
2.297680079936981201e-01
2.103930711746215820e-02
3.162957429885864258e-01
5.902032926678657532e-02
9.509487152099609375e-01
9.890916943550109863e-01
