2.192721366882324219e-01
6.450757384300231934e-01
4.199746549129486084e-01
8.507627844810485840e-01
9.822829365730285645e-01
2.021123468875885010e-01
9.294510483741760254e-01
5.925915241241455078e-01
7.852399945259094238e-01
7.197855710983276367e-01
2.108324617147445679e-01
3.167968094348907471e-01
9.113700985908508301e-01
7.043346166610717773e-01
1.904266327619552612e-01
9.235317111015319824e-01
7.705758325755596161e-03
5.115059390664100647e-02
5.305793881416320801e-01
5.657722949981689453e-01
8.310491442680358887e-01
2.626892626285552979e-01
8.571066856384277344e-01
9.078934192657470703e-01
9.621432423591613770e-01
4.592276513576507568e-01
4.553879499435424805e-01
8.923364430665969849e-02
8.542537689208984375e-01
5.420714020729064941e-01
6.112957000732421875e-01
8.816382884979248047e-01
1.601792871952056885e-01
8.741237521171569824e-01
7.338353991508483887e-01
7.655490040779113770e-01
9.402839839458465576e-02
2.789602279663085938e-01
1.046201363205909729e-01
6.795940995216369629e-01
7.130498439073562622e-02
2.860357761383056641e-01
1.011825203895568848e-01
4.956817626953125000e-01
2.214535623788833618e-01
7.106048464775085449e-01
6.697013378143310547e-01
3.627296388149261475e-01
1.563394255936145782e-02
6.617658138275146484e-01
6.882774829864501953e-01
3.279177844524383545e-01
9.771294593811035156e-01
4.012108147144317627e-01
3.058250844478607178e-01
6.516932845115661621e-01
3.023804426193237305e-01
9.687994122505187988e-01
4.028725624084472656e-02
1.533074527978897095e-01
2.287382632493972778e-01
6.399539858102798462e-02
9.941371157765388489e-03
3.923052251338958740e-01
8.179496526718139648e-01
6.925432085990905762e-01
7.745666503906250000e-01
7.071726322174072266e-01
2.659444212913513184e-01
3.342965841293334961e-01
4.628113210201263428e-01
6.027157977223396301e-02
8.263077735900878906e-01
5.551178455352783203e-01
7.563092112541198730e-01
8.061509728431701660e-01
7.173010110855102539e-01
9.047358632087707520e-01
2.367664873600006104e-01
6.578543782234191895e-01
2.420641295611858368e-02
3.840551078319549561e-01
2.592226862907409668e-01
9.860030412673950195e-01
5.861882567405700684e-01
5.346077084541320801e-01
5.816602706909179688e-01
5.166692733764648438e-01
1.563394069671630859e-02
6.766242533922195435e-02
5.489174723625183105e-01
8.890229463577270508e-01
7.371057271957397461e-01
4.880868196487426758e-01
1.794624626636505127e-01
7.895656824111938477e-01
5.384824872016906738e-01
2.287384420633316040e-01
1.672895848751068115e-01
6.063741445541381836e-01
1.978281289339065552e-01
3.754492104053497314e-01
3.311806023120880127e-01
9.727374911308288574e-01
5.742787718772888184e-01
2.559199929237365723e-01
9.334791898727416992e-01
1.821596622467041016e-01
4.406787753105163574e-01
5.788165330886840820e-01
4.154351651668548584e-01
4.046654403209686279e-01
2.723087668418884277e-01
7.931194901466369629e-01
5.982748270034790039e-01
6.276139020919799805e-01
3.209130764007568359e-01
4.346536695957183838e-01
2.453568428754806519e-01
1.286061853170394897e-01
6.741478443145751953e-01
2.776002883911132812e-02
1.564362645149230957e-01
1.471117436885833740e-01
1.710327863693237305e-01
9.955976605415344238e-01
1.248758211731910706e-01
1.428523361682891846e-01
9.176116585731506348e-01
6.795940995216369629e-01
8.480389714241027832e-01
4.312905669212341309e-01
8.991124033927917480e-01
7.232088446617126465e-01
7.867198437452316284e-02
6.964853405952453613e-01
1.501823067665100098e-01
1.208115518093109131e-01
8.860314488410949707e-01
4.406787753105163574e-01
1.322712749242782593e-01
8.514274656772613525e-02
9.928199648857116699e-01
7.003188729286193848e-01
8.001882433891296387e-01
7.516770362854003906e-01
8.375541567802429199e-01
7.414814233779907227e-01
9.403939843177795410e-01
4.517369866371154785e-01
5.069209933280944824e-01
4.814556539058685303e-01
4.847665429115295410e-01
6.481176018714904785e-01
8.211272954940795898e-02
8.991124033927917480e-01
4.920605719089508057e-01
9.473657011985778809e-01
4.278669655323028564e-01
3.670009374618530273e-01
3.093516528606414795e-01
5.620837211608886719e-01
7.605428099632263184e-01
2.827908694744110107e-01
6.545664072036743164e-01
8.780300617218017578e-01
3.638958185911178589e-02
7.265080213546752930e-01
6.851084828376770020e-01
8.025124073028564453e-01
9.594110846519470215e-01
3.371095955371856689e-01
1.078304201364517212e-01
8.096969127655029297e-01
1.157952100038528442e-01
7.788943648338317871e-01
1.371962130069732666e-01
4.661314189434051514e-01
6.020951867103576660e-01
6.307989954948425293e-01
8.609191179275512695e-01
9.782095998525619507e-02
9.892390966415405273e-01
2.407072484493255615e-01
4.995167255401611328e-01
6.241330504417419434e-01
4.236660301685333252e-01
8.932694196701049805e-01
2.021123468875885010e-01
2.037281356751918793e-02
3.130709826946258545e-01
3.601973950862884521e-01
2.689587175846099854e-01
7.467154860496520996e-01
2.108324617147445679e-01
2.523642480373382568e-01
2.759902179241180420e-01
3.229527920484542847e-02
6.657187342643737793e-01
5.456449389457702637e-01
7.456396520137786865e-02
3.798924386501312256e-01
3.533734083175659180e-01
6.164721250534057617e-01
5.107339620590209961e-01
7.821046710014343262e-01
5.551178455352783203e-01
2.487264722585678101e-01
5.586360394954681396e-02
3.968495130538940430e-01
8.682442903518676758e-01
4.478984475135803223e-01
3.877830505371093750e-01
4.782173931598663330e-01
3.709453940391540527e-01
2.942014634609222412e-01
8.263077735900878906e-01
3.497103154659271240e-01
7.301748991012573242e-01
9.518887996673583984e-01
9.235317111015319824e-01
9.140511155128479004e-01
2.983325123786926270e-01
2.893223464488983154e-01
1.634430885314941406e-01
1.751847267150878906e-01
6.207207441329956055e-01
7.141607403755187988e-01
9.652675986289978027e-01
8.133100271224975586e-01
7.703828811645507812e-01
3.250083923339843750e-01
5.031504034996032715e-01
8.409088253974914551e-01
5.201264619827270508e-01
9.558478593826293945e-01
8.335688114166259766e-01
1.371962130069732666e-01
1.935447156429290771e-01
4.381316527724266052e-02
9.439551830291748047e-01
4.738388657569885254e-01
4.084374904632568359e-01
3.569029271602630615e-01
4.700001478195190430e-01
5.233932137489318848e-01
5.708917975425720215e-01
8.445854783058166504e-01
4.747225344181060791e-02
5.925915241241455078e-01
1.119273230433464050e-01
4.118468165397644043e-01
9.363773465156555176e-01
8.211612105369567871e-01
8.682444095611572266e-01
5.271785855293273926e-01
