2.635618746280670166e-01
9.401211738586425781e-01
9.957695007324218750e-01
7.083133459091186523e-01
4.315448403358459473e-01
2.313486859202384949e-02
8.558924794197082520e-01
1.635061763226985931e-02
7.669183611869812012e-01
4.612693190574645996e-01
2.332149595022201538e-01
4.629841819405555725e-02
8.644654750823974609e-01
7.346141934394836426e-01
6.376247853040695190e-02
7.798146456480026245e-02
5.797185301780700684e-01
3.345672190189361572e-01
7.809509634971618652e-01
6.035348773002624512e-01
1.274995356798171997e-01
4.834104180335998535e-01
3.380140662193298340e-01
5.322946906089782715e-01
3.140645325183868408e-01
4.999567270278930664e-01
3.952468335628509521e-01
6.716582179069519043e-02
9.920495152473449707e-01
8.826771974563598633e-01
7.249906659126281738e-01
9.103252291679382324e-01
5.997896194458007812e-01
3.413373231887817383e-01
9.648053348064422607e-02
8.906915783882141113e-01
2.296402007341384888e-01
2.118033170700073242e-01
7.888666391372680664e-01
2.152934819459915161e-01
3.444963991641998291e-01
4.110490083694458008e-01
3.919441252946853638e-02
4.697633087635040283e-01
5.908372998237609863e-01
9.220609664916992188e-01
5.055485963821411133e-01
8.716778159141540527e-01
6.676412820816040039e-01
7.616614699363708496e-01
1.976544708013534546e-01
6.794912219047546387e-01
6.140922307968139648e-01
6.358762383460998535e-01
2.044694423675537109e-01
7.951079607009887695e-01
9.062799215316772461e-01
2.186168283224105835e-01
4.067240655422210693e-01
3.107693493366241455e-01
5.839979276061058044e-02
3.512440994381904602e-02
5.082176923751831055e-01
2.867752313613891602e-01
2.795166075229644775e-01
8.515830039978027344e-01
3.886332809925079346e-01
2.904388010501861572e-01
4.027457535266876221e-01
2.831894755363464355e-01
1.622668951749801636e-01
3.607171475887298584e-01
6.211478710174560547e-01
4.434732198715209961e-01
2.013318240642547607e-01
5.526219494640827179e-03
1.566389501094818115e-01
9.992688894271850586e-01
7.309837341308593750e-01
9.142606854438781738e-01
5.730815529823303223e-01
7.920648455619812012e-01
9.298055171966552734e-01
9.486705064773559570e-01
1.309078484773635864e-01
2.556719481945037842e-01
8.605369925498962402e-01
4.795954525470733643e-01
3.723947107791900635e-01
5.029262900352478027e-01
6.642396450042724609e-01
7.094885408878326416e-02
8.168996572494506836e-01
2.984108626842498779e-01
9.706057310104370117e-01
3.050905466079711914e-01
7.727806568145751953e-01
5.597789883613586426e-01
9.521489143371582031e-01
7.549145221710205078e-01
5.862231254577636719e-01
4.279253184795379639e-01
4.569742083549499512e-01
7.133396267890930176e-01
7.762860655784606934e-01
6.609699130058288574e-01
8.750286102294921875e-01
6.105987429618835449e-01
5.190690755844116211e-01
4.181592166423797607e-01
5.468820333480834961e-01
4.279083386063575745e-02
2.942927479743957520e-01
6.505518555641174316e-01
8.251652121543884277e-01
2.223026901483535767e-01
1.273905951529741287e-02
8.483561277389526367e-01
8.393178582191467285e-01
6.285882592201232910e-01
4.215346574783325195e-01
6.868958473205566406e-01
8.684213757514953613e-01
2.721749246120452881e-01
1.815151423215866089e-01
1.175824180245399475e-01
9.560328722000122070e-01
6.837304234504699707e-01
3.990731537342071533e-01
5.839970707893371582e-02
6.249104738235473633e-01
2.596479058265686035e-01
8.393178582191467285e-01
8.213295042514801025e-02
6.572628021240234375e-01
3.683327436447143555e-01
8.115881681442260742e-01
5.411604046821594238e-01
4.882463514804840088e-01
5.366634726524353027e-01
8.168994784355163574e-01
2.675790488719940186e-01
4.245385527610778809e-01
4.659995734691619873e-01
9.181706309318542480e-01
6.072417497634887695e-01
2.082505971193313599e-01
7.502258419990539551e-01
5.291272997856140137e-01
9.447984695434570312e-01
3.250444531440734863e-01
3.920427262783050537e-01
1.217107996344566345e-01
1.969241909682750702e-02
1.566389501094818115e-01
6.904149055480957031e-01
9.762302041053771973e-01
1.699394881725311279e-01
7.669183611869812012e-01
8.990680575370788574e-01
6.752375364303588867e-01
3.645980358123779297e-01
5.221100449562072754e-01
4.884631559252738953e-02
2.759027481079101562e-01
8.659993857145309448e-02
5.967027544975280762e-01
3.050905466079711914e-01
9.588875174522399902e-01
6.937543749809265137e-01
4.927382767200469971e-01
4.148223102092742920e-01
6.540989279747009277e-01
7.458679676055908203e-01
9.026682972908020020e-01
2.425594925880432129e-01
1.127491593360900879e-01
9.836490750312805176e-01
8.287346363067626953e-01
7.584246993064880371e-01
2.513857483863830566e-01
5.797185301780700684e-01
3.846558630466461182e-01
7.854876518249511719e-01
8.215157389640808105e-01
5.550256371498107910e-01
8.070021867752075195e-01
4.763215184211730957e-01
7.196346521377563477e-01
1.340720504522323608e-01
3.808223307132720947e-01
5.522598028182983398e-01
8.947209715843200684e-01
9.342288374900817871e-01
1.934844553470611572e-01
5.644336342811584473e-01
9.799213409423828125e-01
1.744156330823898315e-01
9.261782169342041016e-01
3.528660237789154053e-01
6.393949985504150391e-01
4.533253312110900879e-01
7.133396267890930176e-01
7.988836169242858887e-01
3.484509289264678955e-01
4.396399855613708496e-01
1.777449101209640503e-01
7.411055266857147217e-02
2.680416591465473175e-02
5.468820333480834961e-01
9.875900149345397949e-01
3.318471908569335938e-01
8.871113657951354980e-01
1.006212905049324036e-01
6.451218724250793457e-01
6.322690844535827637e-01
5.934330821037292480e-01
5.257273316383361816e-01
8.786036372184753418e-01
9.094858542084693909e-03
1.849619895219802856e-01
7.417989969253540039e-01
3.766532838344573975e-01
2.393583506345748901e-01
1.517638713121414185e-01
2.261037230491638184e-01
6.177880167961120605e-01
4.503959417343139648e-01
4.731738567352294922e-01
4.354744553565979004e-01
3.171291053295135498e-01
8.036428689956665039e-01
1.464412510395050049e-01
2.324179746210575104e-03
4.965768754482269287e-01
6.711168289184570312e-01
5.696254968643188477e-01
1.660428494215011597e-01
9.734069705009460449e-01
7.384765744209289551e-01
2.468381077051162720e-01
6.968988180160522461e-01
1.488769054412841797e-01
2.365210056304931641e-01
1.891520619392395020e-01
1.080353185534477234e-01
1.247644424438476562e-01
5.271307006478309631e-02
9.100328385829925537e-02
3.278103768825531006e-01
4.469768106937408447e-01
1.042580604553222656e-01
8.448376059532165527e-01
3.059662133455276489e-02
3.570788800716400146e-01
6.451218724250793457e-01
