5.783479288220405579e-02
3.241011202335357666e-01
8.043579459190368652e-01
8.413911461830139160e-01
8.796252012252807617e-01
6.517900824546813965e-01
1.547462642192840576e-01
5.545668005943298340e-01
5.184136629104614258e-01
9.605633020401000977e-01
7.236025333404541016e-01
9.448260068893432617e-01
2.112184166908264160e-01
7.795470952987670898e-01
5.989241003990173340e-01
9.007222652435302734e-01
7.406662106513977051e-01
1.308901160955429077e-01
6.478850245475769043e-01
2.795808911323547363e-01
4.807370007038116455e-01
5.360718369483947754e-01
8.511356115341186523e-01
8.188844323158264160e-01
3.647277653217315674e-01
4.502083361148834229e-02
3.035281300544738770e-01
7.021164894104003906e-01
9.214933514595031738e-01
2.014628946781158447e-01
9.086184501647949219e-01
9.712514877319335938e-01
2.933658361434936523e-01
3.381879627704620361e-01
1.018239408731460571e-01
1.197041869163513184e-01
3.451808393001556396e-01
8.784180507063865662e-03
5.880275964736938477e-01
3.003733158111572266e-01
6.605061292648315430e-01
1.819416582584381104e-01
2.761808633804321289e-01
6.877552866935729980e-01
5.111289024353027344e-01
8.017206192016601562e-01
9.915785193443298340e-01
9.251043945550918579e-02
6.082661151885986328e-01
4.988972842693328857e-01
2.553820796310901642e-02
5.957478284835815430e-01
6.280956864356994629e-01
5.678201317787170410e-01
4.550875723361968994e-01
8.223722577095031738e-01
9.043591022491455078e-01
4.653265178203582764e-01
7.724437117576599121e-01
5.788170695304870605e-01
9.319306612014770508e-01
4.906865060329437256e-01
2.060932219028472900e-01
6.249609589576721191e-01
3.323575109243392944e-02
1.131386756896972656e-01
6.764016151428222656e-01
4.842817187309265137e-01
9.641498923301696777e-01
6.910201311111450195e-01
7.268729209899902344e-01
7.650767564773559570e-01
3.105126917362213135e-01
4.728198349475860596e-01
3.492503762245178223e-01
7.938741445541381836e-01
1.974129527807235718e-01
7.406662106513977051e-01
4.039597809314727783e-01
4.766584932804107666e-01
2.370222955942153931e-01
9.569746851921081543e-01
6.837865710258483887e-01
8.305367827415466309e-01
4.945639371871948242e-01
5.748686194419860840e-01
4.620445072650909424e-01
7.202526926994323730e-01
4.431899487972259521e-01
5.166071280837059021e-02
7.612014412879943848e-01
2.444457560777664185e-01
7.055095434188842773e-01
9.538547396659851074e-01
1.861726939678192139e-01
6.178737878799438477e-01
8.341767191886901855e-01
3.412569761276245117e-01
5.715144872665405273e-01
7.167107462882995605e-01
2.319254726171493530e-01
8.375350236892700195e-01
5.630586743354797363e-01
7.127639651298522949e-01
4.072787985205650330e-02
3.312467634677886963e-01
3.798800110816955566e-01
1.763798445463180542e-01
5.329132080078125000e-01
3.571031987667083740e-01
4.174036383628845215e-01
2.867764234542846680e-01
8.674488067626953125e-01
6.575224548578262329e-02
5.510813593864440918e-01
3.909711726009845734e-03
4.138889908790588379e-01
3.871456086635589600e-01
5.579487681388854980e-01
7.472756505012512207e-01
6.353855133056640625e-01
8.874475359916687012e-01
5.923628211021423340e-01
7.506695985794067383e-01
9.346623420715332031e-01
9.839161038398742676e-01
1.937750577926635742e-01
8.554127812385559082e-01
6.320668458938598633e-01
8.632338047027587891e-01
4.519019126892089844e-01
4.689765274524688721e-01
1.894030123949050903e-01
6.439995169639587402e-01
8.264209032058715820e-01
9.875175356864929199e-01
5.221388339996337891e-01
7.687878012657165527e-01
7.862342596054077148e-01
5.833972692489624023e-01
4.362376630306243896e-01
2.234856486320495605e-01
3.067484200000762939e-01
2.511418163776397705e-01
7.340263128280639648e-01
3.349529504776000977e-01
9.385933279991149902e-01
5.262147188186645508e-01
4.104453325271606445e-01
3.774166107177734375e-04
7.907488346099853516e-01
9.448261260986328125e-01
6.215457320213317871e-01
3.760855793952941895e-01
8.592018485069274902e-01
4.214419722557067871e-01
6.396690607070922852e-01
9.688521623611450195e-01
2.898783087730407715e-01
5.455404520034790039e-01
2.411066144704818726e-01
3.278684616088867188e-01
6.644245386123657227e-01
1.657170802354812622e-02
1.222007442265748978e-02
1.712249666452407837e-01
7.306927442550659180e-01
8.892200887203216553e-02
4.327322542667388916e-01
6.557098627090454102e-01
4.587997198104858398e-01
8.084530830383300781e-01
3.832322955131530762e-01
5.166071280837059021e-02
9.957467913627624512e-01
8.132030814886093140e-02
2.971798777580261230e-01
8.906309604644775391e-01
2.194782793521881104e-01
3.911391794681549072e-01
7.538619041442871094e-01
1.098185032606124878e-01
3.619300946593284607e-02
6.052164435386657715e-01
3.197069764137268066e-01
4.398315846920013428e-01
1.172440126538276672e-01
9.174022674560546875e-01
9.504106044769287109e-01
1.673722714185714722e-01
2.828638255596160889e-01
5.075129866600036621e-01
5.038844347000122070e-01
9.282950758934020996e-01
7.343259453773498535e-02
7.761471867561340332e-01
6.700549721717834473e-01
1.369406133890151978e-01
9.129564166069030762e-01
7.784402370452880859e-02
6.700549721717834473e-01
7.832737565040588379e-01
2.727828919887542725e-01
5.289810299873352051e-01
3.722015917301177979e-01
5.400060415267944336e-01
2.582661807537078857e-01
5.455404520034790039e-01
3.689750730991363525e-01
8.938956856727600098e-01
1.485555917024612427e-01
2.281353473663330078e-01
4.874299168586730957e-01
8.152520656585693359e-01
6.951481103897094727e-01
6.179687753319740295e-02
8.713821172714233398e-01
4.072475433349609375e-01
5.149059891700744629e-01
9.800053238868713379e-01
3.606864809989929199e-01
8.462328910827636719e-01
6.020726561546325684e-01
1.245629191398620605e-01
6.809745430946350098e-01
2.482351064682006836e-01
3.533530235290527344e-01
2.895021811127662659e-02
2.158327996730804443e-01
1.406963020563125610e-01
1.763798445463180542e-01
7.088289856910705566e-01
1.547462642192840576e-01
8.749670386314392090e-01
1.069259718060493469e-01
2.692691385746002197e-01
8.836739659309387207e-01
3.999592065811157227e-01
4.291371107101440430e-01
8.492353558540344238e-02
2.130459994077682495e-02
6.987900733947753906e-01
1.644028127193450928e-01
1.450889706611633301e-01
2.612891793251037598e-01
1.600728929042816162e-01
2.655165195465087891e-01
8.975024223327636719e-01
3.951565921306610107e-01
1.308901160955429077e-01
3.148838579654693604e-01
9.249807596206665039e-01
8.116798996925354004e-01
4.254643917083740234e-01
6.961409747600555420e-02
7.574938535690307617e-01
