6.277850270271301270e-01
5.261685252189636230e-01
6.550866961479187012e-01
2.915241718292236328e-01
6.644861102104187012e-01
9.596361517906188965e-01
6.578791141510009766e-01
3.578755855560302734e-01
9.236662387847900391e-01
7.971276640892028809e-01
5.567994713783264160e-01
7.768725752830505371e-01
4.000159204006195068e-01
1.596455425024032593e-01
1.189032271504402161e-01
5.493549704551696777e-01
4.248670637607574463e-01
8.240692615509033203e-01
6.759970188140869141e-01
2.355023473501205444e-01
1.636967062950134277e-01
3.619127273559570312e-01
8.488559722900390625e-01
2.066503167152404785e-01
9.739180207252502441e-01
8.450646996498107910e-01
1.873048096895217896e-01
7.813524603843688965e-01
7.650950551033020020e-01
7.938443422317504883e-01
9.846830368041992188e-01
5.105411261320114136e-02
3.924551904201507568e-01
8.006727695465087891e-01
2.568010091781616211e-01
8.210880756378173828e-01
7.314906120300292969e-01
7.688067555427551270e-01
4.662156403064727783e-01
8.526960015296936035e-01
9.443189501762390137e-01
8.903020024299621582e-01
5.338337421417236328e-01
7.314906120300292969e-01
4.597816169261932373e-01
6.367815192788839340e-03
9.382100105285644531e-01
4.788188040256500244e-01
8.668685555458068848e-01
6.038680076599121094e-01
6.311416029930114746e-01
7.522588372230529785e-01
8.710435628890991211e-01
8.416033387184143066e-01
9.310551285743713379e-01
7.159713506698608398e-01
8.135708570480346680e-01
6.810868978500366211e-01
9.777194261550903320e-01
6.437755823135375977e-01
3.890058398246765137e-01
1.296637356281280518e-01
5.452557206153869629e-01
2.414932996034622192e-01
5.086959600448608398e-01
7.566097378730773926e-01
7.537256181240081787e-02
7.369588017463684082e-01
7.012293934822082520e-01
6.150181293487548828e-01
3.775237500667572021e-01
5.207569599151611328e-01
3.024495840072631836e-01
1.015861332416534424e-01
2.985684275627136230e-01
6.194922924041748047e-01
9.122900962829589844e-01
8.943624496459960938e-01
1.832084059715270996e-01
1.990635246038436890e-01
9.969058632850646973e-01
8.177946805953979492e-01
7.445486783981323242e-01
8.344834446907043457e-01
2.954072952270507812e-01
2.173492759466171265e-01
1.792731583118438721e-01
6.887210607528686523e-01
5.836425423622131348e-01
3.346717953681945801e-01
4.427742362022399902e-01
2.731100842356681824e-02
5.944885611534118652e-01
5.261685252189636230e-01
4.467073976993560791e-01
4.060064256191253662e-01
5.678051710128784180e-01
3.050483949482440948e-02
9.889770150184631348e-01
3.492940366268157959e-01
9.706270694732666016e-01
8.029482960700988770e-01
2.769775390625000000e-01
1.056645736098289490e-01
3.286537528038024902e-01
8.794202804565429688e-01
3.148709535598754883e-01
7.050825357437133789e-01
9.162681102752685547e-01
5.051344633102416992e-01
4.731989204883575439e-01
5.800954103469848633e-01
1.450434178113937378e-01
5.414063110947608948e-02
7.726707458496093750e-01
3.206708729267120361e-01
4.788188636302947998e-01
3.448621630668640137e-01
2.726004421710968018e-01
4.706488922238349915e-02
8.277344107627868652e-01
2.532224059104919434e-01
7.859309315681457520e-01
8.753566741943359375e-01
4.952359497547149658e-01
8.629058599472045898e-01
1.526136696338653564e-01
2.487335652112960815e-01
2.254191040992736816e-01
3.960185945034027100e-01
8.977964520454406738e-02
7.093103975057601929e-02
3.536956906318664551e-01
5.995172858238220215e-01
3.733001649379730225e-01
5.639826655387878418e-01
8.986302614212036133e-01
2.456804960966110229e-01
8.107817173004150391e-01
4.328359663486480713e-01
5.765887498855590820e-01
3.851006329059600830e-01
5.532590746879577637e-01
1.950386613607406616e-01
4.228183254599571228e-02
2.643478214740753174e-01
3.313823044300079346e-01
9.824402630329132080e-02
4.698067307472229004e-01
9.558206796646118164e-01
6.075659394264221191e-01
6.848713159561157227e-01
4.146824777126312256e-01
6.588810682296752930e-02
2.685924768447875977e-01
7.482023239135742188e-01
1.257449835538864136e-01
5.338339805603027344e-01
1.711376607418060303e-01
8.310672044754028320e-01
4.500758647918701172e-01
1.224722415208816528e-01
5.164738297462463379e-01
4.382457137107849121e-01
1.415231376886367798e-01
6.342484354972839355e-01
5.724828243255615234e-01
2.028360217809677124e-01
7.903171777725219727e-01
9.631245732307434082e-01
7.235628962516784668e-01
6.967475414276123047e-01
1.561879813671112061e-01
8.863345384597778320e-01
5.906203389167785645e-01
7.122932672500610352e-01
8.379491567611694336e-01
9.517642259597778320e-01
4.839285314083099365e-01
9.272530078887939453e-01
1.145261600613594055e-01
3.353357315063476562e-04
2.880018055438995361e-01
9.480787515640258789e-01
5.019214749336242676e-01
6.614513397216796875e-01
7.871952652931213379e-02
9.670032858848571777e-01
6.925541162490844727e-01
9.807804226875305176e-01
9.346778988838195801e-01
4.289854168891906738e-01
3.812141120433807373e-01
8.161617815494537354e-02
3.830004855990409851e-02
6.110580563545227051e-01
2.102156579494476318e-01
8.582758158445358276e-02
5.713042616844177246e-02
1.913838088512420654e-01
3.688987493515014648e-01
3.410812020301818848e-01
3.654361367225646973e-01
3.053901791572570801e-01
1.387142837047576904e-01
9.930361062288284302e-03
9.035363793373107910e-01
4.597816169261932373e-01
7.088243961334228516e-01
1.670340001583099365e-01
4.985958039760589600e-01
1.752726435661315918e-01
7.608410120010375977e-01
4.060064256191253662e-01
6.684734225273132324e-01
2.321602217853069305e-02
8.558772206306457520e-01
6.373952627182006836e-01
2.845740020275115967e-01
9.930939078330993652e-01
3.379563689231872559e-01
4.540719985961914062e-01
6.098544970154762268e-02
6.238952279090881348e-01
5.127048492431640625e-01
6.407449841499328613e-01
8.593026399612426758e-01
4.923308789730072021e-01
2.355023622512817383e-01
2.804706096649169922e-01
8.825230002403259277e-01
9.387134760618209839e-02
2.290831804275512695e-01
3.316727001219987869e-03
7.263798117637634277e-01
1.489526629447937012e-01
5.413166284561157227e-01
6.721758842468261719e-01
1.101096943020820618e-01
9.413311481475830078e-01
4.112841188907623291e-01
2.135250270366668701e-01
4.215496182441711426e-01
5.604784488677978516e-01
3.453008085489273071e-02
5.870583653450012207e-01
7.415395379066467285e-01
3.148709535598754883e-01
2.605970501899719238e-01
7.194678187370300293e-01
9.196819067001342773e-01
1.270789746195077896e-02
4.183430671691894531e-01
3.097022175788879395e-01
2.210359871387481689e-01
9.078835248947143555e-01
