9.773109555244445801e-01
5.226525664329528809e-01
6.326237916946411133e-01
6.138461232185363770e-01
7.674258202314376831e-02
9.533711671829223633e-01
3.172639906406402588e-01
4.716804325580596924e-01
6.035186052322387695e-01
9.096964597702026367e-01
8.431547880172729492e-02
3.894918859004974365e-01
7.580687403678894043e-01
5.599842071533203125e-01
8.369496464729309082e-01
7.614284753799438477e-01
2.251158803701400757e-01
3.034724891185760498e-01
9.715480804443359375e-01
6.400226056575775146e-02
9.935792088508605957e-01
7.819929122924804688e-01
6.254481077194213867e-01
3.586555421352386475e-01
7.248287796974182129e-01
6.649512648582458496e-01
1.638520658016204834e-01
2.824032604694366455e-01
4.999184012413024902e-01
5.185371041297912598e-01
7.941191196441650391e-01
9.139105677604675293e-01
2.167513370513916016e-01
3.537540435791015625e-01
4.626511037349700928e-01
9.825993776321411133e-01
2.554303109645843506e-01
1.965938657522201538e-01
8.681472539901733398e-01
6.104922890663146973e-01
8.570285439491271973e-01
1.516588777303695679e-01
9.428204298019409180e-01
7.326273918151855469e-01
5.034342408180236816e-01
3.013884462416172028e-02
3.291946649551391602e-01
4.431181252002716064e-01
5.522546768188476562e-01
8.433722853660583496e-01
1.430748999118804932e-01
9.175826311111450195e-01
2.226731181144714355e-01
6.067471504211425781e-01
1.556069403886795044e-01
2.965353131294250488e-01
7.853500843048095703e-01
5.997948646545410156e-01
4.245130419731140137e-01
5.415270924568176270e-01
6.569626331329345703e-01
5.486227869987487793e-01
6.849513649940490723e-01
5.108112096786499023e-01
6.697234231978654861e-03
4.931796193122863770e-01
7.138715386390686035e-01
7.780972123146057129e-01
3.653893470764160156e-01
1.795787215232849121e-01
2.898511588573455811e-01
5.967161655426025391e-01
4.287631213665008545e-01
5.305842161178588867e-01
4.062330126762390137e-01
5.380318164825439453e-01
9.606736898422241211e-01
4.103479981422424316e-01
1.997291296720504761e-01
8.030489683151245117e-01
2.332625389099121094e-01
2.685914747416973114e-03
4.540401101112365723e-01
7.476983070373535156e-01
2.523439824581146240e-01
8.497164845466613770e-01
7.289298772811889648e-01
1.126786693930625916e-01
7.432095408439636230e-01
4.855371415615081787e-01
6.292878389358520508e-01
3.212547004222869873e-01
4.820166826248168945e-01
1.682778149843215942e-01
3.065158724784851074e-01
5.856091380119323730e-01
2.030198276042938232e-01
7.103565931320190430e-01
1.839523613452911377e-01
3.794376850128173828e-01
8.294966816902160645e-01
1.878945976495742798e-01
8.983353972434997559e-01
8.258083462715148926e-01
3.829397261142730713e-01
3.491298854351043701e-01
2.934436798095703125e-01
9.982455968856811523e-01
5.698539614677429199e-01
5.816719532012939453e-01
6.830167770385742188e-02
9.212231040000915527e-01
8.462846279144287109e-01
8.605498075485229492e-01
2.377965450286865234e-01
5.931051969528198242e-01
3.756558597087860107e-01
8.943550586700439453e-01
5.169043317437171936e-02
6.732786297798156738e-01
1.102235447615385056e-02
4.668122828006744385e-01
7.395882010459899902e-01
3.332973122596740723e-01
8.070222735404968262e-01
6.529305577278137207e-01
1.468737870454788208e-01
6.811302304267883301e-01
9.499121308326721191e-01
2.281047254800796509e-01
3.862367570400238037e-01
1.049699112772941589e-01
3.925771713256835938e-01
4.966693818569183350e-01
5.070598721504211426e-01
1.390548944473266602e-01
4.459447413682937622e-02
3.350494429469108582e-02
1.162767186760902405e-01
8.399010896682739258e-01
1.759447902441024780e-01
4.751677513122558594e-01
2.600749433040618896e-01
2.859944105148315430e-01
1.506272424012422562e-02
1.354133486747741699e-01
7.984508275985717773e-01
5.736545920372009277e-01
8.756943047046661377e-02
9.673876166343688965e-01
1.090162470936775208e-01
4.563998281955718994e-01
9.857897460460662842e-02
3.903180360794067383e-02
7.746804356575012207e-01
7.363566160202026367e-01
6.606613993644714355e-01
7.508591413497924805e-01
4.211069047451019287e-01
9.859363436698913574e-01
5.631340146064758301e-01
2.721372842788696289e-01
5.665621161460876465e-01
7.172023653984069824e-01
5.588247627019882202e-02
3.255570828914642334e-01
7.289028167724609375e-02
9.893252849578857422e-01
6.175324916839599609e-01
4.345408380031585693e-01
4.402934908866882324e-01
3.411586284637451172e-01
8.641220927238464355e-01
6.400344967842102051e-01
9.399973154067993164e-01
6.775171160697937012e-01
9.242182970046997070e-01
6.893525123596191406e-01
4.313687086105346680e-01
1.275072097778320312e-01
3.959687948226928711e-01
7.024393677711486816e-01
4.822355881333351135e-02
2.808197587728500366e-02
2.367383614182472229e-02
3.450600504875183105e-01
8.164761662483215332e-01
5.450736284255981445e-01
6.216448545455932617e-01
2.752281129360198975e-01
8.809488415718078613e-01
7.207741737365722656e-01
9.205931425094604492e-02
2.685043811798095703e-01
9.279187917709350586e-01
8.130148053169250488e-01
6.491059064865112305e-01
5.892535448074340820e-01
9.773109555244445801e-01
2.419295161962509155e-01
2.785193026065826416e-01
4.891048967838287354e-01
4.025620818138122559e-01
8.901471495628356934e-01
7.893095016479492188e-01
9.857897460460662842e-02
6.367999911308288574e-01
5.339935421943664551e-01
8.333353996276855469e-01
1.253216266632080078e-01
5.561590194702148438e-01
4.176302850246429443e-01
8.722436428070068359e-01
2.490652501583099365e-01
4.463088810443878174e-01
3.721249103546142578e-01
3.622807562351226807e-01
9.018696546554565430e-01
9.643027782440185547e-01
3.098331987857818604e-01
4.786477982997894287e-01
7.659537196159362793e-01
8.858988285064697266e-01
6.689578294754028320e-01
1.725292056798934937e-01
1.593036949634552002e-01
2.457018494606018066e-01
3.002004921436309814e-01
7.065449953079223633e-01
1.333007365465164185e-01
9.572705030441284180e-01
5.147659182548522949e-01
2.644219398498535156e-01
8.767048716545104980e-01
1.925627887248992920e-01
8.030842989683151245e-02
3.375551700592041016e-01
3.903163224458694458e-02
8.100059628486633301e-01
3.135575056076049805e-01
5.993305891752243042e-02
8.208876252174377441e-01
6.982157230377197266e-01
4.505651295185089111e-01
1.901231519877910614e-02
9.055188298225402832e-01
9.307987689971923828e-01
8.531922101974487305e-01
9.341160655021667480e-01
5.268269777297973633e-01
5.776781439781188965e-01
3.690020143985748291e-01
3.994588851928710938e-01
6.939702630043029785e-01
9.463584423065185547e-01
4.140293300151824951e-01
