0.310426712036133 0.787508010864258
0.143470764160156 0.961761474609375
0.963272094726562 0.100204467773438
0.691875457763672 0.978088378906250
0.398544311523438 0.429447174072266
0.356571197509766 0.929500579833984
0.907066345214844 0.702392578125000
0.968248367309570 0.210437774658203
0.803625106811523 0.177244186401367
0.452396392822266 0.020580291748047
0.064079284667969 0.623249053955078
0.671829223632812 0.616657257080078
0.812200546264648 0.965250015258789
0.603620529174805 0.150236129760742
0.289886474609375 0.320569992065430
0.096576690673828 0.668306350708008
0.268085479736328 0.966518402099609
0.584831237792969 0.829713821411133
0.320249557495117 0.052732467651367
0.248943328857422 0.814506530761719
0.511440277099609 0.930589675903320
0.839336395263672 0.602491378784180
0.673400878906250 0.772718429565430
0.952600479125977 0.272495269775391
0.179462432861328 0.485021591186523
0.574869155883789 0.440185546875000
0.300325393676758 0.239919662475586
0.880992889404297 0.985839843750000
0.911489486694336 0.565298080444336
0.035608291625977 0.361133575439453
0.686073303222656 0.686515808105469
0.728637695312500 0.643386840820312
0.432123184204102 0.674831390380859
0.774084091186523 0.379755020141602
0.138336181640625 0.881793975830078
0.324811935424805 0.119941711425781
0.223417282104492 0.430257797241211
0.622386932373047 0.665374755859375
0.508842468261719 0.580961227416992
0.021718978881836 0.173240661621094
0.553224563598633 0.308641433715820
0.408981323242188 0.739110946655273
0.039733886718750 0.980571746826172
0.442174911499023 0.391258239746094
0.276456832885742 0.735898971557617
0.211448669433594 0.976613998413086
0.758691787719727 0.940013885498047
0.935752868652344 0.947784423828125
0.578487396240234 0.730691909790039
0.888032913208008 0.043716430664062
0.685981750488281 0.043581008911133
0.448925018310547 0.775184631347656
0.710256576538086 0.909582138061523
0.836887359619141 0.077508926391602
0.823593139648438 0.897987365722656
0.088233947753906 0.103588104248047
0.175117492675781 0.281059265136719
0.181625366210938 0.379600524902344
0.295518875122070 0.676982879638672
0.791013717651367 0.552726745605469
0.938972473144531 0.167972564697266
0.061313629150391 0.413473129272461
0.833717346191406 0.381139755249023
0.510139465332031 0.989793777465820
0.355207443237305 0.874584197998047
0.873981475830078 0.147634506225586
0.768533706665039 0.869653701782227
0.574895858764648 0.953794479370117
0.238969802856445 0.282524108886719
0.494712829589844 0.521987915039062
0.361679077148438 0.226331710815430
0.817640304565430 0.493831634521484
0.857879638671875 0.542631149291992
0.751255035400391 0.066425323486328
0.689258575439453 0.115764617919922
0.680587768554688 0.489919662475586
0.376157760620117 0.036573410034180
0.786518096923828 0.632991790771484
0.096742630004883 0.001161575317383
0.502511978149414 0.410207748413086
0.878854751586914 0.769962310791016
0.823366165161133 0.257040023803711
0.051803588867188 0.569919586181641
0.890703201293945 0.827016830444336
0.362957000732422 0.682138442993164
0.090724945068359 0.161191940307617
0.145269393920898 0.179891586303711
0.090021133422852 0.309217453002930
0.549816131591797 0.026275634765625
0.379011154174805 0.551326751708984
0.756200790405273 0.798883438110352
0.013467788696289 0.909818649291992
0.420814514160156 0.178100585937500
0.668333053588867 0.344419479370117
0.822017669677734 0.315965652465820
0.001092910766602 0.624845504760742
0.281402587890625 0.459619522094727
0.838037490844727 0.732070922851562
0.907873153686523 0.102941513061523
0.399589538574219 0.489728927612305
0.281969070434570 0.910995483398438
0.111259460449219 0.382287979125977
0.225973129272461 0.876512527465820
0.437751770019531 0.542594909667969
0.480920791625977 0.704723358154297
0.993888854980469 0.528707504272461
0.547363281250000 0.673255920410156
0.210702896118164 0.090457916259766
0.855821609497070 0.203153610229492
0.885257720947266 0.637943267822266
0.624895095825195 0.477472305297852
0.560081481933594 0.093717575073242
0.813526153564453 0.022672653198242
0.139894485473633 0.042201995849609
0.873914718627930 0.924903869628906
0.667474746704102 0.870702743530273
0.129293441772461 0.541921615600586
0.940544128417969 0.771396636962891
0.710674285888672 0.379882812500000
0.242868423461914 0.217046737670898
0.742547988891602 0.132566452026367
0.634168624877930 0.573259353637695
0.563552856445312 0.562368392944336
0.368156433105469 0.809000015258789
0.449039459228516 0.953990936279297
0.972822189331055 0.815132141113281
0.324136734008789 0.982406616210938
0.965070724487305 0.577363967895508
0.077526092529297 0.876373291015625
0.621723175048828 0.003257751464844
0.073173522949219 0.520673751831055
0.700613021850586 0.289527893066406
0.016340255737305 0.251472473144531
0.723701477050781 0.437906265258789
0.894069671630859 0.491689682006836
0.518796920776367 0.139867782592773
0.322984695434570 0.622400283813477
0.102083206176758 0.468931198120117
0.633359909057617 0.809635162353516
0.950925827026367 0.487165451049805
0.833709716796875 0.677770614624023
0.636867523193359 0.198040008544922
0.746833801269531 0.007047653198242
0.920743942260742 0.420986175537109
0.551214218139648 0.375633239746094
0.484638214111328 0.206867218017578
0.946186065673828 0.026401519775391
0.082380294799805 0.808437347412109
0.178300857543945 0.833959579467773
0.495378494262695 0.071596145629883
0.538492202758789 0.241279602050781
0.610677719116211 0.893568038940430
0.768131256103516 0.702220916748047
0.166593551635742 0.674423217773438
0.942279815673828 0.644075393676758
0.482591629028320 0.877265930175781
0.985038757324219 0.971885681152344
0.020685195922852 0.765640258789062
0.004676818847656 0.044757843017578
0.084009170532227 0.932973861694336
0.643476486206055 0.944816589355469
0.489133834838867 0.821008682250977
0.793750762939453 0.440328598022461
0.618183135986328 0.312570571899414
0.740175247192383 0.577789306640625
0.393894195556641 0.979433059692383
0.418994903564453 0.835906982421875
0.752555847167969 0.204719543457031
0.966943740844727 0.877294540405273
0.608413696289062 0.378412246704102
0.696853637695312 0.186180114746094
0.215272903442383 0.770900726318359
0.721048355102539 0.738395690917969
0.150789260864258 0.435537338256836
0.116142272949219 0.248031616210938
0.273664474487305 0.391479492187500
0.149967193603516 0.107904434204102
0.516139984130859 0.745666503906250
0.610322952270508 0.055486679077148
0.549434661865234 0.879480361938477
0.598585128784180 0.253583908081055
0.355716705322266 0.171123504638672
0.799732208251953 0.772594451904297
0.863763809204102 0.437667846679688
0.463113784790039 0.463430404663086
0.348810195922852 0.740318298339844
0.263799667358398 0.036964416503906
0.498277664184570 0.637495040893555
0.431869506835938 0.327049255371094
0.755390167236328 0.321578979492188
0.530057907104492 0.476863861083984
0.384351730346680 0.109344482421875
0.190732955932617 0.617786407470703
0.015529632568359 0.683708190917969
0.267475128173828 0.108375549316406
0.328502655029297 0.390184402465820
0.337812423706055 0.299043655395508
0.757680892944336 0.259502410888672
0.029771804809570 0.305553436279297
0.461128234863281 0.136278152465820
0.889408111572266 0.300292968750000
0.030408859252930 0.475400924682617
0.961540222167969 0.329490661621094
0.061071395874023 0.728111267089844
0.889343261718750 0.357851028442383
0.908941268920898 0.877712249755859
0.374959945678711 0.362400054931641
0.281673431396484 0.173038482666016
0.558504104614258 0.185529708862305
0.432218551635742 0.242908477783203
0.316371917724609 0.569076538085938
0.228979110717773 0.345123291015625
0.173648834228516 0.736272811889648
0.654161453247070 0.420812606811523
0.631839752197266 0.729074478149414
0.582090377807617 0.621824264526367
0.994043350219727 0.431541442871094
0.018331527709961 0.116741180419922
0.185012817382812 0.550394058227539
0.963554382324219 0.382158279418945
0.062593460083008 0.055210113525391
0.748039245605469 0.496643066406250
0.486824035644531 0.279554367065430
0.134847640991211 0.797058105468750
0.342197418212891 0.458663940429688
0.230205535888672 0.692892074584961
0.190896987915039 0.921207427978516
0.207633972167969 0.152685165405273
0.115179061889648 0.730867385864258
0.666757583618164 0.249368667602539
0.897775650024414 0.238321304321289
0.442304611206055 0.605882644653320
0.430368423461914 0.077913284301758
0.185564041137695 0.221107482910156
0.130239486694336 0.608863830566406
0.029649734497070 0.837514877319336
0.801607131958008 0.116027832031250
0.385908126831055 0.622636795043945
0.197448730468750 0.031074523925781
0.314243316650391 0.516078948974609
0.251167297363281 0.627502441406250
0.066761016845703 0.221977233886719
0.147127151489258 0.327796936035156
0.692268371582031 0.545673370361328
0.546586990356445 0.792585372924805
0.639142990112305 0.104867935180664
0.297464370727539 0.852159500122070
0.240076065063477 0.506240844726562
0.712604522705078 0.830577850341797
0.247497558593750 0.567583084106445
0.421575546264648 0.898963928222656
0.391374588012695 0.285991668701172
0.592294692993164 0.519729614257812
0.493581771850586 0.341289520263672
0.827552795410156 0.834543228149414
0.968170166015625 0.717029571533203
