0.091594696044922 0.746440887451172
0.003992080688477 0.022274017333984
0.424009323120117 0.250724792480469
0.973560333251953 0.140985488891602
0.361175537109375 0.483428955078125
0.312051773071289 0.197217941284180
0.225347518920898 0.119157791137695
0.285469055175781 0.456197738647461
0.056835174560547 0.606750488281250
0.539119720458984 0.333700180053711
0.162708282470703 0.647235870361328
0.038900375366211 0.125200271606445
0.918333053588867 0.220579147338867
0.658359527587891 0.838186264038086
0.037277221679688 0.557935714721680
0.853988647460938 0.887449264526367
0.941650390625000 0.991687774658203
0.102615356445312 0.197893142700195
0.675611495971680 0.713275909423828
0.280046463012695 0.660640716552734
0.733078002929688 0.880943298339844
0.020357131958008 0.730760574340820
0.785436630249023 0.610601425170898
0.701585769653320 0.963600158691406
0.976716995239258 0.244506835937500
0.363025665283203 0.144323348999023
0.401159286499023 0.434150695800781
0.279788970947266 0.967967987060547
0.434837341308594 0.493471145629883
0.499402999877930 0.692827224731445
0.678844451904297 0.783821105957031
0.561304092407227 0.734424591064453
0.175168991088867 0.439802169799805
0.216547012329102 0.481512069702148
0.282094955444336 0.262525558471680
0.850461959838867 0.075332641601562
0.046108245849609 0.236127853393555
0.200639724731445 0.069450378417969
0.044719696044922 0.984113693237305
0.455257415771484 0.568969726562500
0.730411529541016 0.815130233764648
0.540878295898438 0.014307022094727
0.889427185058594 0.825056076049805
0.440423965454102 0.951873779296875
0.790458679199219 0.835302352905273
0.991983413696289 0.506292343139648
0.008981704711914 0.190690994262695
0.132089614868164 0.243638992309570
0.324033737182617 0.617733001708984
0.516305923461914 0.401292800903320
0.433799743652344 0.627136230468750
0.487535476684570 0.997802734375000
0.489963531494141 0.746637344360352
0.482143402099609 0.902130126953125
0.433517456054688 0.690704345703125
0.263326644897461 0.809320449829102
0.102191925048828 0.691610336303711
0.577295303344727 0.368129730224609
0.190111160278320 0.578037261962891
0.543134689331055 0.274255752563477
0.745784759521484 0.074338912963867
0.912832260131836 0.099554061889648
0.868928909301758 0.600418090820312
0.591409683227539 0.801937103271484
0.312704086303711 0.707529067993164
0.085056304931641 0.148706436157227
0.326181411743164 0.813007354736328
0.526491165161133 0.794441223144531
0.928413391113281 0.656267166137695
0.851730346679688 0.973705291748047
0.040536880493164 0.789850234985352
0.390174865722656 0.537052154541016
0.574817657470703 0.911424636840820
0.624513626098633 0.207027435302734
0.451940536499023 0.193323135375977
0.455133438110352 0.132383346557617
0.125785827636719 0.570211410522461
0.807611465454102 0.105592727661133
0.864202499389648 0.250038146972656
0.130041122436523 0.095163345336914
0.051521301269531 0.490530014038086
0.237800598144531 0.927722930908203
0.222473144531250 0.709440231323242
0.901565551757812 0.942071914672852
0.741182327270508 0.316102981567383
0.301643371582031 0.024602890014648
0.789218902587891 0.764972686767578
0.003465652465820 0.354352951049805
0.478837966918945 0.837566375732422
0.396875381469727 0.092975616455078
0.242845535278320 0.218572616577148
0.322149276733398 0.918750762939453
0.367502212524414 0.663499832153320
0.956789016723633 0.394367218017578
0.713457107543945 0.026775360107422
0.109958648681641 0.630384445190430
0.354442596435547 0.977285385131836
0.288776397705078 0.381097793579102
0.093729019165039 0.286174774169922
0.542673110961914 0.855934143066406
0.897171020507812 0.513273239135742
0.611198425292969 0.870086669921875
0.237842559814453 0.534235000610352
0.276470184326172 0.324909210205078
0.792366027832031 0.895299911499023
0.533565521240234 0.470987319946289
0.846990585327148 0.546184539794922
0.424385070800781 0.010898590087891
0.101062774658203 0.514829635620117
0.495594024658203 0.633874893188477
0.583961486816406 0.433038711547852
0.606718063354492 0.095108032226562
0.645441055297852 0.434463500976562
0.033662796020508 0.299224853515625
0.914560317993164 0.292236328125000
0.939786911010742 0.805969238281250
0.937280654907227 0.729907989501953
0.557235717773438 0.214879989624023
0.540599822998047 0.114351272583008
0.625450134277344 0.753114700317383
0.816064834594727 0.294944763183594
0.651941299438477 0.317079544067383
0.649885177612305 0.019203186035156
0.273105621337891 0.078342437744141
0.107572555541992 0.344760894775391
0.584548950195312 0.157306671142578
0.280029296875000 0.152357101440430
0.442764282226562 0.773469924926758
0.451162338256836 0.385547637939453
0.936733245849609 0.047441482543945
0.062139511108398 0.375684738159180
0.663734436035156 0.505401611328125
0.987798690795898 0.610389709472656
0.592512130737305 0.602594375610352
0.226037979125977 0.859935760498047
0.753263473510742 0.963375091552734
0.862421035766602 0.147697448730469
0.778194427490234 0.201440811157227
0.065526962280273 0.066928863525391
0.254776000976562 0.595586776733398
0.925697326660156 0.463548660278320
0.651968002319336 0.150884628295898
0.708740234375000 0.617250442504883
0.344242095947266 0.347196578979492
0.351758956909180 0.292558670043945
0.705663681030273 0.471378326416016
0.340867996215820 0.417377471923828
0.158432006835938 0.032125473022461
0.027412414550781 0.925897598266602
0.716480255126953 0.414443969726562
0.708528518676758 0.134117126464844
0.553461074829102 0.538890838623047
0.238821029663086 0.415618896484375
0.315574645996094 0.559185028076172
0.957260131835938 0.546604156494141
0.836271286010742 0.197956085205078
0.767982482910156 0.142499923706055
0.769996643066406 0.667940139770508
0.713495254516602 0.199731826782227
0.428487777709961 0.305126190185547
0.531339645385742 0.592382431030273
0.186298370361328 0.968435287475586
0.828123092651367 0.489583969116211
0.231521606445312 0.012937545776367
0.871440887451172 0.437568664550781
0.387758255004883 0.725006103515625
0.141374588012695 0.392700195312500
0.217538833618164 0.647315979003906
0.840974807739258 0.648826599121094
0.491327285766602 0.247417449951172
0.643117904663086 0.945856094360352
0.482837677001953 0.325450897216797
0.032266616821289 0.862182617187500
0.745273590087891 0.524045944213867
0.923475265502930 0.166986465454102
0.328857421875000 0.096498489379883
0.163888931274414 0.720823287963867
0.875055313110352 0.754024505615234
0.473281860351562 0.446451187133789
0.160284042358398 0.511968612670898
0.711597442626953 0.673555374145508
0.695684432983398 0.566909790039062
0.156244277954102 0.147979736328125
0.601434707641602 0.282424926757812
0.634069442749023 0.372127532958984
0.879348754882812 0.694616317749023
0.659643173217773 0.245500564575195
0.163639068603516 0.315959930419922
0.083520889282227 0.828105926513672
0.598079681396484 0.496225357055664
0.040443420410156 0.426343917846680
0.778060913085938 0.360689163208008
0.174652099609375 0.904970169067383
0.993247985839844 0.082958221435547
0.923803329467773 0.591943740844727
0.589315414428711 0.042564392089844
0.204080581665039 0.781421661376953
0.166931152343750 0.835767745971680
0.202234268188477 0.177413940429688
0.592319488525391 0.974529266357422
0.184532165527344 0.243120193481445
0.361116409301758 0.861740112304688
0.509864807128906 0.171640396118164
0.345199584960938 0.761581420898438
0.425413131713867 0.871490478515625
0.863512039184570 0.326927185058594
0.970554351806641 0.940601348876953
0.222784042358398 0.297861099243164
0.798423767089844 0.420110702514648
0.524093627929688 0.942054748535156
0.964719772338867 0.309574127197266
0.614852905273438 0.687818527221680
0.088253021240234 0.924104690551758
0.838151931762695 0.804353713989258
0.040824890136719 0.668188095092773
0.097497940063477 0.023185729980469
0.630489349365234 0.555601119995117
0.206499099731445 0.365217208862305
0.301359176635742 0.508365631103516
0.679618835449219 0.898075103759766
0.870510101318359 0.024433135986328
0.491073608398438 0.522649765014648
0.805690765380859 0.954103469848633
0.918287277221680 0.882904052734375
0.402282714843750 0.807935714721680
0.136606216430664 0.783546447753906
0.984794616699219 0.445482254028320
0.770290374755859 0.465188980102539
0.125619888305664 0.967046737670898
0.670454025268555 0.082811355590820
0.976495742797852 0.870021820068359
0.267244338989258 0.749660491943359
0.790287017822266 0.027818679809570
0.559900283813477 0.664150238037109
0.391572952270508 0.189308166503906
0.287101745605469 0.873779296875000
0.983980178833008 0.785383224487305
0.387407302856445 0.925029754638672
0.449995040893555 0.067750930786133
0.701995849609375 0.363647460937500
0.118049621582031 0.876115798950195
0.909746170043945 0.372776031494141
0.773469924926758 0.258090972900391
0.506645202636719 0.073152542114258
0.382211685180664 0.594003677368164
0.982746124267578 0.681159973144531
0.735885620117188 0.742328643798828
0.108032226562500 0.446252822875977
0.783735275268555 0.559690475463867
0.706407546997070 0.270042419433594
0.352838516235352 0.240390777587891
0.643640518188477 0.632158279418945
0.399181365966797 0.362213134765625
0.811590194702148 0.710735321044922
0.841630935668945 0.380760192871094
0.365924835205078 0.035709381103516
