0.077928543090820 0.501218795776367
0.030282974243164 0.017986297607422
0.562986373901367 0.123174667358398
0.453708648681641 0.612844467163086
0.776876449584961 0.074434280395508
0.612541198730469 0.817653656005859
0.394781112670898 0.927289962768555
0.901329040527344 0.083395004272461
0.298208236694336 0.012189865112305
0.371770858764648 0.424629211425781
0.197023391723633 0.032903671264648
0.002954483032227 0.753614425659180
0.381824493408203 0.368682861328125
0.890617370605469 0.727037429809570
0.346565246582031 0.539550781250000
0.525568008422852 0.235273361206055
0.634313583374023 0.262224197387695
0.011022567749023 0.109252929687500
0.059288024902344 0.736032485961914
0.492063522338867 0.393348693847656
0.110197067260742 0.193777084350586
0.504962921142578 0.044818878173828
0.298641204833984 0.500169754028320
0.948188781738281 0.912717819213867
0.061132431030273 0.797632217407227
0.272016525268555 0.560071945190430
0.055498123168945 0.161668777465820
0.346502304077148 0.162658691406250
0.433259963989258 0.417697906494141
0.913797378540039 0.525815963745117
0.255256652832031 0.871343612670898
0.817304611206055 0.031736373901367
0.857446670532227 0.850307464599609
0.721183776855469 0.171888351440430
0.087083816528320 0.577678680419922
0.335311889648438 0.322801589965820
0.602472305297852 0.402761459350586
0.578575134277344 0.252416610717773
0.867740631103516 0.597141265869141
0.691659927368164 0.225519180297852
0.904041290283203 0.660711288452148
0.742933273315430 0.026672363281250
0.298658370971680 0.621850967407227
0.690507888793945 0.962982177734375
0.360727310180664 0.220586776733398
0.978698730468750 0.551643371582031
0.324790954589844 0.265512466430664
0.198194503784180 0.836164474487305
0.979059219360352 0.965633392333984
0.628376007080078 0.975467681884766
0.615001678466797 0.914999008178711
0.420497894287109 0.185035705566406
0.228734970092773 0.606714248657227
0.574262619018555 0.007747650146484
0.257379531860352 0.438915252685547
0.463500976562500 0.706537246704102
0.034189224243164 0.445846557617188
0.992885589599609 0.386602401733398
0.714736938476562 0.349254608154297
0.344009399414062 0.681058883666992
0.110610961914062 0.455375671386719
0.777309417724609 0.539554595947266
0.294830322265625 0.129461288452148
0.170934677124023 0.893781661987305
0.151399612426758 0.675889968872070
0.729021072387695 0.474540710449219
0.596206665039062 0.467350006103516
0.401197433471680 0.312126159667969
0.141929626464844 0.014556884765625
0.580717086791992 0.874300003051758
0.187759399414062 0.114927291870117
0.539817810058594 0.829055786132812
0.161674499511719 0.956895828247070
0.373901367187500 0.982152938842773
0.069786071777344 0.397497177124023
0.279499053955078 0.793336868286133
0.115489959716797 0.128433227539062
0.844036102294922 0.102825164794922
0.913833618164062 0.285326004028320
0.978717803955078 0.314750671386719
0.654382705688477 0.180381774902344
0.981161117553711 0.043056488037109
0.666698455810547 0.841247558593750
0.518766403198242 0.719032287597656
0.903642654418945 0.886137008666992
0.844116210937500 0.537208557128906
0.954769134521484 0.705894470214844
0.365356445312500 0.482889175415039
0.212455749511719 0.392494201660156
0.690992355346680 0.288810729980469
0.653482437133789 0.515775680541992
0.515336990356445 0.314493179321289
0.412933349609375 0.685214996337891
0.773641586303711 0.415412902832031
0.959573745727539 0.632564544677734
0.476070404052734 0.918397903442383
0.273889541625977 0.670827865600586
0.530178070068359 0.609119415283203
0.713520050048828 0.416055679321289
0.160236358642578 0.612960815429688
0.410631179809570 0.256694793701172
0.858354568481445 0.241127014160156
0.995700836181641 0.822238922119141
0.235565185546875 0.496913909912109
0.935245513916016 0.831359863281250
0.927177429199219 0.350391387939453
0.660667419433594 0.639820098876953
0.471380233764648 0.547565460205078
0.049175262451172 0.858793258666992
0.733322143554688 0.834865570068359
0.597398757934570 0.602258682250977
0.401309967041016 0.130830764770508
0.484041213989258 0.794889450073242
0.351623535156250 0.796997070312500
0.008380889892578 0.675821304321289
0.135080337524414 0.397216796875000
0.099777221679688 0.301282882690430
0.084039688110352 0.020969390869141
0.097856521606445 0.895009994506836
0.623573303222656 0.125120162963867
0.044569015502930 0.348136901855469
0.958969116210938 0.448598861694336
0.369430541992188 0.871986389160156
0.470958709716797 0.278192520141602
0.801315307617188 0.840818405151367
0.857540130615234 0.165658950805664
0.685914993286133 0.726743698120117
0.750652313232422 0.966455459594727
0.378604888916016 0.741439819335938
0.747793197631836 0.250181198120117
0.353944778442383 0.034971237182617
0.513399124145508 0.980148315429688
0.532169342041016 0.554330825805664
0.551160812377930 0.774904251098633
0.816085815429688 0.972236633300781
0.183799743652344 0.441085815429688
0.442525863647461 0.865629196166992
0.311738967895508 0.736618041992188
0.725812911987305 0.592271804809570
0.792791366577148 0.184940338134766
0.922431945800781 0.407159805297852
0.633981704711914 0.765993118286133
0.707124710083008 0.782129287719727
0.409986495971680 0.557773590087891
0.941650390625000 0.770990371704102
0.243089675903320 0.167984008789062
0.926784515380859 0.583648681640625
0.298746109008789 0.955352783203125
0.992034912109375 0.490943908691406
0.001287460327148 0.893272399902344
0.136074066162109 0.075141906738281
0.873491287231445 0.792545318603516
0.130414962768555 0.792808532714844
0.168567657470703 0.174993515014648
0.661561965942383 0.384567260742188
0.202795028686523 0.221176147460938
0.794942855834961 0.481004714965820
0.576745986938477 0.660490036010742
0.040119171142578 0.947080612182617
0.182029724121094 0.742853164672852
0.953851699829102 0.102975845336914
0.031913757324219 0.288433074951172
0.920585632324219 0.153657913208008
0.895416259765625 0.475059509277344
0.220308303833008 0.786981582641602
0.347938537597656 0.596927642822266
0.241233825683594 0.098585128784180
0.165824890136719 0.496543884277344
0.623470306396484 0.049364089965820
0.062570571899414 0.086517333984375
0.134489059448242 0.343576431274414
0.598381042480469 0.538396835327148
0.256896972656250 0.045125961303711
0.802299499511719 0.241659164428711
0.713705062866211 0.531208038330078
0.488786697387695 0.131965637207031
0.036340713500977 0.543218612670898
0.294752120971680 0.371307373046875
0.576583862304688 0.314441680908203
0.145042419433594 0.252861022949219
0.247953414916992 0.725973129272461
0.245769500732422 0.256719589233398
0.759542465209961 0.323602676391602
0.660362243652344 0.581644058227539
0.673171997070312 0.901922225952148
0.209884643554688 0.669347763061523
0.552225112915039 0.371673583984375
0.199941635131836 0.552293777465820
0.537822723388672 0.498563766479492
0.720737457275391 0.106565475463867
0.866432189941406 0.323204040527344
0.454082489013672 0.347585678100586
0.932922363281250 0.010515213012695
0.015272140502930 0.223035812377930
0.477407455444336 0.471286773681641
0.803014755249023 0.595825195312500
0.813695907592773 0.304790496826172
0.459297180175781 0.092308044433594
0.508543014526367 0.874452590942383
0.554405212402344 0.939910888671875
0.468908309936523 0.209379196166992
0.717264175415039 0.663305282592773
0.403171539306641 0.067270278930664
0.425964355468750 0.492322921752930
0.733417510986328 0.895656585693359
0.863546371459961 0.395589828491211
0.893615722656250 0.963514328002930
0.681936264038086 0.027446746826172
0.219604492187500 0.345001220703125
0.985977172851562 0.172174453735352
0.134786605834961 0.546941757202148
0.873014450073242 0.027595520019531
0.500198364257812 0.655488967895508
0.636734008789062 0.692674636840820
0.773742675781250 0.643419265747070
0.848230361938477 0.919021606445312
0.333721160888672 0.089595794677734
0.594079971313477 0.190311431884766
0.842950820922852 0.457189559936523
0.960044860839844 0.245052337646484
0.671190261840820 0.095384597778320
0.073963165283203 0.240562438964844
0.559078216552734 0.068996429443359
0.021146774291992 0.611415863037109
0.749265670776367 0.722682952880859
0.809341430664062 0.374458312988281
0.230527877807617 0.975116729736328
0.437047958374023 0.765062332153320
0.313407897949219 0.427639007568359
0.092805862426758 0.632570266723633
0.829736709594727 0.752794265747070
0.123111724853516 0.731941223144531
0.847759246826172 0.661371231079102
0.634971618652344 0.333099365234375
0.228075027465820 0.919826507568359
0.805353164672852 0.699218750000000
0.778902053833008 0.783945083618164
0.098291397094727 0.952775955200195
0.788860321044922 0.907444000244141
0.269680023193359 0.309915542602539
0.445425033569336 0.965841293334961
0.783075332641602 0.132915496826172
0.910461425781250 0.211534500122070
0.072841644287109 0.680965423583984
0.321971893310547 0.910800933837891
0.126371383666992 0.845386505126953
0.658298492431641 0.454532623291016
0.308078765869141 0.845352172851562
0.290277481079102 0.208168029785156
0.580884933471680 0.722656250000000
0.444929122924805 0.021148681640625
0.186037063598633 0.298200607299805
0.534763336181641 0.437705993652344
0.409440994262695 0.821378707885742
0.527873992919922 0.172557830810547
0.393758773803711 0.630226135253906
