0.211936950683594 0.467638015747070
0.195478439331055 0.975404739379883
0.821626663208008 0.203722000122070
0.036855697631836 0.456024169921875
0.112470626831055 0.444629669189453
0.220840454101562 0.590341567993164
0.223560333251953 0.024291992187500
0.186372756958008 0.342292785644531
0.203496932983398 0.912462234497070
0.085388183593750 0.747510910034180
0.057018280029297 0.008392333984375
0.115953445434570 0.811231613159180
0.018842697143555 0.522073745727539
0.333642959594727 0.843502044677734
0.407066345214844 0.861722946166992
0.609207153320312 0.821315765380859
0.744981765747070 0.928415298461914
0.031682968139648 0.061325073242188
0.767478942871094 0.147855758666992
0.385572433471680 0.516639709472656
0.626399993896484 0.604629516601562
0.103490829467773 0.263805389404297
0.727365493774414 0.584821701049805
0.489568710327148 0.961370468139648
0.977046966552734 0.021192550659180
0.807428359985352 0.956157684326172
0.035882949829102 0.768087387084961
0.442712783813477 0.184850692749023
0.691425323486328 0.035676956176758
0.899471282958984 0.471624374389648
0.843843460083008 0.145917892456055
0.993030548095703 0.574619293212891
0.007965087890625 0.345958709716797
0.333772659301758 0.719003677368164
0.059669494628906 0.578422546386719
0.942667007446289 0.521833419799805
0.827579498291016 0.517330169677734
0.143125534057617 0.159082412719727
0.889961242675781 0.620544433593750
0.411172866821289 0.235010147094727
0.754901885986328 0.986377716064453
0.648143768310547 0.322664260864258
0.376886367797852 0.790306091308594
0.585224151611328 0.063873291015625
0.103097915649414 0.669843673706055
0.126668930053711 0.320690155029297
0.621118545532227 0.946971893310547
0.493961334228516 0.431669235229492
0.065549850463867 0.904804229736328
0.740976333618164 0.803234100341797
0.373386383056641 0.059316635131836
0.421379089355469 0.029823303222656
0.378849029541016 0.298492431640625
0.954763412475586 0.308917999267578
0.957950592041016 0.752748489379883
0.352815628051758 0.452884674072266
0.102260589599609 0.055498123168945
0.628078460693359 0.518400192260742
0.791168212890625 0.338035583496094
0.488618850708008 0.147850036621094
0.565528869628906 0.981185913085938
0.063766479492188 0.323307037353516
0.822391510009766 0.032182693481445
0.993438720703125 0.706762313842773
0.494611740112305 0.216993331909180
0.012577056884766 0.905584335327148
0.047042846679688 0.685745239257812
0.790193557739258 0.096071243286133
0.882709503173828 0.292005538940430
0.842647552490234 0.902750015258789
0.752666473388672 0.662277221679688
0.350936889648438 0.247884750366211
0.234050750732422 0.867385864257812
0.276325225830078 0.693946838378906
0.907735824584961 0.692163467407227
0.981916427612305 0.101324081420898
0.006637573242188 0.966571807861328
0.121978759765625 0.546617507934570
0.510889053344727 0.671089172363281
0.471256256103516 0.543123245239258
0.933565139770508 0.975833892822266
0.827720642089844 0.268535614013672
0.850397109985352 0.341651916503906
0.677583694458008 0.853368759155273
0.089260101318359 0.176372528076172
0.700466156005859 0.202398300170898
0.454683303833008 0.277090072631836
0.922355651855469 0.356679916381836
0.276031494140625 0.437391281127930
0.666103363037109 0.794111251831055
0.542640686035156 0.343524932861328
0.721641540527344 0.316385269165039
0.939083099365234 0.591678619384766
0.836368560791016 0.731584548950195
0.682765960693359 0.978458404541016
0.272293090820312 0.821527481079102
0.553676605224609 0.186038970947266
0.318712234497070 0.776344299316406
0.298219680786133 0.294319152832031
0.292484283447266 0.222850799560547
0.079860687255859 0.503139495849609
0.782617568969727 0.567081451416016
0.837276458740234 0.461561203002930
0.893054962158203 0.800382614135742
0.746767044067383 0.382165908813477
0.150547027587891 0.227300643920898
0.545402526855469 0.117925643920898
0.256862640380859 0.956127166748047
0.987625122070312 0.398672103881836
0.227708816528320 0.397701263427734
0.642568588256836 0.254091262817383
0.325672149658203 0.029731750488281
0.679357528686523 0.617832183837891
0.089677810668945 0.966453552246094
0.289031982421875 0.377069473266602
0.325677871704102 0.544000625610352
0.477899551391602 0.023975372314453
0.522729873657227 0.740810394287109
0.488979339599609 0.485765457153320
0.162528991699219 0.605775833129883
0.294107437133789 0.896085739135742
0.795150756835938 0.638719558715820
0.999805450439453 0.185895919799805
0.086328506469727 0.112123489379883
0.681465148925781 0.542743682861328
0.978662490844727 0.241033554077148
0.984577178955078 0.801799774169922
0.779104232788086 0.727777481079102
0.484481811523438 0.884622573852539
0.528617858886719 0.265340805053711
0.143606185913086 0.945245742797852
0.113971710205078 0.379402160644531
0.389974594116211 0.643457412719727
0.845571517944336 0.668956756591797
0.868354797363281 0.400674819946289
0.190395355224609 0.538421630859375
0.140563964843750 0.712659835815430
0.256557464599609 0.167194366455078
0.448587417602539 0.623714447021484
0.954374313354492 0.656866073608398
0.737590789794922 0.863155364990234
0.859136581420898 0.086919784545898
0.338943481445312 0.345401763916016
0.897237777709961 0.912487030029297
0.844377517700195 0.836874008178711
0.416767120361328 0.342485427856445
0.624567031860352 0.015859603881836
0.567516326904297 0.697975158691406
0.602968215942383 0.132263183593750
0.587617874145508 0.293724060058594
0.170795440673828 0.408985137939453
0.683046340942383 0.479295730590820
0.394830703735352 0.152509689331055
0.885292053222656 0.542436599731445
0.933546066284180 0.068143844604492
0.941551208496094 0.171865463256836
0.975923538208008 0.469011306762695
0.166349411010742 0.851263046264648
0.618669509887695 0.885301589965820
0.150224685668945 0.020217895507812
0.475227355957031 0.378246307373047
0.681823730468750 0.916770935058594
0.723398208618164 0.747653961181641
0.558265686035156 0.871990203857422
0.357400894165039 0.590690612792969
0.611049652099609 0.744472503662109
0.890468597412109 0.028503417968750
0.159532546997070 0.767295837402344
0.245750427246094 0.324535369873047
0.608947753906250 0.457387924194336
0.909368515014648 0.129055023193359
0.992151260375977 0.851125717163086
0.837631225585938 0.589292526245117
0.692241668701172 0.144569396972656
0.702692031860352 0.675956726074219
0.256114959716797 0.755664825439453
0.567857742309570 0.630146026611328
0.637264251708984 0.411100387573242
0.062618255615234 0.833919525146484
0.545404434204102 0.927997589111328
0.628374099731445 0.673301696777344
0.280818939208984 0.584283828735352
0.058076858520508 0.221969604492188
0.535230636596680 0.030950546264648
0.103363037109375 0.614488601684570
0.805658340454102 0.790685653686523
0.762733459472656 0.208549499511719
0.508764266967773 0.605978012084961
0.551788330078125 0.414978027343750
0.241436004638672 0.253015518188477
0.342998504638672 0.185226440429688
0.344350814819336 0.113029479980469
0.590095520019531 0.227670669555664
0.326484680175781 0.648424148559570
0.767631530761719 0.461446762084961
0.482295989990234 0.778768539428711
0.558101654052734 0.487226486206055
0.586315155029297 0.561859130859375
0.359701156616211 0.967742919921875
0.708641052246094 0.432256698608398
0.637939453125000 0.178462982177734
0.667785644531250 0.726615905761719
0.056877136230469 0.399772644042969
0.488819122314453 0.321632385253906
0.510520935058594 0.833415985107422
0.208133697509766 0.801321029663086
0.362903594970703 0.901077270507812
0.715639114379883 0.094144821166992
0.647077560424805 0.086513519287109
0.435913085937500 0.815896987915039
0.253383636474609 0.516519546508789
0.210887908935547 0.716485977172852
0.427127838134766 0.099412918090820
0.308008193969727 0.488185882568359
0.749208450317383 0.515235900878906
0.028631210327148 0.136886596679688
0.184734344482422 0.279563903808594
0.930746078491211 0.420106887817383
0.205406188964844 0.199308395385742
0.893836975097656 0.748405456542969
0.232004165649414 0.085136413574219
0.415634155273438 0.970355987548828
0.437524795532227 0.918836593627930
0.361583709716797 0.398120880126953
0.921699523925781 0.247606277465820
0.531988143920898 0.544643402099609
0.197198867797852 0.131986618041992
0.881181716918945 0.205690383911133
0.424356460571289 0.474748611450195
0.184860229492188 0.662223815917969
0.595973968505859 0.365760803222656
0.562643051147461 0.789413452148438
0.791563034057617 0.871089935302734
0.683353424072266 0.370332717895508
0.491069793701172 0.086765289306641
0.254518508911133 0.642400741577148
0.430932998657227 0.744462966918945
0.119709014892578 0.886932373046875
0.292049407958984 0.127580642700195
0.804407119750977 0.407154083251953
0.388757705688477 0.706365585327148
0.306638717651367 0.965183258056641
0.768918991088867 0.273357391357422
0.017417907714844 0.632555007934570
0.864377975463867 0.973999023437500
0.457256317138672 0.689178466796875
0.153930664062500 0.486824035644531
0.953247070312500 0.910846710205078
0.279975891113281 0.052347183227539
0.421194076538086 0.568298339843750
0.919065475463867 0.848428726196289
0.023479461669922 0.277523040771484
0.701070785522461 0.261104583740234
0.758764266967773 0.042940139770508
0.158983230590820 0.085189819335938
0.420866012573242 0.413862228393555
