0.187309265136719 0.855026245117188
0.050296783447266 0.452844619750977
0.108045578002930 0.448474884033203
0.313661575317383 0.539972305297852
0.368658065795898 0.396455764770508
0.754032135009766 0.978118896484375
0.577098846435547 0.292867660522461
0.068040847778320 0.767608642578125
0.366306304931641 0.576593399047852
0.043712615966797 0.322685241699219
0.640161514282227 0.124704360961914
0.599704742431641 0.083629608154297
0.694427490234375 0.028345108032227
0.068937301635742 0.822917938232422
0.691020965576172 0.093427658081055
0.084472656250000 0.512254714965820
0.705066680908203 0.727705001831055
0.838350296020508 0.885639190673828
0.391044616699219 0.642053604125977
0.630434036254883 0.250495910644531
0.789743423461914 0.150802612304688
0.653268814086914 0.763477325439453
0.604181289672852 0.816024780273438
0.737443923950195 0.411611557006836
0.311834335327148 0.951309204101562
0.209949493408203 0.272386550903320
0.760988235473633 0.673046112060547
0.917282104492188 0.830533981323242
0.987995147705078 0.704467773437500
0.549135208129883 0.109279632568359
0.175317764282227 0.154550552368164
0.754179000854492 0.100786209106445
0.323347091674805 0.875604629516602
0.484024047851562 0.399963378906250
0.688671112060547 0.225019454956055
0.357019424438477 0.799154281616211
0.358625411987305 0.690298080444336
0.388303756713867 0.871129989624023
0.558931350708008 0.854406356811523
0.102918624877930 0.319631576538086
0.479574203491211 0.973115921020508
0.412061691284180 0.976812362670898
0.685478210449219 0.671659469604492
0.064727783203125 0.578489303588867
0.006256103515625 0.374626159667969
0.819723129272461 0.662923812866211
0.196977615356445 0.024530410766602
0.476655960083008 0.887773513793945
0.446781158447266 0.633094787597656
0.765703201293945 0.732112884521484
0.851224899291992 0.376985549926758
0.894615173339844 0.940773010253906
0.731683731079102 0.795293807983398
0.449886322021484 0.486124038696289
0.100944519042969 0.672376632690430
0.388349533081055 0.750158309936523
0.786815643310547 0.852869033813477
0.754125595092773 0.038742065429688
0.260141372680664 0.992456436157227
0.830173492431641 0.966770172119141
0.513280868530273 0.442712783813477
0.532136917114258 0.790475845336914
0.450458526611328 0.067449569702148
0.732526779174805 0.911161422729492
0.557273864746094 0.530488967895508
0.499025344848633 0.505079269409180
0.052991867065430 0.710763931274414
0.240875244140625 0.342584609985352
0.909358978271484 0.399078369140625
0.298799514770508 0.676696777343750
0.546710968017578 0.971929550170898
0.058853149414062 0.249593734741211
0.061986923217773 0.941944122314453
0.574678421020508 0.428438186645508
0.008853912353516 0.936847686767578
0.793708801269531 0.792924880981445
0.638801574707031 0.380773544311523
0.715692520141602 0.156911849975586
0.574001312255859 0.372751235961914
0.061697006225586 0.180919647216797
0.733022689819336 0.543586730957031
0.363889694213867 0.927494049072266
0.531185150146484 0.583614349365234
0.203107833862305 0.484113693237305
0.829277038574219 0.194412231445312
0.697982788085938 0.358526229858398
0.290758132934570 0.207216262817383
0.426984786987305 0.562910079956055
0.317056655883789 0.146591186523438
0.225267410278320 0.207948684692383
0.498611450195312 0.216920852661133
0.772163391113281 0.316013336181641
0.164375305175781 0.227773666381836
0.882442474365234 0.003183364868164
0.433397293090820 0.132791519165039
0.592496871948242 0.919601440429688
0.945684432983398 0.356817245483398
0.867053985595703 0.257171630859375
0.467424392700195 0.338214874267578
0.068986892700195 0.388572692871094
0.891637802124023 0.880163192749023
0.530157089233398 0.911979675292969
0.452417373657227 0.274866104125977
0.739498138427734 0.268072128295898
0.979640960693359 0.598794937133789
0.790544509887695 0.923496246337891
0.120040893554688 0.185613632202148
0.939235687255859 0.150951385498047
0.385372161865234 0.516414642333984
0.842370986938477 0.319101333618164
0.530122756958008 0.341718673706055
0.585334777832031 0.601495742797852
0.295904159545898 0.095546722412109
0.336252212524414 0.257417678833008
0.048646926879883 0.101406097412109
0.737133026123047 0.618650436401367
0.829231262207031 0.487771987915039
0.791955947875977 0.596624374389648
0.485504150390625 0.685493469238281
0.625808715820312 0.648431777954102
0.316141128540039 0.740005493164062
0.610774993896484 0.984275817871094
0.896577835083008 0.510669708251953
0.160987854003906 0.434022903442383
0.952627182006836 0.942552566528320
0.927263259887695 0.781679153442383
0.380687713623047 0.144626617431641
0.132349014282227 0.373353958129883
0.566614151000977 0.687894821166992
0.997896194458008 0.818595886230469
0.288396835327148 0.438730239868164
0.661537170410156 0.923566818237305
0.153085708618164 0.513616561889648
0.030508041381836 0.873708724975586
0.140972137451172 0.783178329467773
0.424102783203125 0.384492874145508
0.172292709350586 0.910282135009766
0.198741912841797 0.776441574096680
0.006500244140625 0.494876861572266
0.097131729125977 0.058708190917969
0.858337402343750 0.616947174072266
0.983045578002930 0.086334228515625
0.436378479003906 0.923818588256836
0.237407684326172 0.940000534057617
0.649883270263672 0.182582855224609
0.670368194580078 0.818075180053711
0.478860855102539 0.576374053955078
0.807806015014648 0.421852111816406
0.775455474853516 0.365665435791016
0.867448806762695 0.141389846801758
0.685670852661133 0.969148635864258
0.634912490844727 0.522512435913086
0.996627807617188 0.760793685913086
0.987279891967773 0.427400588989258
0.687759399414062 0.599363327026367
0.196458816528320 0.375183105468750
0.253677368164062 0.647735595703125
0.364334106445312 0.081142425537109
0.122816085815430 0.623891830444336
0.692716598510742 0.440763473510742
0.128816604614258 0.842416763305664
0.793338775634766 0.535184860229492
0.445045471191406 0.193326950073242
0.806167602539062 0.255865097045898
0.816356658935547 0.089685440063477
0.897235870361328 0.200153350830078
0.976657867431641 0.653575897216797
0.639179229736328 0.447666168212891
0.762763977050781 0.472949981689453
0.410751342773438 0.449254989624023
0.113267898559570 0.258789062500000
0.014665603637695 0.550979614257812
0.348440170288086 0.324663162231445
0.198093414306641 0.103851318359375
0.111406326293945 0.122451782226562
0.818477630615234 0.026296615600586
0.988679885864258 0.000827789306641
0.355073928833008 0.005510330200195
0.715593338012695 0.858095169067383
0.905807495117188 0.312984466552734
0.589237213134766 0.172904968261719
0.270198822021484 0.269960403442383
0.873626708984375 0.073638916015625
0.489936828613281 0.108356475830078
0.583845138549805 0.484809875488281
0.948509216308594 0.535873413085938
0.943040847778320 0.462501525878906
0.306642532348633 0.388895034790039
0.081153869628906 0.002132415771484
0.129034042358398 0.726833343505859
0.262334823608398 0.585882186889648
0.694206237792969 0.505037307739258
0.361730575561523 0.199628829956055
0.502588272094727 0.738824844360352
0.449552536010742 0.779394149780273
0.755912780761719 0.208267211914062
0.243377685546875 0.065345764160156
0.981481552124023 0.304456710815430
0.236167907714844 0.717056274414062
0.689430236816406 0.297889709472656
0.864692687988281 0.705574035644531
0.230653762817383 0.535581588745117
0.043546676635742 0.638343811035156
0.265428543090820 0.770322799682617
0.630132675170898 0.319557189941406
0.028537750244141 0.037740707397461
0.576631546020508 0.753440856933594
0.430490493774414 0.708738327026367
0.874641418457031 0.448274612426758
0.566032409667969 0.229179382324219
0.304063796997070 0.033824920654297
0.301671981811523 0.822134017944336
0.962089538574219 0.875720977783203
0.099475860595703 0.893289566040039
0.402658462524414 0.245336532592773
0.229957580566406 0.425781250000000
0.976945877075195 0.199108123779297
0.324220657348633 0.615520477294922
0.910747528076172 0.665857315063477
0.626091003417969 0.712564468383789
0.640254974365234 0.577648162841797
0.500328063964844 0.029283523559570
0.279972076416016 0.493413925170898
0.400209426879883 0.315877914428711
0.238378524780273 0.831819534301758
0.177989959716797 0.697429656982422
0.177642822265625 0.973812103271484
0.419900894165039 0.830081939697266
0.526630401611328 0.645557403564453
0.636705398559570 0.037042617797852
0.855073928833008 0.806329727172852
0.260095596313477 0.891706466674805
0.926660537719727 0.090333938598633
0.192817687988281 0.643144607543945
0.934953689575195 0.021652221679688
0.557714462280273 0.037170410156250
0.150569915771484 0.058925628662109
0.127996444702148 0.565771102905273
0.831212997436523 0.744886398315430
0.011394500732422 0.149108886718750
0.293951034545898 0.328329086303711
0.347869873046875 0.466575622558594
0.513145446777344 0.277521133422852
0.637197494506836 0.874069213867188
0.490617752075195 0.832736968994141
0.248174667358398 0.150413513183594
0.934837341308594 0.252670288085938
0.521907806396484 0.163873672485352
0.858493804931641 0.556533813476562
0.921916961669922 0.730335235595703
0.168855667114258 0.311780929565430
0.190708160400391 0.585697174072266
0.916519165039062 0.598829269409180
0.410564422607422 0.036834716796875
0.005504608154297 0.248085021972656
0.123691558837891 0.961250305175781
