0.109161376953125 0.755611419677734
0.766296386718750 0.912836074829102
0.714046478271484 0.296752929687500
0.710235595703125 0.016723632812500
0.102382659912109 0.812583923339844
0.763093948364258 0.324474334716797
0.028718948364258 0.397171020507812
0.567001342773438 0.619665145874023
0.494886398315430 0.236427307128906
0.134792327880859 0.861381530761719
0.177984237670898 0.802440643310547
0.860757827758789 0.588869094848633
0.762304306030273 0.791677474975586
0.676038742065430 0.121126174926758
0.869935989379883 0.929121017456055
0.935989379882812 0.301445007324219
0.828105926513672 0.414857864379883
0.607938766479492 0.768861770629883
0.069381713867188 0.455999374389648
0.674898147583008 0.964769363403320
0.438581466674805 0.418823242187500
0.727024078369141 0.143432617187500
0.439737319946289 0.245794296264648
0.163862228393555 0.188432693481445
0.648559570312500 0.823822021484375
0.745775222778320 0.484046936035156
0.286642074584961 0.395114898681641
0.916133880615234 0.868137359619141
0.003742218017578 0.189924240112305
0.854976654052734 0.642625808715820
0.490270614624023 0.843664169311523
0.680295944213867 0.422899246215820
0.324668884277344 0.161018371582031
0.883480072021484 0.817430496215820
0.677015304565430 0.197244644165039
0.187494277954102 0.876598358154297
0.673498153686523 0.262615203857422
0.717220306396484 0.070829391479492
0.236362457275391 0.842697143554688
0.828599929809570 0.196731567382812
0.611024856567383 0.427223205566406
0.612371444702148 0.321119308471680
0.439762115478516 0.980503082275391
0.071138381958008 0.963489532470703
0.648820877075195 0.047008514404297
0.362470626831055 0.294216156005859
0.049953460693359 0.746509552001953
0.583034515380859 0.017280578613281
0.733959197998047 0.218360900878906
0.776180267333984 0.254959106445312
0.171665191650391 0.315759658813477
0.378934860229492 0.995071411132812
0.045793533325195 0.674755096435547
0.345472335815430 0.356418609619141
0.232301712036133 0.710720062255859
0.104013442993164 0.377956390380859
0.018009185791016 0.114564895629883
0.431320190429688 0.920637130737305
0.171142578125000 0.745805740356445
0.680990219116211 0.750005722045898
0.815973281860352 0.685174942016602
0.565725326538086 0.934253692626953
0.318597793579102 0.572673797607422
0.777994155883789 0.093389511108398
0.235633850097656 0.416414260864258
0.398296356201172 0.787858963012695
0.848083496093750 0.996122360229492
0.622505187988281 0.909053802490234
0.586872100830078 0.382953643798828
0.051698684692383 0.227052688598633
0.126743316650391 0.078773498535156
0.040895462036133 0.907661437988281
0.287380218505859 0.332723617553711
0.073202133178711 0.101266860961914
0.936906814575195 0.215818405151367
0.008769989013672 0.044307708740234
0.470453262329102 0.364021301269531
0.616291046142578 0.626197814941406
0.576829910278320 0.701223373413086
0.630769729614258 0.710929870605469
0.748296737670898 0.668437957763672
0.360456466674805 0.734302520751953
0.544076919555664 0.873907089233398
0.735719680786133 0.724796295166016
0.428960800170898 0.593793869018555
0.516939163208008 0.400146484375000
0.125429153442383 0.427684783935547
0.488370895385742 0.911043167114258
0.779010772705078 0.166601181030273
0.390336990356445 0.535591125488281
0.160263061523438 0.686681747436523
0.468788146972656 0.782276153564453
0.981412887573242 0.909755706787109
0.960245132446289 0.420896530151367
0.392120361328125 0.053234100341797
0.556694030761719 0.063142776489258
0.841606140136719 0.537963867187500
0.992332458496094 0.685691833496094
0.620594024658203 0.977668762207031
0.798454284667969 0.741903305053711
0.600570678710938 0.849325180053711
0.453552246093750 0.182014465332031
0.529560089111328 0.450773239135742
0.934326171875000 0.935806274414062
0.790031433105469 0.375080108642578
0.100347518920898 0.516849517822266
0.657939910888672 0.351446151733398
0.004274368286133 0.973924636840820
0.996847152709961 0.324642181396484
0.833938598632812 0.126039505004883
0.128013610839844 0.148519515991211
0.337924957275391 0.794622421264648
0.703313827514648 0.804430007934570
0.953586578369141 0.366327285766602
0.111200332641602 0.233539581298828
0.978971481323242 0.740732192993164
0.896102905273438 0.688308715820312
0.056447982788086 0.849594116210938
0.036911010742188 0.522106170654297
0.835815429687500 0.059322357177734
0.277671813964844 0.949741363525391
0.895475387573242 0.060791015625000
0.449575424194336 0.537374496459961
0.234945297241211 0.062959671020508
0.358549118041992 0.938982009887695
0.462100982666016 0.652399063110352
0.679550170898438 0.897035598754883
0.215778350830078 0.653705596923828
0.199337005615234 0.522321701049805
0.314136505126953 0.993473052978516
0.149448394775391 0.622716903686523
0.381757736206055 0.183452606201172
0.428382873535156 0.306882858276367
0.202079772949219 0.587724685668945
0.587547302246094 0.551424026489258
0.399101257324219 0.654373168945312
0.658226013183594 0.472034454345703
0.326324462890625 0.053310394287109
0.826633453369141 0.317367553710938
0.581871032714844 0.485092163085938
0.294878005981445 0.733835220336914
0.101634979248047 0.687448501586914
0.295499801635742 0.892705917358398
0.557395935058594 0.133998870849609
0.001871109008789 0.614381790161133
0.417814254760742 0.716379165649414
0.010467529296875 0.460359573364258
0.019153594970703 0.796417236328125
0.464149475097656 0.473733901977539
0.085508346557617 0.621803283691406
0.052169799804688 0.284166336059570
0.947374343872070 0.800352096557617
0.237176895141602 0.124860763549805
0.371387481689453 0.114732742309570
0.265270233154297 0.484992980957031
0.916584014892578 0.746931076049805
0.495552062988281 0.305860519409180
0.883905410766602 0.392127990722656
0.173559188842773 0.380153656005859
0.172317504882812 0.254043579101562
0.218612670898438 0.204200744628906
0.266044616699219 0.174938201904297
0.865978240966797 0.481040954589844
0.201383590698242 0.976156234741211
0.842700958251953 0.882972717285156
0.057821273803711 0.344055175781250
0.550916671752930 0.264936447143555
0.241409301757812 0.770992279052734
0.640943527221680 0.527019500732422
0.954771041870117 0.017457962036133
0.699090957641602 0.630395889282227
0.803474426269531 0.958559036254883
0.376420974731445 0.239009857177734
0.339284896850586 0.675977706909180
0.748250961303711 0.425596237182617
0.551832199096680 0.806751251220703
0.721986770629883 0.863714218139648
0.173091888427734 0.034582138061523
0.913141250610352 0.534088134765625
0.500770568847656 0.071432113647461
0.604913711547852 0.209110260009766
0.068717956542969 0.167371749877930
0.445158004760742 0.061111450195312
0.668169021606445 0.675102233886719
0.153182983398438 0.949337005615234
0.431921005249023 0.128255844116211
0.234746932983398 0.271528244018555
0.342212677001953 0.861583709716797
0.115583419799805 0.306201934814453
0.663856506347656 0.582790374755859
0.984624862670898 0.256662368774414
0.532287597656250 0.754814147949219
0.621311187744141 0.156620025634766
0.107866287231445 0.913122177124023
0.827346801757812 0.811273574829102
0.858266830444336 0.746114730834961
0.789197921752930 0.617834091186523
0.523950576782227 0.967390060424805
0.882081985473633 0.336767196655273
0.358825683593750 0.419351577758789
0.836950302124023 0.255889892578125
0.613655090332031 0.265129089355469
0.182971954345703 0.110879898071289
0.886636734008789 0.181449890136719
0.518188476562500 0.512130737304688
0.252496719360352 0.013622283935547
0.266229629516602 0.606981277465820
0.736900329589844 0.580595016479492
0.360239028930664 0.607238769531250
0.977418899536133 0.557537078857422
0.229076385498047 0.915899276733398
0.061620712280273 0.030731201171875
0.984514236450195 0.850563049316406
0.136253356933594 0.561893463134766
0.498960494995117 0.135612487792969
0.303243637084961 0.224565505981445
0.805475234985352 0.473733901977539
0.614114761352539 0.096235275268555
0.906196594238281 0.990381240844727
0.198135375976562 0.452144622802734
0.227155685424805 0.342710494995117
0.736331939697266 0.961841583251953
0.547336578369141 0.336492538452148
0.431871414184570 0.837108612060547
0.784978866577148 0.855283737182617
0.957458496093750 0.086870193481445
0.784063339233398 0.546340942382812
0.524702072143555 0.682165145874023
0.960063934326172 0.151470184326172
0.706501007080078 0.522409439086914
0.392210006713867 0.879690170288086
0.944450378417969 0.654846191406250
0.899303436279297 0.122869491577148
0.286684036254883 0.660272598266602
0.336879730224609 0.514307022094727
0.116495132446289 0.009698867797852
0.779846191406250 0.025884628295898
0.964084625244141 0.496028900146484
0.506380081176758 0.615684509277344
0.298900604248047 0.100063323974609
0.924440383911133 0.601022720336914
0.538436889648438 0.195547103881836
0.054981231689453 0.577003479003906
0.892190933227539 0.261184692382812
0.397586822509766 0.468755722045898
0.286537170410156 0.817224502563477
0.492826461791992 0.008069992065430
0.149734497070312 0.484306335449219
0.403446197509766 0.364963531494141
0.909572601318359 0.452167510986328
0.711973190307617 0.369768142700195
0.258480072021484 0.543182373046875
0.315252304077148 0.457386016845703
0.474666595458984 0.720781326293945
0.297685623168945 0.276941299438477
0.516777038574219 0.564485549926758
