0.467454910278320 0.839626312255859
0.482891082763672 0.286914825439453
0.066341400146484 0.997907638549805
0.920484542846680 0.946323394775391
0.668111801147461 0.081163406372070
0.287351608276367 0.707244873046875
0.515180587768555 0.460119247436523
0.387619018554688 0.729383468627930
0.997711181640625 0.547861099243164
0.879619598388672 0.482437133789062
0.103799819946289 0.104387283325195
0.657295227050781 0.899391174316406
0.732999801635742 0.808609008789062
0.249670028686523 0.244588851928711
0.058231353759766 0.057876586914062
0.203931808471680 0.762084960937500
0.023494720458984 0.373058319091797
0.216926574707031 0.827884674072266
0.554147720336914 0.620733261108398
0.655414581298828 0.965324401855469
0.175184249877930 0.560518264770508
0.555683135986328 0.554969787597656
0.339973449707031 0.526048660278320
0.336463928222656 0.113826751708984
0.605745315551758 0.759780883789062
0.642442703247070 0.716249465942383
0.196325302124023 0.438455581665039
0.670562744140625 0.151781082153320
0.538032531738281 0.506408691406250
0.338001251220703 0.686542510986328
0.026424407958984 0.947418212890625
0.989070892333984 0.835361480712891
0.678617477416992 0.519004821777344
0.853673934936523 0.335248947143555
0.403825759887695 0.155658721923828
0.944967269897461 0.709440231323242
0.317974090576172 0.223838806152344
0.701923370361328 0.856227874755859
0.863803863525391 0.998743057250977
0.465515136718750 0.542438507080078
0.265268325805664 0.781730651855469
0.535266876220703 0.350578308105469
0.095880508422852 0.181985855102539
0.717790603637695 0.974061965942383
0.979116439819336 0.911226272583008
0.604059219360352 0.187211990356445
0.185007095336914 0.084690093994141
0.545909881591797 0.922779083251953
0.842391967773438 0.747877120971680
0.152208328247070 0.905252456665039
0.112527847290039 0.825614929199219
0.368560791015625 0.635004043579102
0.722677230834961 0.381507873535156
0.778760910034180 0.574085235595703
0.360376358032227 0.961627960205078
0.008422851562500 0.608535766601562
0.500501632690430 0.587924957275391
0.280342102050781 0.847066879272461
0.825101852416992 0.041244506835938
0.887414932250977 0.810928344726562
0.862720489501953 0.598011016845703
0.261079788208008 0.025671005249023
0.385181427001953 0.348667144775391
0.284795761108398 0.380769729614258
0.335699081420898 0.850036621093750
0.881753921508789 0.229650497436523
0.813291549682617 0.798648834228516
0.764991760253906 0.656244277954102
0.423608779907227 0.289197921752930
0.008605957031250 0.763513565063477
0.793350219726562 0.970352172851562
0.656305313110352 0.221464157104492
0.715755462646484 0.711021423339844
0.234575271606445 0.527835845947266
0.157846450805664 0.802457809448242
0.158239364624023 0.619466781616211
0.479471206665039 0.895460128784180
0.751586914062500 0.433235168457031
0.904596328735352 0.038473129272461
0.760524749755859 0.762168884277344
0.899633407592773 0.556310653686523
0.124837875366211 0.310295104980469
0.764728546142578 0.870012283325195
0.057865142822266 0.501188278198242
0.201965332031250 0.028375625610352
0.634963989257812 0.024438858032227
0.194185256958008 0.243295669555664
0.443389892578125 0.410814285278320
0.276954650878906 0.088150024414062
0.950387954711914 0.786693572998047
0.403795242309570 0.526315689086914
0.416082382202148 0.675790786743164
0.462903976440430 0.196708679199219
0.936574935913086 0.163213729858398
0.201864242553711 0.658025741577148
0.124244689941406 0.667161941528320
0.115131378173828 0.514768600463867
0.790958404541016 0.365343093872070
0.035079956054688 0.874637603759766
0.319242477416992 0.765886306762695
0.615806579589844 0.555837631225586
0.937023162841797 0.238273620605469
0.900718688964844 0.370552062988281
0.324045181274414 0.045228958129883
0.604017257690430 0.452867507934570
0.407003402709961 0.227039337158203
0.853343963623047 0.688297271728516
0.498527526855469 0.661708831787109
0.138042449951172 0.442417144775391
0.903018951416016 0.745418548583984
0.724851608276367 0.921258926391602
0.818977355957031 0.629318237304688
0.555835723876953 0.232446670532227
0.539844512939453 0.739393234252930
0.132472991943359 0.045600891113281
0.031854629516602 0.295614242553711
0.048053741455078 0.123241424560547
0.060022354125977 0.570554733276367
0.192914962768555 0.305326461791992
0.078203201293945 0.706352233886719
0.310976028442383 0.470121383666992
0.561523437500000 0.414903640747070
0.121900558471680 0.379695892333984
0.881095886230469 0.877223968505859
0.615507125854492 0.318603515625000
0.157855987548828 0.721292495727539
0.498899459838867 0.396793365478516
0.539806365966797 0.863372802734375
0.876758575439453 0.170385360717773
0.072872161865234 0.259010314941406
0.687919616699219 0.449785232543945
0.953001022338867 0.444244384765625
0.894117355346680 0.428569793701172
0.519451141357422 0.799623489379883
0.510816574096680 0.131898880004883
0.960851669311523 0.057846069335938
0.994628906250000 0.168846130371094
0.297430038452148 0.280273437500000
0.695165634155273 0.266672134399414
0.679868698120117 0.766616821289062
0.831729888916016 0.405408859252930
0.780315399169922 0.089054107666016
0.808076858520508 0.223815917968750
0.600259780883789 0.952749252319336
0.769205093383789 0.161348342895508
0.608695983886719 0.376007080078125
0.824682235717773 0.852361679077148
0.299432754516602 0.975135803222656
0.660158157348633 0.398235321044922
0.611633300781250 0.661273956298828
0.232789993286133 0.594715118408203
0.763601303100586 0.024522781372070
0.109729766845703 0.587081909179688
0.272338867187500 0.641191482543945
0.603172302246094 0.876649856567383
0.328285217285156 0.913778305053711
0.935640335083008 0.865461349487305
0.911077499389648 0.104555130004883
0.412618637084961 0.911579132080078
0.454853057861328 0.344715118408203
0.705236434936523 0.034320831298828
0.528610229492188 0.981054306030273
0.850513458251953 0.097991943359375
0.237112045288086 0.959016799926758
0.994544982910156 0.487947463989258
0.524675369262695 0.071842193603516
0.783924102783203 0.509195327758789
0.978132247924805 0.312223434448242
0.250560760498047 0.325460433959961
0.678068161010742 0.658126831054688
0.502552032470703 0.228120803833008
0.616012573242188 0.123712539672852
0.057119369506836 0.646528244018555
0.128911972045898 0.986587524414062
0.198808670043945 0.881843566894531
0.724672317504883 0.109216690063477
0.631702423095703 0.607051849365234
0.580974578857422 0.810922622680664
0.446962356567383 0.620138168334961
0.182266235351562 0.963443756103516
0.235233306884766 0.400184631347656
0.365352630615234 0.274122238159180
0.853197097778320 0.275873184204102
0.732795715332031 0.509622573852539
0.811067581176758 0.458559036254883
0.354049682617188 0.177566528320312
0.962209701538086 0.378305435180664
0.175045013427734 0.498018264770508
0.920181274414062 0.307117462158203
0.387119293212891 0.411750793457031
0.022356033325195 0.432706832885742
0.006380081176758 0.020072937011719
0.288766860961914 0.166845321655273
0.387514114379883 0.471298217773438
0.419525146484375 0.981035232543945
0.099529266357422 0.757612228393555
0.465782165527344 0.761611938476562
0.152742385864258 0.136499404907227
0.288824081420898 0.552038192749023
0.806686401367188 0.916221618652344
0.448755264282227 0.067111968994141
0.051225662231445 0.803075790405273
0.471971511840820 0.955261230468750
0.095439910888672 0.875623703002930
0.016323089599609 0.708209991455078
0.838594436645508 0.532875061035156
0.232383728027344 0.120105743408203
0.793233871459961 0.296022415161133
0.255010604858398 0.470336914062500
0.130960464477539 0.248586654663086
0.423162460327148 0.797615051269531
0.161949157714844 0.190670013427734
0.958803176879883 0.983293533325195
0.321941375732422 0.601263046264648
0.330177307128906 0.413011550903320
0.675971984863281 0.326141357421875
0.738971710205078 0.320865631103516
0.568477630615234 0.018699645996094
0.589426040649414 0.076026916503906
0.470417022705078 0.710687637329102
0.367404937744141 0.791862487792969
0.624780654907227 0.496816635131836
0.864332199096680 0.938425064086914
0.231327056884766 0.707918167114258
0.042667388916016 0.201005935668945
0.180404663085938 0.363948822021484
0.611551284790039 0.262121200561523
0.090456008911133 0.934362411499023
0.900310516357422 0.654575347900391
0.548484802246094 0.299087524414062
0.379396438598633 0.024063110351562
0.478387832641602 0.023359298706055
0.937971115112305 0.518676757812500
0.750690460205078 0.241786956787109
0.552810668945312 0.156913757324219
0.072654724121094 0.348646163940430
0.561668395996094 0.688283920288086
0.716012954711914 0.188856124877930
0.787260055541992 0.708229064941406
0.454538345336914 0.130445480346680
0.395950317382812 0.581666946411133
0.990436553955078 0.239294052124023
0.822225570678711 0.155202865600586
0.081771850585938 0.436922073364258
0.457208633422852 0.478506088256836
0.327888488769531 0.333526611328125
0.988864898681641 0.105867385864258
0.391897201538086 0.085079193115234
0.261104583740234 0.904462814331055
0.696691513061523 0.575685501098633
0.727140426635742 0.619499206542969
0.228027343750000 0.178558349609375
0.943429946899414 0.603328704833984
0.647577285766602 0.823200225830078
0.393869400024414 0.861061096191406
0.975896835327148 0.660011291503906
