0.227983474731445 0.625068664550781
0.085126876831055 0.737976074218750
0.071388244628906 0.889822006225586
0.639028549194336 0.413221359252930
0.518136978149414 0.639476776123047
0.257450103759766 0.513059616088867
0.070177078247070 0.565923690795898
0.058526992797852 0.434877395629883
0.018358230590820 0.699424743652344
0.294488906860352 0.632490158081055
0.472093582153320 0.347511291503906
0.336101531982422 0.594356536865234
0.496046066284180 0.155595779418945
0.724325180053711 0.400175094604492
0.475328445434570 0.092706680297852
0.473783493041992 0.900905609130859
0.037157058715820 0.313817977905273
0.996204376220703 0.834672927856445
0.453880310058594 0.198978424072266
0.601413726806641 0.173557281494141
0.003669738769531 0.476980209350586
0.099283218383789 0.827730178833008
0.528188705444336 0.352872848510742
0.073972702026367 0.237546920776367
0.180173873901367 0.425018310546875
0.684282302856445 0.983833312988281
0.159973144531250 0.832416534423828
0.131900787353516 0.765966415405273
0.087837219238281 0.487232208251953
0.302640914916992 0.862108230590820
0.337753295898438 0.759996414184570
0.864877700805664 0.618696212768555
0.764116287231445 0.680810928344727
0.868947982788086 0.550205230712891
0.572469711303711 0.620832443237305
0.731990814208984 0.504913330078125
0.735305786132812 0.791158676147461
0.468421936035156 0.738704681396484
0.902095794677734 0.769542694091797
0.619943618774414 0.669958114624023
0.890199661254883 0.112791061401367
0.432880401611328 0.668294906616211
0.047527313232422 0.630975723266602
0.769388198852539 0.075805664062500
0.014635086059570 0.247545242309570
0.298511505126953 0.454549789428711
0.714790344238281 0.057065963745117
0.816780090332031 0.037618637084961
0.999568939208984 0.593675613403320
0.256290435791016 0.904584884643555
0.123598098754883 0.416450500488281
0.049535751342773 0.180690765380859
0.780000686645508 0.375534057617188
0.364997863769531 0.881528854370117
0.963514328002930 0.891424179077148
0.907459259033203 0.436336517333984
0.983072280883789 0.345117568969727
0.139915466308594 0.673364639282227
0.378990173339844 0.032768249511719
0.578512191772461 0.412099838256836
0.766431808471680 0.448261260986328
0.409198760986328 0.355268478393555
0.490310668945312 0.690776824951172
0.926086425781250 0.492219924926758
0.209114074707031 0.202486038208008
0.924720764160156 0.571479797363281
0.183208465576172 0.733150482177734
0.919486999511719 0.379131317138672
0.367010116577148 0.821411132812500
0.269197463989258 0.236152648925781
0.558336257934570 0.909893035888672
0.153457641601562 0.233222961425781
0.137510299682617 0.342941284179688
0.392513275146484 0.188968658447266
0.551097869873047 0.132013320922852
0.748266220092773 0.003332138061523
0.689775466918945 0.685718536376953
0.796863555908203 0.633808135986328
0.909572601318359 0.872644424438477
0.962398529052734 0.737035751342773
0.626798629760742 0.725767135620117
0.932506561279297 0.316450119018555
0.333776473999023 0.399017333984375
0.735034942626953 0.733757019042969
0.730451583862305 0.934783935546875
0.664113998413086 0.832456588745117
0.055419921875000 0.972101211547852
0.630363464355469 0.475246429443359
0.860656738281250 0.918668746948242
0.712598800659180 0.865118026733398
0.168054580688477 0.953168869018555
0.621273040771484 0.951787948608398
0.479221343994141 0.798841476440430
0.121303558349609 0.006311416625977
0.050168991088867 0.813035964965820
0.602102279663086 0.231382369995117
0.114698410034180 0.187007904052734
0.665231704711914 0.526681900024414
0.651323318481445 0.623743057250977
0.454099655151367 0.407777786254883
0.727405548095703 0.329481124877930
0.668714523315430 0.097188949584961
0.357915878295898 0.472293853759766
0.495058059692383 0.243993759155273
0.206581115722656 0.877792358398438
0.032506942749023 0.526285171508789
0.475872039794922 0.603580474853516
0.263412475585938 0.571651458740234
0.169672012329102 0.039819717407227
0.613334655761719 0.780477523803711
0.194477081298828 0.534643173217773
0.410301208496094 0.602809906005859
0.825641632080078 0.436046600341797
0.348772048950195 0.340364456176758
0.977993011474609 0.657604217529297
0.698110580444336 0.207019805908203
0.377193450927734 0.097179412841797
0.651685714721680 0.032190322875977
0.881219863891602 0.044240951538086
0.288936614990234 0.177682876586914
0.541538238525391 0.206167221069336
0.942499160766602 0.075181961059570
0.913343429565430 0.992620468139648
0.559038162231445 0.471605300903320
0.755767822265625 0.199640274047852
0.975692749023438 0.195604324340820
0.560670852661133 0.695739746093750
0.855518341064453 0.386600494384766
0.544603347778320 0.750888824462891
0.413957595825195 0.906135559082031
0.783571243286133 0.140480041503906
0.905735015869141 0.241149902343750
0.369915008544922 0.288511276245117
0.584392547607422 0.524353027343750
0.117345809936523 0.612682342529297
0.376226425170898 0.547113418579102
0.465442657470703 0.465984344482422
0.696092605590820 0.577878952026367
0.726406097412109 0.629766464233398
0.275974273681641 0.050455093383789
0.855855941772461 0.739648818969727
0.107172012329102 0.944595336914062
0.361446380615234 0.965372085571289
0.950265884399414 0.804721832275391
0.262739181518555 0.684938430786133
0.162744522094727 0.097497940063477
0.677698135375977 0.763944625854492
0.165363311767578 0.290472030639648
0.862560272216797 0.487012863159180
0.098550796508789 0.066926956176758
0.693803787231445 0.457971572875977
0.046743392944336 0.031772613525391
0.248952865600586 0.413276672363281
0.318111419677734 0.928951263427734
0.082166671752930 0.677934646606445
0.339555740356445 0.223962783813477
0.415781021118164 0.498014450073242
0.671413421630859 0.369075775146484
0.538351058959961 0.809732437133789
0.327415466308594 0.697193145751953
0.586679458618164 0.995901107788086
0.202768325805664 0.786815643310547
0.950778961181641 0.138422012329102
0.317794799804688 0.524705886840820
0.847370147705078 0.173324584960938
0.489044189453125 0.021343231201172
0.654275894165039 0.315818786621094
0.233684539794922 0.097003936767578
0.767677307128906 0.837005615234375
0.973646163940430 0.426239013671875
0.219125747680664 0.958690643310547
0.533906936645508 0.287837982177734
0.453142166137695 0.293998718261719
0.827690124511719 0.867481231689453
0.298164367675781 0.796836853027344
0.094558715820312 0.290813446044922
0.505136489868164 0.509876251220703
0.843620300292969 0.258043289184570
0.968313217163086 0.535345077514648
0.755552291870117 0.563108444213867
0.795000076293945 0.967718124389648
0.141126632690430 0.889621734619141
0.671087265014648 0.914463043212891
0.916460037231445 0.696956634521484
0.412406921386719 0.251728057861328
0.529998779296875 0.067274093627930
0.422060012817383 0.972312927246094
0.657878875732422 0.163194656372070
0.433609008789062 0.838756561279297
0.833698272705078 0.103378295898438
0.608049392700195 0.104360580444336
0.513656616210938 0.865617752075195
0.452152252197266 0.549808502197266
0.196079254150391 0.678472518920898
0.285369873046875 0.361751556396484
0.129749298095703 0.548416137695312
0.590633392333984 0.350776672363281
0.242870330810547 0.328191757202148
0.221277236938477 0.272523880004883
0.660985946655273 0.254451751708984
0.412969589233398 0.774208068847656
0.594606399536133 0.288911819458008
0.230997085571289 0.151094436645508
0.278968811035156 0.976917266845703
0.011577606201172 0.078115463256836
0.616535186767578 0.884204864501953
0.964494705200195 0.267038345336914
0.823059082031250 0.333589553833008
0.815505981445312 0.796867370605469
0.180362701416016 0.596574783325195
0.537574768066406 0.969833374023438
0.481147766113281 0.959293365478516
0.325860977172852 0.028114318847656
0.800243377685547 0.731803894042969
0.878534317016602 0.310119628906250
0.021913528442383 0.761358261108398
0.431352615356445 0.045574188232422
0.875799179077148 0.826078414916992
0.535116195678711 0.564199447631836
0.812555313110352 0.573013305664062
0.019699096679688 0.903577804565430
0.805530548095703 0.218564987182617
0.852628707885742 0.676435470581055
0.971282958984375 0.022539138793945
0.015556335449219 0.134256362915039
0.428319931030273 0.131647109985352
0.246376037597656 0.822660446166992
0.616947174072266 0.573051452636719
0.222471237182617 0.024946212768555
0.302972793579102 0.285873413085938
0.720729827880859 0.135820388793945
0.022136688232422 0.387311935424805
0.390829086303711 0.719526290893555
0.517484664916992 0.421564102172852
0.194469451904297 0.363786697387695
0.260604858398438 0.740461349487305
0.802295684814453 0.506666183471680
0.147865295410156 0.484746932983398
0.393564224243164 0.423793792724609
0.585990905761719 0.049915313720703
0.590085983276367 0.835233688354492
0.304788589477539 0.105800628662109
0.781387329101562 0.288587570190430
0.780845642089844 0.904672622680664
0.083503723144531 0.120645523071289
0.220586776733398 0.470285415649414
0.927057266235352 0.631500244140625
0.932048797607422 0.941585540771484
0.345859527587891 0.149929046630859
0.082841873168945 0.366460800170898
0.724899291992188 0.268497467041016
0.370723724365234 0.652471542358398
0.996408462524414 0.968486785888672
0.851665496826172 0.978332519531250
0.905647277832031 0.184230804443359
0.156730651855469 0.150451660156250
