0.435811996459961 0.817630767822266
0.547788619995117 0.012474060058594
0.049043655395508 0.865098953247070
0.140398025512695 0.445589065551758
0.748785018920898 0.241298675537109
0.481855392456055 0.979169845581055
0.363466262817383 0.712047576904297
0.930320739746094 0.979196548461914
0.858108520507812 0.093009948730469
0.028450012207031 0.381151199340820
0.652002334594727 0.724937438964844
0.727260589599609 0.185741424560547
0.856815338134766 0.500791549682617
0.167518615722656 0.398843765258789
0.473672866821289 0.235586166381836
0.518600463867188 0.579307556152344
0.559675216674805 0.951082229614258
0.742530822753906 0.302337646484375
0.291288375854492 0.614440917968750
0.606195449829102 0.682744979858398
0.176370620727539 0.330604553222656
0.333663940429688 0.811651229858398
0.040235519409180 0.789867401123047
0.096220016479492 0.817205429077148
0.648628234863281 0.446226119995117
0.116134643554688 0.875379562377930
0.513568878173828 0.279201507568359
0.780035018920898 0.824712753295898
0.543466567993164 0.882650375366211
0.432950973510742 0.937515258789062
0.221067428588867 0.822635650634766
0.167442321777344 0.567047119140625
0.986530303955078 0.807510375976562
0.569850921630859 0.366514205932617
0.875047683715820 0.574359893798828
0.143554687500000 0.011825561523438
0.487333297729492 0.807474136352539
0.029127120971680 0.113315582275391
0.534479141235352 0.421918869018555
0.421062469482422 0.018402099609375
0.044075012207031 0.924291610717773
0.321792602539062 0.952175140380859
0.797918319702148 0.306987762451172
0.961307525634766 0.744606018066406
0.010467529296875 0.571220397949219
0.039171218872070 0.239303588867188
0.475862503051758 0.623998641967773
0.805128097534180 0.371612548828125
0.350759506225586 0.485614776611328
0.907617568969727 0.122606277465820
0.886304855346680 0.933145523071289
0.362140655517578 0.345981597900391
0.811540603637695 0.893377304077148
0.933809280395508 0.176071166992188
0.218358993530273 0.126695632934570
0.095279693603516 0.082223892211914
0.054162979125977 0.604106903076172
0.559915542602539 0.163204193115234
0.100044250488281 0.141906738281250
0.676206588745117 0.162172317504883
0.680416107177734 0.964372634887695
0.989116668701172 0.181634902954102
0.094949722290039 0.388099670410156
0.419513702392578 0.494962692260742
0.922529220581055 0.537614822387695
0.676963806152344 0.857786178588867
0.988985061645508 0.869527816772461
0.761135101318359 0.131851196289062
0.833391189575195 0.710304260253906
0.609882354736328 0.908306121826172
0.327573776245117 0.163339614868164
0.555675506591797 0.225933074951172
0.271314620971680 0.859624862670898
0.780654907226562 0.667238235473633
0.246362686157227 0.662620544433594
0.830049514770508 0.953723907470703
0.445484161376953 0.290369033813477
0.167057037353516 0.070449829101562
0.969961166381836 0.028314590454102
0.501087188720703 0.922464370727539
0.016551971435547 0.724252700805664
0.959388732910156 0.677795410156250
0.425796508789062 0.362279891967773
0.878957748413086 0.759273529052734
0.305637359619141 0.684617996215820
0.252574920654297 0.726589202880859
0.708023071289062 0.538246154785156
0.756618499755859 0.063383102416992
0.609962463378906 0.846126556396484
0.381420135498047 0.538915634155273
0.419805526733398 0.658849716186523
0.822774887084961 0.546232223510742
0.197202682495117 0.970857620239258
0.382450103759766 0.082658767700195
0.422105789184570 0.200670242309570
0.795446395874023 0.201625823974609
0.946504592895508 0.910293579101562
0.348455429077148 0.031866073608398
0.622425079345703 0.199300765991211
0.152488708496094 0.932109832763672
0.713106155395508 0.468593597412109
0.916885375976562 0.855487823486328
0.490457534790039 0.346240997314453
0.732254028320312 0.604490280151367
0.654434204101562 0.795181274414062
0.752752304077148 0.930992126464844
0.266363143920898 0.974113464355469
0.596702575683594 0.053684234619141
0.865173339843750 0.393674850463867
0.063440322875977 0.697467803955078
0.756704330444336 0.725847244262695
0.312154769897461 0.096719741821289
0.479019165039062 0.462121963500977
0.291133880615234 0.028367996215820
0.268112182617188 0.158044815063477
0.617136001586914 0.618133544921875
0.092519760131836 0.273332595825195
0.224700927734375 0.600854873657227
0.604450225830078 0.531881332397461
0.355340957641602 0.645801544189453
0.843322753906250 0.809484481811523
0.574398040771484 0.581615447998047
0.217138290405273 0.460077285766602
0.746076583862305 0.874477386474609
0.437154769897461 0.580467224121094
0.601396560668945 0.415660858154297
0.390506744384766 0.293161392211914
0.974571228027344 0.356683731079102
0.553428649902344 0.317142486572266
0.755353927612305 0.984863281250000
0.490795135498047 0.681800842285156
0.235225677490234 0.322454452514648
0.317316055297852 0.553796768188477
0.904575347900391 0.634233474731445
0.920986175537109 0.283124923706055
0.923574447631836 0.797891616821289
0.216213226318359 0.026268005371094
0.318645477294922 0.754379272460938
0.875854492187500 0.013299942016602
0.439968109130859 0.143133163452148
0.392433166503906 0.778209686279297
0.269351959228516 0.263534545898438
0.100233078002930 0.946130752563477
0.164997100830078 0.834262847900391
0.766075134277344 0.548776626586914
0.196361541748047 0.737733840942383
0.038999557495117 0.991184234619141
0.065017700195312 0.439458847045898
0.096530914306641 0.562824249267578
0.718315124511719 0.667625427246094
0.477827072143555 0.739614486694336
0.209297180175781 0.258661270141602
0.811136245727539 0.072158813476562
0.646734237670898 0.097915649414062
0.444849014282227 0.077209472656250
0.630310058593750 0.313085556030273
0.650127410888672 0.362991333007812
0.802928924560547 0.610572814941406
0.856758117675781 0.320627212524414
0.613359451293945 0.978158950805664
0.052865982055664 0.320903778076172
0.132806777954102 0.698186874389648
0.275629043579102 0.396886825561523
0.411228179931641 0.433534622192383
0.208728790283203 0.521469116210938
0.252996444702148 0.919038772583008
0.474359512329102 0.529348373413086
0.148450851440430 0.504516601562500
0.380447387695312 0.976007461547852
0.323377609252930 0.877393722534180
0.377103805541992 0.229318618774414
0.160364151000977 0.128862380981445
0.545579910278320 0.647914886474609
0.720197677612305 0.807710647583008
0.225099563598633 0.200170516967773
0.732313156127930 0.360006332397461
0.928867340087891 0.401796340942383
0.913755416870117 0.338554382324219
0.315584182739258 0.438488006591797
0.197420120239258 0.891742706298828
0.896545410156250 0.235847473144531
0.499784469604492 0.182941436767578
0.461040496826172 0.877044677734375
0.575664520263672 0.474771499633789
0.860183715820312 0.867609024047852
0.492452621459961 0.038709640502930
0.358657836914062 0.401546478271484
0.537073135375977 0.765691757202148
0.677713394165039 0.911451339721680
0.157072067260742 0.772888183593750
0.309232711791992 0.217672348022461
0.812744140625000 0.008955001831055
0.559900283813477 0.714677810668945
0.093900680541992 0.644737243652344
0.599758148193359 0.775033950805664
0.916673660278320 0.058483123779297
0.497810363769531 0.118144989013672
0.695251464843750 0.402908325195312
0.544885635375977 0.828430175781250
0.088792800903320 0.020721435546875
0.902393341064453 0.704042434692383
0.951507568359375 0.601787567138672
0.774595260620117 0.486459732055664
0.702966690063477 0.098600387573242
0.262506484985352 0.544921875000000
0.250530242919922 0.077268600463867
0.376155853271484 0.142938613891602
0.669275283813477 0.235773086547852
0.187225341796875 0.668676376342773
0.665321350097656 0.582286834716797
0.046871185302734 0.173074722290039
0.264331817626953 0.788944244384766
0.951417922973633 0.471300125122070
0.296972274780273 0.339040756225586
0.034912109375000 0.499458312988281
0.373569488525391 0.595767974853516
0.544185638427734 0.086204528808594
0.161874771118164 0.192411422729492
0.798267364501953 0.764543533325195
0.025573730468750 0.054151535034180
0.850637435913086 0.648702621459961
0.530893325805664 0.510084152221680
0.277656555175781 0.482265472412109
0.652172088623047 0.027704238891602
0.423463821411133 0.723196029663086
0.152746200561523 0.264144897460938
0.763294219970703 0.420900344848633
0.868032455444336 0.188234329223633
0.823780059814453 0.148601531982422
0.970582962036133 0.105779647827148
0.824127197265625 0.443183898925781
0.090152740478516 0.499925613403320
0.994745254516602 0.433818817138672
0.705411911010742 0.746526718139648
0.989967346191406 0.956226348876953
0.096332550048828 0.753725051879883
0.118921279907227 0.335426330566406
0.103954315185547 0.209676742553711
0.688840866088867 0.291997909545898
0.981851577758789 0.523288726806641
0.709737777709961 0.025375366210938
0.149728775024414 0.619371414184570
0.327709197998047 0.281585693359375
0.996604919433594 0.298618316650391
0.655069351196289 0.506202697753906
0.972379684448242 0.243440628051758
0.008214950561523 0.646759033203125
0.894287109375000 0.458812713623047
0.599761962890625 0.266359329223633
0.602636337280273 0.130939483642578
0.373924255371094 0.911720275878906
0.474836349487305 0.402828216552734
0.389390945434570 0.854608535766602
0.830261230468750 0.255355834960938
0.222978591918945 0.391870498657227
0.666597366333008 0.655569076538086
