0.181762695312500 0.901624679565430
0.432703018188477 0.253845214843750
0.215740203857422 0.169137954711914
0.026802062988281 0.953626632690430
0.487039566040039 0.394744873046875
0.928054809570312 0.902465820312500
0.633090972900391 0.226375579833984
0.140220642089844 0.525358200073242
0.496665954589844 0.930850982666016
0.384300231933594 0.277704238891602
0.091920852661133 0.366252899169922
0.757459640502930 0.821598052978516
0.652837753295898 0.032821655273438
0.512229919433594 0.463008880615234
0.033493041992188 0.814517974853516
0.107288360595703 0.697031021118164
0.544742584228516 0.051111221313477
0.689634323120117 0.493026733398438
0.854633331298828 0.210401535034180
0.485607147216797 0.230310440063477
0.119785308837891 0.913534164428711
0.639921188354492 0.521623611450195
0.175962448120117 0.231674194335938
0.032957077026367 0.096216201782227
0.195432662963867 0.012508392333984
0.090387344360352 0.061248779296875
0.752925872802734 0.188869476318359
0.741508483886719 0.504472732543945
0.714984893798828 0.052400588989258
0.462377548217773 0.772081375122070
0.909643173217773 0.150596618652344
0.599493026733398 0.863986968994141
0.598890304565430 0.275999069213867
0.335742950439453 0.715940475463867
0.324455261230469 0.021142959594727
0.581071853637695 0.733364105224609
0.301742553710938 0.648977279663086
0.780384063720703 0.465732574462891
0.283260345458984 0.881366729736328
0.782463073730469 0.551015853881836
0.013956069946289 0.167114257812500
0.015497207641602 0.446632385253906
0.238582611083984 0.921306610107422
0.153921127319336 0.410728454589844
0.666152954101562 0.583662033081055
0.054620742797852 0.233001708984375
0.165439605712891 0.579889297485352
0.237113952636719 0.663881301879883
0.800134658813477 0.157583236694336
0.605127334594727 0.090429306030273
0.772249221801758 0.021017074584961
0.624279022216797 0.965034484863281
0.358299255371094 0.412694931030273
0.391530990600586 0.460216522216797
0.857374191284180 0.084539413452148
0.052009582519531 0.906211853027344
0.073028564453125 0.743654251098633
0.152902603149414 0.170892715454102
0.590633392333984 0.921216964721680
0.418783187866211 0.705150604248047
0.712476730346680 0.231136322021484
0.652587890625000 0.723579406738281
0.072729110717773 0.302598953247070
0.745443344116211 0.112159729003906
0.272340774536133 0.714504241943359
0.548465728759766 0.115114212036133
0.139820098876953 0.633916854858398
0.781291961669922 0.341415405273438
0.158803939819336 0.105318069458008
0.050291061401367 0.018508911132812
0.627254486083984 0.454832077026367
0.558458328247070 0.223600387573242
0.758102416992188 0.615318298339844
0.848896026611328 0.458475112915039
0.577079772949219 0.491991043090820
0.658452987670898 0.098894119262695
0.736537933349609 0.401546478271484
0.137475967407227 0.028091430664062
0.829721450805664 0.587898254394531
0.717927932739258 0.571338653564453
0.013765335083008 0.744537353515625
0.656898498535156 0.870222091674805
0.082902908325195 0.630199432373047
0.904954910278320 0.478179931640625
0.873622894287109 0.632450103759766
0.315196990966797 0.964607238769531
0.614028930664062 0.624893188476562
0.603094100952148 0.399272918701172
0.357709884643555 0.355245590209961
0.416141510009766 0.815624237060547
0.532962799072266 0.172082901000977
0.476060867309570 0.162466049194336
0.327503204345703 0.522594451904297
0.686954498291016 0.983367919921875
0.713672637939453 0.754734039306641
0.511886596679688 0.342086791992188
0.316110610961914 0.459854125976562
0.544324874877930 0.968908309936523
0.792333602905273 0.079862594604492
0.488504409790039 0.091056823730469
0.823062896728516 0.722196578979492
0.096141815185547 0.438161849975586
0.892724990844727 0.542320251464844
0.022504806518555 0.502218246459961
0.989482879638672 0.022907257080078
0.834312438964844 0.516819000244141
0.166837692260742 0.471151351928711
0.885477066040039 0.748136520385742
0.094650268554688 0.972938537597656
0.971853256225586 0.962118148803711
0.941341400146484 0.756170272827148
0.267845153808594 0.526872634887695
0.070253372192383 0.856033325195312
0.500101089477539 0.822376251220703
0.029066085815430 0.559762954711914
0.911315917968750 0.019172668457031
0.416032791137695 0.343290328979492
0.880712509155273 0.276458740234375
0.211620330810547 0.615123748779297
0.254213333129883 0.974050521850586
0.718496322631836 0.693721771240234
0.482433319091797 0.709281921386719
0.334785461425781 0.911794662475586
0.444360733032227 0.538274765014648
0.337108612060547 0.224563598632812
0.021284103393555 0.619873046875000
0.852668762207031 0.143835067749023
0.741603851318359 0.968193054199219
0.430517196655273 0.403131484985352
0.453182220458984 0.470659255981445
0.480575561523438 0.651531219482422
0.384969711303711 0.884025573730469
0.607334136962891 0.793375015258789
0.986202239990234 0.884874343872070
0.266397476196289 0.587368011474609
0.493719100952148 0.020126342773438
0.329128265380859 0.590747833251953
0.664798736572266 0.375616073608398
0.178634643554688 0.803195953369141
0.203962326049805 0.084743499755859
0.914937973022461 0.596870422363281
0.794652938842773 0.405115127563477
0.281871795654297 0.259937286376953
0.249490737915039 0.035545349121094
0.385391235351562 0.583816528320312
0.746143341064453 0.286869049072266
0.689949035644531 0.431972503662109
0.295143127441406 0.350521087646484
0.290882110595703 0.175731658935547
0.738407135009766 0.894933700561523
0.796659469604492 0.949808120727539
0.382318496704102 0.969478607177734
0.165628433227539 0.963340759277344
0.422376632690430 0.131294250488281
0.976308822631836 0.078712463378906
0.362329483032227 0.662893295288086
0.711799621582031 0.336215972900391
0.386770248413086 0.518072128295898
0.959526062011719 0.505449295043945
0.916814804077148 0.076623916625977
0.248125076293945 0.471857070922852
0.456941604614258 0.863998413085938
0.699779510498047 0.141691207885742
0.900005340576172 0.687316894531250
0.413223266601562 0.197690963745117
0.013069152832031 0.329463958740234
0.431837081909180 0.073982238769531
0.914283752441406 0.388536453247070
0.137142181396484 0.849880218505859
0.526010513305664 0.749597549438477
0.968555450439453 0.700027465820312
0.566680908203125 0.344791412353516
0.152515411376953 0.351860046386719
0.070232391357422 0.164602279663086
0.555604934692383 0.816053390502930
0.921586990356445 0.332126617431641
0.464145660400391 0.308343887329102
0.981227874755859 0.375240325927734
0.430000305175781 0.919866561889648
0.858264923095703 0.401737213134766
0.280815124511719 0.406429290771484
0.173574447631836 0.686511993408203
0.242538452148438 0.307415008544922
0.507459640502930 0.522705078125000
0.797927856445312 0.885681152343750
0.951465606689453 0.435424804687500
0.035820007324219 0.679906845092773
0.617572784423828 0.679382324218750
0.218973159790039 0.850719451904297
0.217245101928711 0.738512039184570
0.102285385131836 0.794677734375000
0.660356521606445 0.789903640747070
0.684736251831055 0.647310256958008
0.462869644165039 0.590997695922852
0.672609329223633 0.280672073364258
0.821926116943359 0.283966064453125
0.043043136596680 0.395103454589844
0.549482345581055 0.421140670776367
0.530900955200195 0.884475708007812
0.943475723266602 0.278976440429688
0.216382980346680 0.423425674438477
0.362230300903320 0.169319152832031
0.966945648193359 0.570323944091797
0.125240325927734 0.286760330200195
0.772998809814453 0.756753921508789
0.934188842773438 0.828367233276367
0.152786254882812 0.748947143554688
0.703598022460938 0.831104278564453
0.628015518188477 0.329643249511719
0.355512619018555 0.830442428588867
0.542016983032227 0.561147689819336
0.454599380493164 0.977365493774414
0.963203430175781 0.142667770385742
0.329109191894531 0.294687271118164
0.249666213989258 0.789134979248047
0.240112304687500 0.227018356323242
0.220090866088867 0.361505508422852
0.206981658935547 0.529712677001953
0.851867675781250 0.967092514038086
0.918376922607422 0.215370178222656
0.102844238281250 0.119583129882812
0.111356735229492 0.218317031860352
0.960115432739258 0.643602371215820
0.363138198852539 0.067672729492188
0.416465759277344 0.639177322387695
0.531198501586914 0.279100418090820
0.549505233764648 0.673124313354492
0.340984344482422 0.119958877563477
0.845535278320312 0.784509658813477
0.090461730957031 0.564376831054688
0.184522628784180 0.292560577392578
0.770112991333008 0.674449920654297
0.289548873901367 0.078203201293945
0.085891723632812 0.494009017944336
0.982418060302734 0.808334350585938
0.589836120605469 0.017595291137695
0.912178039550781 0.961828231811523
0.322887420654297 0.769981384277344
0.392210006713867 0.757324218750000
0.599082946777344 0.566858291625977
0.535205841064453 0.616550445556641
0.662986755371094 0.179100036621094
0.410793304443359 0.022607803344727
0.294982910156250 0.824800491333008
0.682615280151367 0.920967102050781
0.980897903442383 0.219194412231445
0.792537689208984 0.236555099487305
0.847394943237305 0.342248916625977
0.007709503173828 0.274551391601562
0.837800979614258 0.026069641113281
0.817893981933594 0.830160140991211
0.600822448730469 0.164201736450195
0.860830307006836 0.901802062988281
0.256345748901367 0.125257492065430
0.824626922607422 0.660581588745117
0.884559631347656 0.843355178833008
