9.449905753135681152e-01 2.695266902446746826e-01
2.122748792171478271e-01 9.162859916687011719e-01
3.273417651653289795e-01 9.474827647209167480e-01
5.167863368988037109e-01 7.708328217267990112e-02
8.602231144905090332e-01 3.877363502979278564e-01
7.711594700813293457e-01 6.452663540840148926e-01
7.780537754297256470e-02 2.078503966331481934e-01
9.618072509765625000e-01 4.400881230831146240e-01
7.895254492759704590e-01 8.589853644371032715e-01
2.815094292163848877e-01 1.048397123813629150e-01
2.417097985744476318e-01 4.826051741838455200e-02
7.767168879508972168e-01 9.114655256271362305e-01
7.490745186805725098e-01 5.047488212585449219e-01
3.333663940429687500e-01 6.521294116973876953e-01
7.399179339408874512e-01 8.893816471099853516e-01
8.466402292251586914e-01 7.923805117607116699e-01
6.473031044006347656e-01 6.740276217460632324e-01
4.758160114288330078e-01 2.931544482707977295e-01
3.976076543331146240e-01 7.419025301933288574e-01
1.677676439285278320e-01 1.683263331651687622e-01
9.760978221893310547e-01 7.083129286766052246e-01
3.110419213771820068e-01 9.670263528823852539e-01
1.337323635816574097e-01 8.693277835845947266e-01
5.495125055313110352e-01 1.757869124412536621e-02
3.325275480747222900e-01 5.836687684059143066e-01
5.518790483474731445e-01 2.710206806659698486e-01
5.643415451049804688e-01 9.559620022773742676e-01
7.669129371643066406e-01 4.787286221981048584e-01
9.017301797866821289e-01 4.322630539536476135e-02
8.185103535652160645e-01 9.739499092102050781e-01
2.280191332101821899e-01 8.866541981697082520e-01
5.594237446784973145e-01 1.298974901437759399e-01
5.620133876800537109e-01 7.330090999603271484e-01
9.524804353713989258e-01 4.763997495174407959e-01
9.906232357025146484e-01 1.127931848168373108e-01
6.958425641059875488e-01 4.745875895023345947e-01
5.287377834320068359e-01 6.401873230934143066e-01
3.030358552932739258e-01 8.432535529136657715e-01
5.978569388389587402e-01 2.100214064121246338e-01
7.053025960922241211e-01 2.381804436445236206e-01
4.286068975925445557e-01 8.067400455474853516e-01
6.694096922874450684e-01 2.578971982002258301e-01
7.203294038772583008e-01 6.658225059509277344e-01
7.272472977638244629e-02 7.631475925445556641e-01
6.554158031940460205e-02 6.760404706001281738e-01
9.394554495811462402e-01 5.673118680715560913e-02
7.878635078668594360e-02 1.826341897249221802e-01
9.904233813285827637e-01 3.905465826392173767e-02
7.784803509712219238e-01 9.914849698543548584e-02
4.811410605907440186e-02 9.644359946250915527e-01
4.655202627182006836e-01 5.975862145423889160e-01
2.346974760293960571e-01 8.028066158294677734e-01
1.629470288753509521e-01 2.623650133609771729e-01
6.917480826377868652e-01 2.826386690139770508e-01
5.663880705833435059e-01 3.948789834976196289e-01
7.573623061180114746e-01 5.375798940658569336e-01
8.965286016464233398e-01 6.436753869056701660e-01
2.698935270309448242e-01 3.935130536556243896e-01
2.826103866100311279e-01 6.258870661258697510e-02
5.889079570770263672e-01 2.657099962234497070e-01
5.603780150413513184e-01 9.921801686286926270e-01
2.969168871641159058e-02 2.983252145349979401e-02
9.173868894577026367e-01 9.361730813980102539e-01
6.884494423866271973e-01 8.673645257949829102e-01
2.751310467720031738e-01 7.924590706825256348e-01
6.509623527526855469e-01 3.918855488300323486e-01
8.918083906173706055e-01 9.378833770751953125e-01
8.472043871879577637e-01 8.439154922962188721e-02
8.215148746967315674e-02 9.907362461090087891e-01
7.558295875787734985e-02 4.104251265525817871e-01
6.798145771026611328e-01 1.806422322988510132e-01
1.752355247735977173e-01 7.165702581405639648e-01
5.192843675613403320e-01 8.246020078659057617e-01
5.805543661117553711e-01 9.045243859291076660e-01
3.606030046939849854e-01 8.245174884796142578e-01
8.621216416358947754e-01 5.843745470046997070e-01
2.642297446727752686e-01 5.886046886444091797e-01
9.231172204017639160e-01 8.950679898262023926e-01
7.702710628509521484e-01 7.797464728355407715e-01
6.962038874626159668e-01 3.967081606388092041e-01
3.613300323486328125e-01 5.125834941864013672e-01
2.637333571910858154e-01 8.177664279937744141e-01
3.911878168582916260e-01 3.826212584972381592e-01
1.119640395045280457e-01 4.306740760803222656e-01
3.662288486957550049e-01 7.531102299690246582e-01
9.955516457557678223e-01 7.499745488166809082e-01
5.902118086814880371e-01 8.566408157348632812e-01
4.076646566390991211e-01 5.879948139190673828e-01
2.009615004062652588e-01 4.427118897438049316e-01
1.655730605125427246e-01 5.133423805236816406e-01
2.966870553791522980e-02 6.737721562385559082e-01
6.204357147216796875e-01 8.847948908805847168e-01
9.140883088111877441e-01 5.275995731353759766e-01
5.195829868316650391e-01 2.968648374080657959e-01
9.627311229705810547e-01 1.934588551521301270e-01
3.604569137096405029e-01 5.335407853126525879e-01
6.425867974758148193e-02 4.866484701633453369e-01
1.663310080766677856e-02 5.607410669326782227e-01
3.976287543773651123e-01 8.810890913009643555e-01
8.831078410148620605e-01 7.183076739311218262e-01
5.377460122108459473e-01 1.912535429000854492e-01
3.227671682834625244e-01 8.563147783279418945e-01
5.300136804580688477e-01 7.394179701805114746e-01
4.898840785026550293e-01 2.318504303693771362e-01
8.736346960067749023e-01 8.445248007774353027e-01
6.384657025337219238e-01 7.392708659172058105e-01
5.280110836029052734e-01 7.814152836799621582e-01
6.909592151641845703e-01 8.116588592529296875e-01
6.146006584167480469e-01 6.376550793647766113e-01
5.727163553237915039e-01 6.618040800094604492e-01
4.157767891883850098e-01 6.931965947151184082e-01
1.356078982353210449e-01 5.520354583859443665e-02
1.392666697502136230e-01 3.243052363395690918e-01
2.245549410581588745e-01 4.613035321235656738e-01
6.887425780296325684e-01 3.133777678012847900e-01
8.151774406433105469e-01 4.086024761199951172e-01
8.433686494827270508e-01 8.701052069664001465e-01
2.770614624023437500e-01 6.617647409439086914e-01
3.565386235713958740e-01 3.437434732913970947e-01
7.569974660873413086e-01 3.723681569099426270e-01
6.890697479248046875e-01 2.188795432448387146e-02
8.670316338539123535e-01 4.570876657962799072e-01
1.521843373775482178e-01 6.368116140365600586e-01
7.899014949798583984e-01 5.852942466735839844e-01
8.317593336105346680e-01 2.822574973106384277e-01
1.874674558639526367e-01 4.493036866188049316e-02
2.703416645526885986e-01 9.002835750579833984e-01
9.663995504379272461e-01 1.057954058051109314e-01
8.171650171279907227e-01 5.889195203781127930e-01
1.866838186979293823e-01 9.622564911842346191e-01
7.135955095291137695e-01 6.992533802986145020e-01
2.637537717819213867e-01 4.931179583072662354e-01
4.310710430145263672e-01 3.417706489562988281e-01
8.443925380706787109e-01 2.549458146095275879e-01
9.746218919754028320e-01 4.053432643413543701e-01
4.919580221176147461e-01 5.384852290153503418e-01
8.167534470558166504e-01 7.930043935775756836e-01
9.107563495635986328e-01 3.380002975463867188e-01
2.667661905288696289e-01 1.333216577768325806e-01
7.183262109756469727e-01 8.534862399101257324e-01
5.201391875743865967e-02 4.501940011978149414e-01
8.254269361495971680e-01 1.591757535934448242e-01
8.173139095306396484e-01 2.350212633609771729e-01
4.750888943672180176e-01 9.153766632080078125e-01
9.328271150588989258e-01 5.037677884101867676e-01
6.215587258338928223e-01 1.799564361572265625e-01
3.546435832977294922e-01 6.824678182601928711e-01
9.570896625518798828e-01 6.001250743865966797e-01
1.792968958616256714e-01 7.996824383735656738e-01
7.530030012130737305e-01 4.459033608436584473e-01
5.317788571119308472e-02 1.750733852386474609e-01
4.684768617153167725e-01 1.519684195518493652e-01
5.883258581161499023e-01 5.507249236106872559e-01
7.471096515655517578e-01 2.454237192869186401e-01
7.338227629661560059e-01 4.107557535171508789e-01
6.619901061058044434e-01 5.593129396438598633e-01
1.723191440105438232e-01 6.101562380790710449e-01
7.612645626068115234e-01 2.829752564430236816e-01
1.233623921871185303e-01 6.258605718612670898e-01
1.628959029912948608e-01 5.828604102134704590e-02
5.575380921363830566e-01 1.575627028942108154e-01
7.231892943382263184e-01 4.519790709018707275e-01
7.503317594528198242e-01 2.148968726396560669e-01
2.923713922500610352e-01 2.821934781968593597e-02
5.808136463165283203e-01 7.698069810867309570e-01
4.124079048633575439e-01 1.705871522426605225e-02
2.499454170465469360e-01 4.025935232639312744e-01
1.919485628604888916e-01 4.473342094570398331e-03
8.636524081230163574e-01 1.222914680838584900e-01
9.181917309761047363e-01 7.697983831167221069e-02
5.924882888793945312e-01 2.679315209388732910e-02
2.364089041948318481e-01 2.639717459678649902e-01
7.281967997550964355e-01 2.613865733146667480e-01
6.013281345367431641e-01 3.939203023910522461e-01
3.359145224094390869e-01 3.941004276275634766e-01
3.225441873073577881e-01 1.036099866032600403e-01
5.899996161460876465e-01 1.250211894512176514e-01
9.871223568916320801e-01 9.256845712661743164e-01
3.950402736663818359e-01 5.226486921310424805e-01
4.502009153366088867e-01 1.315495669841766357e-01
1.316489726305007935e-01 8.294355273246765137e-01
7.160615324974060059e-01 9.716125726699829102e-01
5.321781635284423828e-01 5.516167283058166504e-01
6.211639642715454102e-01 5.540027022361755371e-01
1.120706647634506226e-01 3.748231828212738037e-01
8.441290259361267090e-01 6.345043182373046875e-01
2.017588764429092407e-01 9.810228347778320312e-01
9.712718725204467773e-01 6.466362476348876953e-01
9.151242375373840332e-01 5.583074092864990234e-01
8.173120617866516113e-01 8.296421170234680176e-01
5.768379569053649902e-01 6.204814910888671875e-01
8.050195574760437012e-01 3.229243457317352295e-01
2.156897634267807007e-01 1.952049732208251953e-01
2.889667749404907227e-01 2.727274000644683838e-01
3.672020435333251953e-01 6.593338847160339355e-01
9.846687912940979004e-01 7.843235135078430176e-02
4.169836938381195068e-01 7.286751270294189453e-01
5.768825411796569824e-01 4.172460138797760010e-01
4.227145910263061523e-01 1.195806935429573059e-01
4.260514378547668457e-01 6.527238488197326660e-01
8.079732656478881836e-01 5.070690065622329712e-02
9.544565677642822266e-01 9.297294616699218750e-01
9.376633167266845703e-01 2.460889667272567749e-01
6.699685454368591309e-01 8.453708887100219727e-01
9.754893183708190918e-01 9.980061054229736328e-01
7.222523093223571777e-01 3.351851105690002441e-01
8.866740018129348755e-02 4.601424634456634521e-01
3.771869242191314697e-01 9.164277911186218262e-01
4.964864850044250488e-01 4.066872000694274902e-01
5.783758759498596191e-01 2.380143553018569946e-01
1.285288333892822266e-01 7.856791615486145020e-01
4.881981015205383301e-01 3.582565784454345703e-01
9.208156466484069824e-01 3.075276315212249756e-01
3.816248178482055664e-01 3.204233348369598389e-01
2.218221426010131836e-01 1.216590628027915955e-01
4.265224933624267578e-01 6.748406291007995605e-01
3.632007539272308350e-01 2.840165197849273682e-01
5.490931123495101929e-02 6.556393504142761230e-01
1.843546889722347260e-02 4.816519320011138916e-01
3.706134259700775146e-01 4.088709652423858643e-01
5.969683527946472168e-01 6.010465025901794434e-01
4.424241781234741211e-01 7.542875409126281738e-01
1.173159554600715637e-01 5.628482699394226074e-01
5.910345911979675293e-01 4.739160239696502686e-01
6.875951290130615234e-01 9.205784201622009277e-01
5.705311298370361328e-01 3.576977252960205078e-01
5.134350061416625977e-01 6.104207038879394531e-01
4.217193424701690674e-01 7.780892848968505859e-01
2.300307601690292358e-01 8.442860841751098633e-01
9.193763732910156250e-01 1.956799253821372986e-02
2.416831701993942261e-01 7.231712341308593750e-01
3.441373705863952637e-01 7.996640205383300781e-01
9.309512972831726074e-01 6.403553485870361328e-01
5.920032858848571777e-01 1.791718900203704834e-01
4.433321654796600342e-01 3.785060942173004150e-01
8.358078002929687500e-01 7.324937582015991211e-01
9.423411488533020020e-01 8.648610115051269531e-01
9.768541455268859863e-01 8.248273730278015137e-01
8.578453212976455688e-02 1.018948256969451904e-01
3.262567222118377686e-01 2.766732573509216309e-01
6.102460026741027832e-01 2.984645664691925049e-01
6.160570383071899414e-01 9.574939608573913574e-01
2.171155251562595367e-02 2.531268596649169922e-01
3.130362927913665771e-01 6.152513623237609863e-01
3.744692206382751465e-01 7.892090678215026855e-01
2.676347494125366211e-01 4.648419916629791260e-01
1.745845228433609009e-01 8.490586280822753906e-02
9.090874195098876953e-01 2.825531661510467529e-01
5.137960240244865417e-02 6.378778070211410522e-02
7.354218363761901855e-01 5.114025995135307312e-02
2.991128563880920410e-01 4.018233418464660645e-01
5.228939056396484375e-01 2.169602811336517334e-01
1.611658036708831787e-01 6.801016926765441895e-01
6.461314111948013306e-02 3.733679056167602539e-01
7.565739154815673828e-01 9.543502330780029297e-01
2.301290333271026611e-01 5.928208827972412109e-01
5.019232258200645447e-02 2.172107100486755371e-01
8.384887576103210449e-01 1.290857493877410889e-01
1.574641466140747070e-01 7.804259061813354492e-01
3.932002466171979904e-03 2.193666696548461914e-01
4.801453053951263428e-01 9.827247858047485352e-01
6.617586314678192139e-02 7.960267066955566406e-01
6.243250966072082520e-01 7.103751897811889648e-01
2.742565274238586426e-01 3.340939581394195557e-01
1.297088712453842163e-01 3.168139606714248657e-02
4.016961455345153809e-01 9.249157309532165527e-01
7.444248199462890625e-01 8.097139596939086914e-01
3.200297057628631592e-01 5.559076666831970215e-01
3.011049330234527588e-01 9.241486191749572754e-01
9.410725235939025879e-01 2.114535681903362274e-02
7.453058362007141113e-01 8.098286986351013184e-01
3.993816077709197998e-01 4.643864333629608154e-01
1.643188595771789551e-01 9.890125393867492676e-01
9.440818428993225098e-01 6.203890442848205566e-01
3.160889446735382080e-01 4.591819643974304199e-01
7.375878691673278809e-01 9.747787117958068848e-01
6.275020241737365723e-01 6.188639998435974121e-01
9.209741652011871338e-02 5.248268246650695801e-01
8.163786530494689941e-01 8.965842127799987793e-01
2.124817520380020142e-01 6.892410665750503540e-02
2.962378561496734619e-01 5.576367974281311035e-01
5.275105834007263184e-01 2.513631284236907959e-01
2.781182155013084412e-02 9.757020473480224609e-01
5.704650878906250000e-01 3.192008733749389648e-01
4.914627969264984131e-01 5.636473298072814941e-01
8.830685615539550781e-01 9.672789573669433594e-01
1.022902783006429672e-02 9.045954346656799316e-01
4.141471982002258301e-01 3.084242641925811768e-01
4.504173696041107178e-01 1.737430244684219360e-01
3.306821361184120178e-02 5.373106002807617188e-01
2.111433148384094238e-01 2.828587293624877930e-01
9.509167075157165527e-01 1.373407393693923950e-01
3.540475070476531982e-01 9.774658679962158203e-01
8.030573725700378418e-01 6.146613955497741699e-01
5.831823348999023438e-01 8.076635599136352539e-01
1.759220659732818604e-02 4.231193065643310547e-01
8.732944726943969727e-01 6.102721691131591797e-01
4.437978565692901611e-01 9.806553125381469727e-01
2.598531246185302734e-01 1.712767928838729858e-01
2.857877314090728760e-01 1.692485809326171875e-01
6.555813550949096680e-01 7.961069941520690918e-01
7.846973538398742676e-01 7.968646883964538574e-01
5.034415125846862793e-01 3.795819729566574097e-02
1.993252187967300415e-01 1.496814787387847900e-01
7.152363657951354980e-01 4.244729876518249512e-01
3.643606603145599365e-01 2.464699745178222656e-01
3.320457413792610168e-02 1.884388178586959839e-01
1.749959886074066162e-01 4.304906725883483887e-01
9.999166727066040039e-01 9.576268792152404785e-01
7.611364126205444336e-01 8.798782825469970703e-01
4.289153516292572021e-01 2.598236799240112305e-01
6.191305518150329590e-01 4.689346849918365479e-01
3.881928622722625732e-01 5.988968014717102051e-01
1.176444739103317261e-01 5.305011868476867676e-01
7.513503432273864746e-01 1.500822901725769043e-01
4.303363859653472900e-01 5.811181664466857910e-01
7.186396121978759766e-01 5.708784461021423340e-01
6.218190193176269531e-01 9.936380386352539062e-01
3.088723123073577881e-01 1.444795075803995132e-02
2.180671393871307373e-01 9.514785408973693848e-01
7.024241089820861816e-01 7.779458165168762207e-01
6.580747961997985840e-01 1.202366128563880920e-01
6.582590937614440918e-01 1.844717003405094147e-02
5.522068142890930176e-01 6.638842225074768066e-01
2.619979679584503174e-01 6.884753108024597168e-01
5.967062115669250488e-01 7.036847472190856934e-01
8.784160017967224121e-01 9.206672310829162598e-01
1.043742522597312927e-01 2.218266203999519348e-02
3.784085065126419067e-02 7.061098814010620117e-01
4.068062007427215576e-01 2.783916890621185303e-01
8.862808346748352051e-01 7.468843460083007812e-01
1.981069147586822510e-01 2.431428730487823486e-01
4.892683029174804688e-01 1.419304758310317993e-01
2.963365316390991211e-01 6.399654150009155273e-01
6.944282650947570801e-01 8.992219567298889160e-01
8.790449239313602448e-03 6.441877484321594238e-01
3.661546111106872559e-01 3.672560155391693115e-01
9.613031148910522461e-01 9.600616693496704102e-01
3.424642682075500488e-01 7.742743492126464844e-01
1.906444900669157505e-03 2.646133899688720703e-01
9.031105637550354004e-01 2.055454254150390625e-01
1.806006133556365967e-01 3.051811158657073975e-01
3.073918223381042480e-01 8.119966387748718262e-01
8.077619075775146484e-01 1.251532584428787231e-01
3.772900104522705078e-01 4.130291193723678589e-02
7.966346740722656250e-01 2.897650599479675293e-01
4.810772836208343506e-01 1.316428836435079575e-02
5.053109526634216309e-01 4.355811476707458496e-01
6.480755209922790527e-01 1.890460103750228882e-01
1.004400625824928284e-01 7.960658669471740723e-01
3.640273213386535645e-01 2.058347314596176147e-01
7.889001965522766113e-01 9.491739869117736816e-01
2.731531858444213867e-01 5.371336936950683594e-01
5.350769758224487305e-01 4.142147302627563477e-01
4.739520847797393799e-01 8.775711655616760254e-01
8.804985880851745605e-01 1.520690415054559708e-02
5.524359345436096191e-01 5.097565054893493652e-01
8.706191182136535645e-01 2.596907019615173340e-01
9.341360926628112793e-01 2.159732431173324585e-01
6.108550429344177246e-01 5.129959583282470703e-01
5.064231157302856445e-01 3.724227845668792725e-01
9.018526673316955566e-01 3.685255348682403564e-01
5.278526544570922852e-01 4.626302421092987061e-01
5.805237293243408203e-01 4.934783279895782471e-01
6.686018109321594238e-01 7.775430679321289062e-01
4.819853007793426514e-01 4.517805278301239014e-01
1.007350981235504150e-01 2.266621142625808716e-01
4.517381489276885986e-01 9.406572580337524414e-01
5.979402661323547363e-01 3.691307306289672852e-01
9.835245013236999512e-01 3.401047289371490479e-01
4.626160860061645508e-01 5.609596371650695801e-01
4.280089735984802246e-01 5.378835797309875488e-01
1.224323734641075134e-01 2.605872154235839844e-01
1.684193015098571777e-01 3.297937810420989990e-01
4.335709214210510254e-01 6.156796216964721680e-01
2.198369204998016357e-01 6.202908754348754883e-01
1.187327057123184204e-01 9.098035097122192383e-01
5.805423259735107422e-01 4.460000097751617432e-01
6.609600782394409180e-01 5.817728638648986816e-01
6.229732632637023926e-01 1.443261653184890747e-01
1.307620704174041748e-01 7.480550408363342285e-01
3.532607257366180420e-01 3.037722110748291016e-01
4.966309070587158203e-01 1.654738187789916992e-01
2.320537343621253967e-03 1.592001914978027344e-01
2.963501513004302979e-01 3.260031640529632568e-01
4.112746715545654297e-01 2.368518263101577759e-01
7.329076528549194336e-01 4.803512692451477051e-01
8.489821553230285645e-01 9.057578444480895996e-01
9.523280858993530273e-01 7.860223054885864258e-01
2.805964946746826172e-01 9.469665288925170898e-01
5.689233541488647461e-01 9.241019487380981445e-01
2.470046281814575195e-01 4.572589397430419922e-01
2.160333842039108276e-01 3.499201312661170959e-02
4.597703516483306885e-01 2.276922166347503662e-01
7.031021714210510254e-01 9.462298750877380371e-01
6.613101363182067871e-01 4.588389992713928223e-01
9.066351652145385742e-01 7.752872705459594727e-01
7.188768982887268066e-01 1.199599802494049072e-01
4.730905592441558838e-01 6.839740872383117676e-01
4.479423761367797852e-01 8.996616005897521973e-01
6.372232437133789062e-01 7.624436020851135254e-01
1.393368989229202271e-01 6.704515218734741211e-01
4.187085330486297607e-01 4.307963550090789795e-01
5.209442600607872009e-02 7.400127053260803223e-01
3.425328433513641357e-01 6.106322407722473145e-01
2.173865586519241333e-02 9.417749196290969849e-02
3.634820878505706787e-01 5.799650549888610840e-01
1.548660546541213989e-01 2.394927442073822021e-01
1.301029622554779053e-01 9.929005503654479980e-01
7.828618288040161133e-01 4.457744359970092773e-01
4.351221621036529541e-01 8.570780158042907715e-01
6.911688446998596191e-01 6.306505799293518066e-01
4.249317944049835205e-01 9.245793223381042480e-01
6.321823000907897949e-01 5.919061899185180664e-01
2.571774125099182129e-01 5.634547472000122070e-01
6.610004901885986328e-01 1.486390233039855957e-01
2.128139585256576538e-01 3.858968913555145264e-01
9.463496208190917969e-01 9.917116761207580566e-01
6.125990152359008789e-01 3.465862274169921875e-01
8.132174611091613770e-01 9.323754310607910156e-01
9.163048267364501953e-01 7.182409763336181641e-01
1.881887912750244141e-01 5.231341719627380371e-01
2.331941016018390656e-02 2.990541756153106689e-01
3.387576043605804443e-01 9.084997177124023438e-01
1.493447273969650269e-01 3.654038608074188232e-01
4.204148352146148682e-01 8.569188416004180908e-02
5.030713677406311035e-01 4.788087308406829834e-01
6.501426696777343750e-01 9.438269138336181641e-01
5.143280029296875000e-01 7.149310111999511719e-01
8.082140684127807617e-01 7.222954034805297852e-01
9.096300601959228516e-01 2.507989108562469482e-01
1.884327083826065063e-01 6.627407073974609375e-01
1.073990985751152039e-01 1.884755194187164307e-01
1.235889196395874023e-01 7.059821486473083496e-01
7.657102346420288086e-01 9.973419308662414551e-01
2.427642792463302612e-01 1.371112912893295288e-01
2.793687283992767334e-01 8.469091057777404785e-01
5.486478805541992188e-01 3.068411946296691895e-01
2.042468339204788208e-01 7.253675460815429688e-01
9.812201261520385742e-01 3.164891898632049561e-01
5.562933683395385742e-01 1.049496829509735107e-01
1.113162264227867126e-01 1.145681217312812805e-01
1.438539922237396240e-01 2.900958061218261719e-01
3.825070858001708984e-01 6.257700324058532715e-01
4.976888597011566162e-01 2.786295115947723389e-01
3.410256803035736084e-01 8.690316677093505859e-01
6.682999730110168457e-01 2.119787931442260742e-01
2.806335128843784332e-02 8.096046447753906250e-01
2.229898720979690552e-01 6.533626914024353027e-01
5.801960229873657227e-01 2.865282297134399414e-01
8.367819786071777344e-01 7.556312680244445801e-01
1.456100344657897949e-01 9.246324300765991211e-01
7.320877909660339355e-01 3.756099045276641846e-01
7.273520231246948242e-01 9.240148067474365234e-01
5.278285741806030273e-01 9.664548039436340332e-01
1.915708929300308228e-01 6.858602166175842285e-01
9.272316098213195801e-01 5.865388512611389160e-01
5.940029025077819824e-01 6.523325443267822266e-01
7.436534166336059570e-01 8.816798776388168335e-02
8.959756493568420410e-01 1.155411601066589355e-01
6.538092494010925293e-01 6.370986104011535645e-01
1.519831866025924683e-01 7.125321030616760254e-01
7.548038959503173828e-01 3.120602071285247803e-01
8.347482681274414062e-01 2.184406369924545288e-01
2.642280887812376022e-03 8.844883441925048828e-01
2.114871293306350708e-01 4.086439013481140137e-01
8.650582432746887207e-01 9.808381795883178711e-01
8.833805918693542480e-01 1.491724848747253418e-01
2.455872893333435059e-01 9.561914205551147461e-02
2.685770690441131592e-01 2.428830713033676147e-01
2.364190965890884399e-01 2.914052605628967285e-01
1.237827986478805542e-01 3.507439196109771729e-01
8.967801928520202637e-01 6.749559640884399414e-01
9.274573326110839844e-01 4.101830720901489258e-01
4.215087592601776123e-01 4.979575872421264648e-01
5.407490134239196777e-01 5.896555185317993164e-01
7.764531373977661133e-01 2.044082581996917725e-01
3.530698418617248535e-01 1.122250482439994812e-01
3.243998587131500244e-01 5.108611658215522766e-02
3.125068545341491699e-01 5.162920951843261719e-01
1.546231359243392944e-01 1.678288169205188751e-02
1.649857759475708008e-01 3.927395045757293701e-01
9.178290367126464844e-01 1.356960684061050415e-01
2.119667530059814453e-01 5.211734771728515625e-01
5.311923101544380188e-02 5.292006134986877441e-01
3.326634466648101807e-01 8.313686251640319824e-01
9.587861895561218262e-01 5.167370438575744629e-01
3.753833472728729248e-02 6.321913003921508789e-01
7.998689413070678711e-01 2.665953338146209717e-01
5.249598026275634766e-01 1.342447549104690552e-01
5.906343460083007812e-01 9.855861067771911621e-01
4.620407521724700928e-01 1.975976079702377319e-01
4.076322615146636963e-01 6.359662413597106934e-01
8.903649449348449707e-01 5.737787485122680664e-01
6.729446649551391602e-01 9.460619091987609863e-01
9.861966967582702637e-01 5.660158395767211914e-01
9.937449693679809570e-01 9.788296818733215332e-01
5.208939313888549805e-01 5.025378465652465820e-01
8.003503084182739258e-01 1.542676389217376709e-01
7.987339496612548828e-01 5.573642849922180176e-01
4.409915506839752197e-01 7.198671698570251465e-01
9.098626971244812012e-01 8.415077328681945801e-01
3.974766731262207031e-01 9.660028815269470215e-01
8.863133192062377930e-01 8.953819274902343750e-01
3.913080394268035889e-01 1.160699576139450073e-01
6.097840666770935059e-01 7.754509449005126953e-01
3.232327997684478760e-01 8.920556902885437012e-01
6.497885584831237793e-01 8.796163797378540039e-01
7.647414803504943848e-01 5.709578469395637512e-02
2.211171388626098633e-01 7.708891034126281738e-01
9.524638652801513672e-01 2.976786494255065918e-01
1.683938503265380859e-01 4.744766056537628174e-01
2.927438616752624512e-01 7.029088139533996582e-01
5.353870987892150879e-01 9.517648071050643921e-02
6.491262316703796387e-01 5.399308800697326660e-01
7.449899911880493164e-01 1.898511871695518494e-02
1.069810986518859863e-01 9.403598308563232422e-01
6.619915366172790527e-03 5.857357382774353027e-01
9.538277387619018555e-01 5.737519264221191406e-01
6.501992344856262207e-01 7.051187157630920410e-01
7.044267058372497559e-01 5.013204216957092285e-01
2.007673233747482300e-01 7.817412018775939941e-01
6.413877606391906738e-01 5.080986618995666504e-01
7.893623113632202148e-01 8.838142156600952148e-01
4.172050654888153076e-01 8.335063457489013672e-01
4.627994596958160400e-01 3.682085275650024414e-01
6.783785223960876465e-01 5.240041613578796387e-01
3.511492609977722168e-01 1.775934547185897827e-01
4.252699613571166992e-01 9.557043910026550293e-01
3.337850570678710938e-01 7.281660437583923340e-01
1.264046411961317062e-02 3.760929703712463379e-01
1.099749840795993805e-02 5.170914530754089355e-01
1.554949134588241577e-01 7.481651306152343750e-01
4.010168910026550293e-01 7.037596404552459717e-02
4.949833452701568604e-01 8.330515027046203613e-01
2.830144762992858887e-01 6.125839948654174805e-01
9.811398983001708984e-01 7.921184301376342773e-01
5.524950027465820312e-01 6.232072710990905762e-01
2.859339118003845215e-01 9.874067306518554688e-01
8.778280764818191528e-02 5.504972860217094421e-02
5.467752218246459961e-01 4.341054856777191162e-01
1.361042261123657227e-01 5.105248689651489258e-01
6.673812270164489746e-01 4.933542907238006592e-01
1.986633986234664917e-01 8.916450738906860352e-01
9.111087918281555176e-01 6.082137823104858398e-01
5.359541177749633789e-01 3.782159686088562012e-01
9.557128548622131348e-01 4.058318734169006348e-01
1.068475320935249329e-01 3.191419243812561035e-01
3.849156945943832397e-02 3.365322947502136230e-01
5.249901413917541504e-01 9.054657220840454102e-01
6.314782500267028809e-01 2.731125950813293457e-01
7.997514605522155762e-01 7.567657828330993652e-01
7.310370355844497681e-02 6.331303119659423828e-01
4.562352299690246582e-01 1.762710884213447571e-02
9.759844541549682617e-01 3.681017756462097168e-01
8.344059586524963379e-01 3.890421986579895020e-01
7.191163301467895508e-01 1.600383520126342773e-01
6.738307476043701172e-01 6.943070888519287109e-02
7.371387630701065063e-02 9.343914985656738281e-01
4.221271276473999023e-01 9.969435930252075195e-01
7.827122807502746582e-01 3.109726868569850922e-02
8.122605085372924805e-01 1.924829035997390747e-01
6.430262327194213867e-01 4.720031321048736572e-01
7.648369073867797852e-01 7.410618066787719727e-01
4.789809230715036392e-03 7.208362221717834473e-01
1.924348026514053345e-01 2.095981985330581665e-01
4.802030920982360840e-01 6.415525823831558228e-02
8.089974522590637207e-01 5.026888847351074219e-01
7.075343728065490723e-01 4.685788601636886597e-02
6.219171285629272461e-01 1.698143407702445984e-02
1.777853965759277344e-01 8.375054597854614258e-01
3.447980880737304688e-01 4.656041562557220459e-01
8.384987115859985352e-01 5.504206418991088867e-01
3.693447113037109375e-01 4.532639086246490479e-01
1.519287526607513428e-01 4.447663724422454834e-01
1.242290958762168884e-01 2.251046895980834961e-01
4.221179485321044922e-01 2.015470266342163086e-01
6.867889761924743652e-01 6.981222033500671387e-01
1.397912055253982544e-01 9.026140719652175903e-02
8.377853035926818848e-01 8.251510858535766602e-01
7.655548453330993652e-01 5.645202994346618652e-01
4.549217224121093750e-01 8.363517522811889648e-01
1.534973531961441040e-01 9.562018513679504395e-01
9.346418827772140503e-02 3.537541627883911133e-01
2.954326868057250977e-01 8.896917700767517090e-01
5.642784833908081055e-01 1.943671405315399170e-01
1.613325923681259155e-01 2.033974975347518921e-01
2.689743638038635254e-01 7.120783925056457520e-01
7.394019514322280884e-02 2.371934615075588226e-02
1.961849778890609741e-01 5.490448474884033203e-01
4.385825619101524353e-02 3.640336692333221436e-01
6.264014244079589844e-01 2.127382159233093262e-01
1.054005920886993408e-01 2.913074791431427002e-01
4.506585896015167236e-01 4.141504168510437012e-01
4.372358620166778564e-01 3.061353862285614014e-01
4.759024679660797119e-01 7.318554520606994629e-01
7.413563728332519531e-01 6.741178631782531738e-01
7.905111312866210938e-01 7.519643008708953857e-02
6.921241283416748047e-01 1.189309507608413696e-01
1.109021827578544617e-01 8.779790401458740234e-01
5.358660221099853516e-01 4.725627601146697998e-02
8.381920456886291504e-01 9.607532620429992676e-01
1.971032656729221344e-02 9.382445812225341797e-01
3.068266510963439941e-01 7.802550196647644043e-01
2.556607127189636230e-01 6.718958169221878052e-02
3.288342356681823730e-01 3.680109679698944092e-01
1.538127660751342773e-01 8.509784340858459473e-01
2.921756505966186523e-01 3.741001188755035400e-01
8.136379122734069824e-01 6.569432020187377930e-01
2.588708652183413506e-03 6.096838712692260742e-01
4.748000204563140869e-01 9.562696814537048340e-01
4.926315248012542725e-01 1.996304541826248169e-01
2.341359853744506836e-01 4.241216778755187988e-01
3.040411174297332764e-01 1.948483586311340332e-01
2.291940450668334961e-01 1.667987108230590820e-01
1.859119236469268799e-01 5.699458718299865723e-01
4.751253500580787659e-02 2.940402626991271973e-01
3.647905290126800537e-01 7.241395711898803711e-01
8.904462307691574097e-02 3.868124485015869141e-01
6.917776465415954590e-01 3.715941905975341797e-01
8.757734298706054688e-01 6.890743970870971680e-01
1.345526874065399170e-01 4.307179749011993408e-01
7.620846033096313477e-01 9.278115034103393555e-01
7.979304790496826172e-01 3.940750956535339355e-01
8.030666112899780273e-01 4.769178330898284912e-01
7.306846380233764648e-01 5.469312071800231934e-01
5.619116872549057007e-02 3.673877939581871033e-02
4.609524905681610107e-01 7.865216732025146484e-01
8.484773635864257812e-01 3.256447315216064453e-01
9.872665405273437500e-01 5.370747447013854980e-01
5.599046349525451660e-01 5.417085886001586914e-01
2.051910907030105591e-01 9.964745491743087769e-02
7.765355706214904785e-01 2.461880296468734741e-01
8.446295261383056641e-01 7.082387208938598633e-01
5.909628421068191528e-02 9.410490840673446655e-02
1.026484221220016479e-01 7.344865798950195312e-01
2.863481044769287109e-01 2.152370810508728027e-01
5.169458314776420593e-02 6.084796786308288574e-01
5.465640425682067871e-01 8.878071904182434082e-01
2.739944458007812500e-01 7.460899353027343750e-01
5.005584955215454102e-01 7.967321276664733887e-01
3.736856579780578613e-02 3.959921002388000488e-01
3.090924918651580811e-01 7.273977398872375488e-01
7.997223734855651855e-02 6.953943371772766113e-01
3.996802866458892822e-01 1.555126607418060303e-01
1.852603703737258911e-01 1.163243427872657776e-01
3.059200942516326904e-01 7.570374011993408203e-01
3.196606412529945374e-02 5.931410789489746094e-01
1.798437237739562988e-01 3.687433898448944092e-01
4.670175611972808838e-01 9.773845225572586060e-02
4.978008866310119629e-01 1.137315854430198669e-01
9.601840972900390625e-01 6.711568832397460938e-01
8.641000986099243164e-01 7.519832849502563477e-01
6.201744079589843750e-01 9.175413101911544800e-02
3.659783303737640381e-01 8.805339932441711426e-01
2.006711810827255249e-01 8.175653219223022461e-01
9.532662034034729004e-01 7.271566390991210938e-01
2.884197235107421875e-02 7.493473887443542480e-01
2.391142845153808594e-01 3.337656557559967041e-01
7.807451486587524414e-01 5.173374414443969727e-01
4.244558811187744141e-01 4.592046737670898438e-01
2.264992892742156982e-01 1.332346163690090179e-02
7.421543002128601074e-01 1.275233924388885498e-01
6.130539178848266602e-01 4.369663596153259277e-01
7.364800572395324707e-02 9.632387161254882812e-01
6.303613185882568359e-01 8.546800017356872559e-01
9.789168238639831543e-01 2.760325074195861816e-01
4.415365755558013916e-01 9.036961942911148071e-02
6.010050773620605469e-01 8.938043713569641113e-01
9.777153730392456055e-01 8.664627075195312500e-01
1.194358840584754944e-01 4.675566852092742920e-01
9.211849570274353027e-01 6.931191682815551758e-01
7.733916044235229492e-01 6.755708456039428711e-01
2.594291567802429199e-01 9.196998476982116699e-01
6.868448853492736816e-01 9.835770130157470703e-01
8.899217844009399414e-01 2.375387400388717651e-01
9.009295105934143066e-01 4.112491309642791748e-01
2.374072521924972534e-01 7.540729641914367676e-01
7.521467804908752441e-01 1.782876551151275635e-01
7.841194868087768555e-01 9.734640121459960938e-01
4.233959019184112549e-01 3.859720826148986816e-01
5.080406665802001953e-01 9.496989846229553223e-01
6.772892475128173828e-01 7.253370285034179688e-01
3.113223612308502197e-01 4.278264343738555908e-01
8.530310392379760742e-01 1.907489448785781860e-01
1.084464713931083679e-01 8.330715298652648926e-01
6.696152091026306152e-01 3.324309289455413818e-01
9.965185523033142090e-01 1.310217529535293579e-01
5.137721896171569824e-01 5.770831108093261719e-01
6.265913844108581543e-01 1.187264919281005859e-01
6.862890720367431641e-02 3.286953568458557129e-01
7.678043246269226074e-01 6.083784103393554688e-01
8.505382388830184937e-02 8.211687207221984863e-01
5.934562683105468750e-01 1.546041816473007202e-01
5.054704546928405762e-01 2.579916119575500488e-01
8.701159358024597168e-01 8.930198103189468384e-02
8.879995942115783691e-01 8.144092559814453125e-01
9.224029183387756348e-01 9.663882851600646973e-01
1.422611624002456665e-01 1.582490950822830200e-01
3.821944296360015869e-01 3.728399286046624184e-03
3.897690773010253906e-01 8.129632472991943359e-01
3.997873365879058838e-01 7.683278322219848633e-01
2.334333509206771851e-01 2.129582464694976807e-01
3.353968560695648193e-01 2.249646782875061035e-01
3.196426033973693848e-01 1.706889420747756958e-01
2.794558107852935791e-01 4.344744086265563965e-01
7.964708209037780762e-01 6.423676609992980957e-01
2.319332659244537354e-01 4.924467802047729492e-01
7.064406275749206543e-01 7.905480265617370605e-02
6.872816085815429688e-01 4.423688352108001709e-01
5.229521989822387695e-01 3.334247171878814697e-01
9.090170264244079590e-01 8.651752471923828125e-01
1.547120064496994019e-01 5.820205807685852051e-01
8.183892071247100830e-02 2.464021444320678711e-01
3.367858231067657471e-01 6.980414390563964844e-01
1.984563767910003662e-01 4.759038388729095459e-01
8.826549053192138672e-01 1.815759986639022827e-01
5.541741847991943359e-01 7.937263250350952148e-01
8.790743350982666016e-01 8.698778152465820312e-01
1.882089227437973022e-01 1.828505843877792358e-01
4.946340247988700867e-02 2.630132138729095459e-01
3.589196503162384033e-01 7.299575954675674438e-02
9.491515159606933594e-01 3.312888145446777344e-01
4.692895412445068359e-01 4.853632748126983643e-01
6.943334341049194336e-01 5.925500988960266113e-01
1.520444899797439575e-01 8.114469647407531738e-01
8.506023287773132324e-01 4.249476194381713867e-01
3.848617374897003174e-01 2.743839025497436523e-01
2.019599974155426025e-01 8.568986058235168457e-01
4.825732111930847168e-01 8.574365973472595215e-01
6.246445178985595703e-01 7.991581559181213379e-01
9.975696802139282227e-01 4.077182412147521973e-01
6.593153476715087891e-01 9.044039845466613770e-01
1.057842150330543518e-01 7.628559470176696777e-01
7.522981166839599609e-01 7.081227898597717285e-01
5.685653686523437500e-01 6.974985599517822266e-01
1.726917326450347900e-01 8.794067502021789551e-01
7.280015945434570312e-01 2.150486260652542114e-01
2.424968630075454712e-01 5.249359607696533203e-01
3.779731094837188721e-01 7.050768136978149414e-01
9.341506361961364746e-01 9.210307002067565918e-01
5.395526289939880371e-01 7.039951086044311523e-01
8.687040805816650391e-01 6.445845961570739746e-01
7.174632549285888672e-01 8.854327201843261719e-01
3.371621072292327881e-01 5.418037176132202148e-01
8.827406764030456543e-01 3.134255707263946533e-01
7.253114581108093262e-01 3.071640729904174805e-01
5.416765809059143066e-01 9.828373789787292480e-01
8.596979379653930664e-01 8.216198682785034180e-01
4.820746779441833496e-01 5.122073888778686523e-01
9.687886387109756470e-02 4.936412572860717773e-01
3.439256548881530762e-01 1.339877303689718246e-02
7.710006237030029297e-01 1.255608648061752319e-01
4.625468850135803223e-01 5.080757290124893188e-02
3.328889310359954834e-01 3.157618343830108643e-01
8.328431248664855957e-01 5.097754597663879395e-01
5.517273545265197754e-01 4.739913642406463623e-01
8.441287875175476074e-01 3.021654486656188965e-01
4.041482210159301758e-01 4.105500578880310059e-01
7.883171439170837402e-01 3.611091673374176025e-01
9.243330359458923340e-01 4.375641942024230957e-01
7.058545351028442383e-01 7.408965826034545898e-01
3.242563903331756592e-01 9.936552047729492188e-01
8.716271519660949707e-01 3.409994244575500488e-01
6.680729389190673828e-01 3.592946231365203857e-01
9.511514306068420410e-01 6.972348690032958984e-01
1.375853419303894043e-01 1.950024813413619995e-01
6.698902249336242676e-01 6.646382212638854980e-01
9.385266304016113281e-01 1.744458377361297607e-01
8.499106168746948242e-01 9.974547028541564941e-01
1.064815968275070190e-01 5.976684689521789551e-01
3.726639449596405029e-01 1.622954010963439941e-01
7.199060916900634766e-01 2.842764854431152344e-01
5.281928777694702148e-01 6.770029067993164062e-01
4.375331401824951172e-01 2.304297834634780884e-01
3.412277996540069580e-01 4.311731755733489990e-01
8.530036807060241699e-01 4.846711456775665283e-01
5.992693305015563965e-01 8.280404806137084961e-01
3.812473714351654053e-01 1.365995258092880249e-01
3.870187699794769287e-02 7.821608781814575195e-01
1.569609642028808594e-01 8.966299295425415039e-01
6.695342659950256348e-01 4.610699042677879333e-02
2.934951186180114746e-01 5.835348963737487793e-01
3.674315661191940308e-02 1.212371960282325745e-01
4.997776150703430176e-01 8.936044573783874512e-01
5.576953291893005371e-01 2.288857102394104004e-01
1.049309000372886658e-01 6.836942434310913086e-01
9.401071667671203613e-01 9.663828462362289429e-02
9.248079657554626465e-01 7.440744638442993164e-01
1.837466508150100708e-01 6.405395269393920898e-01
7.950802445411682129e-01 2.299719452857971191e-01
9.820329546928405762e-01 6.263824701309204102e-01
2.616839110851287842e-01 2.028778344392776489e-01
1.425392925739288330e-01 1.268261671066284180e-01
2.358958721160888672e-01 9.275783300399780273e-01
8.126152157783508301e-01 8.576771616935729980e-01
6.393986940383911133e-01 3.604437410831451416e-01
2.599488794803619385e-01 3.099838495254516602e-01
6.747699379920959473e-01 7.467096447944641113e-01
6.483336687088012695e-01 8.267480134963989258e-02
9.933924302458763123e-03 8.217538595199584961e-01
6.942865848541259766e-01 5.515424013137817383e-01
8.241156339645385742e-01 6.810929775238037109e-01
1.543320268392562866e-01 5.478833913803100586e-01
4.003497064113616943e-01 4.277111589908599854e-02
2.325431704521179199e-01 2.361571639776229858e-01
5.795524716377258301e-01 7.356607168912887573e-02
8.326011896133422852e-01 4.611939191818237305e-01
1.124892085790634155e-01 6.614251136779785156e-01
1.864692419767379761e-01 7.552204132080078125e-01
8.891221880912780762e-02 9.089323282241821289e-01
1.098587512969970703e-01 9.809651970863342285e-01
7.822830677032470703e-01 8.266409039497375488e-01
5.663715004920959473e-01 8.740074038505554199e-01
5.511164665222167969e-01 7.627729177474975586e-01
9.312298297882080078e-01 3.803669214248657227e-01
1.469639539718627930e-01 4.900367259979248047e-01
4.943336844444274902e-01 8.249050378799438477e-02
5.389806628227233887e-01 9.302013516426086426e-01
8.857966661453247070e-01 6.343017518520355225e-02
7.063934803009033203e-01 1.947720795869827271e-01
2.664113044738769531e-01 2.850352525711059570e-01
3.990893363952636719e-01 8.545414209365844727e-01
6.874481439590454102e-01 2.226195782423019409e-01
4.334297180175781250e-01 4.944373667240142822e-02
6.473209261894226074e-01 2.355435192584991455e-01
9.924820065498352051e-01 4.483189582824707031e-01
6.359446644783020020e-01 9.685162901878356934e-01
8.358664512634277344e-01 1.554173976182937622e-02
7.810231447219848633e-01 3.151426911354064941e-01
4.967672750353813171e-02 4.194636344909667969e-01
8.782750964164733887e-01 4.105299711227416992e-01
3.060177564620971680e-01 2.475458979606628418e-01
8.146046400070190430e-01 3.621899485588073730e-01
3.052442669868469238e-01 3.038656413555145264e-01
4.631130099296569824e-01 2.632826268672943115e-01
7.231574654579162598e-01 5.213655233383178711e-01
7.325378060340881348e-01 7.795157432556152344e-01
7.565384507179260254e-01 3.429281413555145264e-01
6.784449219703674316e-01 1.005050465464591980e-01
3.838951587677001953e-01 5.577680468559265137e-01
2.317436635494232178e-01 9.852427244186401367e-01
2.271183282136917114e-01 5.633834004402160645e-01
6.118779778480529785e-01 6.134994700551033020e-02
8.508934974670410156e-01 1.624729633331298828e-01
3.832037150859832764e-01 4.895424544811248779e-01
2.434544265270233154e-03 7.823890447616577148e-01
8.249527812004089355e-01 6.599965691566467285e-02
5.626366138458251953e-01 5.817890167236328125e-01
4.925700724124908447e-01 9.319626092910766602e-01
7.915931940078735352e-01 6.903566718101501465e-01
1.672171354293823242e-01 1.311605423688888550e-01
7.446612715721130371e-01 7.537457346916198730e-01
1.197372898459434509e-01 9.551396965980529785e-01
6.389264017343521118e-02 8.617196083068847656e-01
9.101359844207763672e-01 8.059495091438293457e-01
8.837838172912597656e-01 5.307619571685791016e-01
3.029334843158721924e-01 8.393849432468414307e-02
5.088627338409423828e-02 4.093575291335582733e-03
5.986673831939697266e-01 7.364305257797241211e-01
1.812509298324584961e-01 9.235954284667968750e-01
7.547648996114730835e-02 7.215658426284790039e-01
5.592302680015563965e-01 8.420332670211791992e-01
9.047636985778808594e-01 9.949310421943664551e-01
4.897494018077850342e-01 7.036835551261901855e-01
7.302211225032806396e-02 8.922625184059143066e-01
8.097376227378845215e-01 5.313127040863037109e-01
6.401445269584655762e-01 3.227429986000061035e-01
6.106524467468261719e-01 2.451313585042953491e-01
7.158051431179046631e-02 5.291892290115356445e-01
1.415122151374816895e-01 6.015745997428894043e-01
3.886121511459350586e-01 2.314390987157821655e-01
4.355345666408538818e-01 5.597553253173828125e-01
2.568877637386322021e-01 8.391686677932739258e-01
7.480511069297790527e-01 8.472735285758972168e-01
4.931880235671997070e-01 5.961840748786926270e-01
7.251336574554443359e-01 7.234401106834411621e-01
8.180769085884094238e-01 2.995088882744312286e-02
5.541710853576660156e-01 6.110046431422233582e-02
9.268646836280822754e-01 6.632125973701477051e-01
4.774803519248962402e-01 7.700704336166381836e-01
5.144805908203125000e-01 5.258342027664184570e-01
1.964789628982543945e-01 3.584653139114379883e-01
2.993165254592895508e-01 4.791302978992462158e-01
2.537605538964271545e-02 4.593801498413085938e-01
2.542992532253265381e-01 8.709217309951782227e-01
3.427865803241729736e-01 2.541243731975555420e-01
4.745411574840545654e-01 3.981994092464447021e-01
4.520051181316375732e-01 6.991916894912719727e-01
3.573101460933685303e-01 6.272894144058227539e-01
9.375929832458496094e-01 8.126177787780761719e-01
3.491645455360412598e-01 9.326000213623046875e-01
4.693736732006072998e-01 8.127391934394836426e-01
6.008321046829223633e-01 3.283822834491729736e-01
4.246401488780975342e-01 1.617389470338821411e-01
2.810151576995849609e-01 5.077834129333496094e-01
2.586041688919067383e-01 9.578527212142944336e-01
6.304538249969482422e-01 9.193422198295593262e-01
5.045496821403503418e-01 7.548196315765380859e-01
5.428352952003479004e-01 8.171763420104980469e-01
6.375124454498291016e-01 4.411646351218223572e-02
5.206003785133361816e-01 8.630183339118957520e-01
1.153509169816970825e-01 1.584046185016632080e-01
7.156990170478820801e-01 5.724691785871982574e-03
7.146781086921691895e-01 6.193653941154479980e-01
2.864409238100051880e-02 2.280685454607009888e-01
5.136663913726806641e-01 1.127191237173974514e-03
4.700856506824493408e-01 6.319164633750915527e-01
2.203930169343948364e-01 6.906882524490356445e-01
9.005350470542907715e-01 9.429846704006195068e-02
6.630126833915710449e-01 8.236658573150634766e-01
7.470320165157318115e-02 2.990000545978546143e-01
1.854193657636642456e-01 2.750063538551330566e-01
8.381134271621704102e-02 2.693562805652618408e-01
9.455123543739318848e-01 5.459550619125366211e-01
7.102770805358886719e-01 3.547168970108032227e-01
6.561068296432495117e-01 9.942604303359985352e-01
2.989886999130249023e-01 1.415265351533889771e-01
6.583283543586730957e-01 2.937349975109100342e-01
5.545345321297645569e-02 8.312025666236877441e-01
4.611020684242248535e-01 4.412495791912078857e-01
6.966771483421325684e-01 6.553508043289184570e-01
2.681893408298492432e-01 3.585587441921234131e-01
9.427892565727233887e-01 3.540407121181488037e-01
3.717512190341949463e-01 9.493948221206665039e-01
4.669165611267089844e-01 3.193931579589843750e-01
7.794257998466491699e-02 5.972056984901428223e-01
6.299716234207153320e-01 8.324317932128906250e-01
8.554919958114624023e-01 4.642799496650695801e-02
6.592756509780883789e-02 1.298449635505676270e-01
8.458800911903381348e-01 9.359623193740844727e-01
4.235900007188320160e-03 1.320951804518699646e-02
9.223924279212951660e-01 4.658224284648895264e-01
2.630501389503479004e-01 7.740785479545593262e-01
7.348579168319702148e-01 5.970070958137512207e-01
9.621849060058593750e-01 6.282722949981689453e-02
8.008269071578979492e-01 1.505419961176812649e-03
4.952069520950317383e-01 6.644846796989440918e-01
3.874628543853759766e-01 9.052170813083648682e-02
6.195212602615356445e-01 4.066033363342285156e-01
9.739314913749694824e-01 2.168547362089157104e-01
8.714647293090820312e-01 7.838127017021179199e-01
9.378945827484130859e-01 7.681173682212829590e-01
5.866186618804931641e-01 5.754745006561279297e-01
9.694913625717163086e-01 2.955811098217964172e-02
9.997388124465942383e-01 8.516408801078796387e-01
1.100018918514251709e-01 7.435659319162368774e-02
4.060191567987203598e-04 2.976850569248199463e-01
3.982992172241210938e-01 3.482708930969238281e-01
8.706055879592895508e-01 5.574601292610168457e-01
5.215782523155212402e-01 1.718114316463470459e-01
9.999621510505676270e-01 1.889034360647201538e-01
5.975005626678466797e-01 9.443731307983398438e-01
4.415100067853927612e-02 8.865516185760498047e-01
4.367936775088310242e-02 9.150770902633666992e-01
5.410222411155700684e-01 3.458011448383331299e-01
2.921649068593978882e-02 8.574850559234619141e-01
3.835932612419128418e-01 4.368397295475006104e-01
9.708286523818969727e-01 2.421885579824447632e-01
9.692816734313964844e-01 1.578636616468429565e-01
5.944882035255432129e-01 9.745406359434127808e-02
7.108520269393920898e-01 8.241268992424011230e-01
4.480229318141937256e-01 4.692827463150024414e-01
2.539628446102142334e-01 6.324899792671203613e-01
3.539270162582397461e-01 3.427670896053314209e-02
4.993698596954345703e-01 6.359322667121887207e-01
3.098054528236389160e-01 6.786869764328002930e-01
3.161501586437225342e-01 3.490018844604492188e-01
8.721945881843566895e-01 3.641910851001739502e-01
9.125457704067230225e-02 8.581213951110839844e-01
8.100230693817138672e-01 4.388489723205566406e-01
8.739616274833679199e-01 2.851742208003997803e-01
8.566104620695114136e-02 4.379511773586273193e-01
3.372820019721984863e-01 1.937655806541442871e-01
1.460596453398466110e-02 5.486256629228591919e-02
2.104784846305847168e-01 3.158509433269500732e-01
2.930899895727634430e-02 1.497231274843215942e-01
1.947429180145263672e-01 5.989821553230285645e-01
6.844514608383178711e-01 4.186249673366546631e-01
7.779626250267028809e-01 7.225424647331237793e-01
1.460874229669570923e-01 4.070721268653869629e-01
2.626155316829681396e-01 2.739395201206207275e-02
6.159781813621520996e-01 6.772308945655822754e-01
9.174039363861083984e-01 1.695495992898941040e-01
3.984346240758895874e-02 5.020598769187927246e-01
7.391752004623413086e-01 6.354376673698425293e-01
5.756157636642456055e-01 4.012351855635643005e-02
8.298268318176269531e-01 3.407959342002868652e-01
1.045733969658613205e-02 3.379166424274444580e-01
9.628372788429260254e-01 8.985316157341003418e-01
1.000151112675666809e-01 6.373494863510131836e-01
9.045870304107666016e-01 4.881734549999237061e-01
9.497448801994323730e-01 8.382846117019653320e-01
9.885361194610595703e-01 5.067986845970153809e-01
9.962595105171203613e-01 6.797861456871032715e-01
5.870938897132873535e-01 5.218276977539062500e-01
6.642404198646545410e-01 6.155210137367248535e-01
9.701824784278869629e-01 7.528723478317260742e-01
4.158368110656738281e-01 8.904988169670104980e-01
4.562289714813232422e-01 6.573299765586853027e-01
6.483129858970642090e-01 4.295905232429504395e-01
3.301210105419158936e-01 7.905316352844238281e-02
8.812986612319946289e-01 4.914800822734832764e-01
8.235208988189697266e-01 9.749104827642440796e-02
8.537915945053100586e-01 6.689931154251098633e-01
8.643288165330886841e-02 5.618247389793395996e-01
2.595422863960266113e-01 9.953628182411193848e-01
3.201583325862884521e-01 1.287700533866882324e-01
8.897020816802978516e-01 4.430272877216339111e-01
3.922277092933654785e-01 6.849957108497619629e-01
8.647534251213073730e-01 2.203322649002075195e-01
3.885046541690826416e-01 1.871323138475418091e-01
8.387405872344970703e-01 5.823087692260742188e-01
2.449770569801330566e-01 6.646567583084106445e-01
8.667578697204589844e-01 5.156654715538024902e-01
3.338744640350341797e-01 4.959579706192016602e-01
7.804655432701110840e-01 1.676226854324340820e-01
4.448129236698150635e-01 5.146195888519287109e-01
9.817656278610229492e-01 4.801378250122070312e-01
9.737586230039596558e-02 1.391832083463668823e-01
2.111022919416427612e-01 3.433791995048522949e-01
4.992573857307434082e-01 3.283990025520324707e-01
6.918491125106811523e-01 1.469452381134033203e-01
7.795904278755187988e-01 4.200097620487213135e-01
