9.007208347320556641e-01 4.439817070960998535e-01
1.540026068687438965e-01 8.589540719985961914e-01
3.744274973869323730e-01 2.169384956359863281e-01
3.234806656837463379e-01 6.884059906005859375e-01
1.364796310663223267e-01 9.046069979667663574e-01
7.639432549476623535e-01 3.600051701068878174e-01
3.498095870018005371e-01 4.672846496105194092e-01
3.655489087104797363e-01 6.476775407791137695e-01
8.589001893997192383e-01 3.586857318878173828e-01
8.836935162544250488e-01 4.818390011787414551e-01
5.799418687820434570e-01 6.889481544494628906e-01
2.137632220983505249e-01 3.647397086024284363e-02
8.802530169486999512e-01 9.449934959411621094e-01
9.499600529670715332e-01 7.287019491195678711e-01
5.368628501892089844e-01 3.098087012767791748e-01
6.132243871688842773e-01 5.821218490600585938e-01
8.327213525772094727e-01 3.747742772102355957e-01
8.377004861831665039e-01 5.283231735229492188e-01
6.784731149673461914e-01 6.600611209869384766e-01
2.406033277511596680e-01 6.383031010627746582e-01
6.852494478225708008e-01 6.979210376739501953e-01
8.865221738815307617e-01 6.315604597330093384e-02
3.773028030991554260e-02 5.442501306533813477e-01
7.135553359985351562e-01 4.820224046707153320e-01
5.270381569862365723e-01 6.282749176025390625e-01
8.466951251029968262e-01 9.836758971214294434e-01
5.525956153869628906e-01 4.682367295026779175e-02
1.599437147378921509e-01 4.499216377735137939e-01
2.915597856044769287e-01 9.296029210090637207e-01
2.252980768680572510e-01 9.415245056152343750e-01
9.657491445541381836e-01 2.841049432754516602e-01
6.627418398857116699e-01 5.325449109077453613e-01
3.889170289039611816e-01 2.810961306095123291e-01
7.839866876602172852e-01 1.544143706560134888e-01
2.828619778156280518e-01 7.526366710662841797e-01
4.574979841709136963e-01 7.980211973190307617e-01
4.709174335002899170e-01 8.528980612754821777e-01
3.311341106891632080e-01 8.966158628463745117e-01
3.329591453075408936e-01 2.606904506683349609e-01
9.695916175842285156e-01 5.859128236770629883e-01
7.382270097732543945e-01 5.979077816009521484e-01
9.504711627960205078e-01 3.079271018505096436e-01
7.128695249557495117e-01 8.800286054611206055e-01
5.930305719375610352e-01 9.062533974647521973e-01
7.957222461700439453e-01 2.458142191171646118e-01
9.226218461990356445e-01 4.845048785209655762e-01
7.425190806388854980e-01 9.342282414436340332e-01
4.530101120471954346e-01 4.155147075653076172e-01
4.426149129867553711e-01 2.118807286024093628e-01
7.803725600242614746e-01 7.342101335525512695e-01
4.913552403450012207e-01 2.236596792936325073e-01
1.681660413742065430e-01 7.877662181854248047e-01
7.153308987617492676e-01 9.996337294578552246e-01
2.760615050792694092e-01 8.015152215957641602e-01
7.808734774589538574e-01 8.906800746917724609e-01
3.081398606300354004e-01 5.605717301368713379e-01
2.213913649320602417e-01 9.089343547821044922e-01
8.637527227401733398e-01 5.230900049209594727e-01
4.722860157489776611e-01 4.271594285964965820e-01
3.735665380954742432e-01 9.017290472984313965e-01
4.921986162662506104e-01 9.236963987350463867e-01
5.343977212905883789e-01 8.730500340461730957e-01
8.456091880798339844e-01 5.665825605392456055e-01
2.998600304126739502e-01 4.460887312889099121e-01
5.538102984428405762e-01 1.158659681677818298e-01
4.487812817096710205e-01 1.481947451829910278e-01
4.884690642356872559e-01 6.990839242935180664e-01
8.797655105590820312e-01 7.919412851333618164e-01
4.838595092296600342e-01 1.240372005850076675e-02
9.456368684768676758e-01 2.218910753726959229e-01
1.853453963994979858e-01 2.923750281333923340e-01
4.492407441139221191e-01 8.758130669593811035e-01
9.591374397277832031e-01 4.762747287750244141e-01
9.285780787467956543e-02 4.112207293510437012e-01
6.999828219413757324e-01 2.003297656774520874e-01
4.553672373294830322e-01 6.394903659820556641e-01
8.469665646553039551e-01 4.461213350296020508e-01
5.517778396606445312e-01 6.829696297645568848e-01
1.523687988519668579e-01 4.158463776111602783e-01
1.590576767921447754e-01 5.310523882508277893e-02
7.047731876373291016e-01 5.893166065216064453e-01
2.526142299175262451e-01 6.695111989974975586e-01
7.125194668769836426e-01 2.614763677120208740e-01
5.917742848396301270e-01 3.703348338603973389e-01
2.096204161643981934e-01 1.069223880767822266e-01
5.354651212692260742e-01 2.192890495061874390e-01
3.164003416895866394e-02 8.936269283294677734e-01
8.174262046813964844e-01 2.038505673408508301e-01
2.146331220865249634e-01 6.205422282218933105e-01
2.398016005754470825e-01 2.116561383008956909e-01
1.489180177450180054e-01 2.164660543203353882e-01
6.462557315826416016e-01 3.143576383590698242e-01
3.474504947662353516e-01 1.476161647588014603e-02
4.452832341194152832e-01 5.329694971442222595e-02
4.057982563972473145e-01 4.775297045707702637e-01
4.167683124542236328e-01 7.857518792152404785e-01
7.424653768539428711e-01 8.706475496292114258e-01
3.929311037063598633e-01 1.666481941938400269e-01
5.534811690449714661e-02 8.451455831527709961e-02
7.625771164894104004e-01 3.890663087368011475e-01
7.468885183334350586e-01 5.850090831518173218e-02
3.644039630889892578e-01 9.790833592414855957e-01
1.532267481088638306e-01 7.359879612922668457e-01
1.396988183259963989e-01 5.041465759277343750e-01
9.611853398382663727e-03 9.679998755455017090e-01
7.810110598802566528e-02 5.732854008674621582e-01
2.022077441215515137e-01 2.192506641149520874e-01
8.892490863800048828e-01 1.054526939988136292e-01
5.731525421142578125e-01 3.918772935867309570e-01
7.937899231910705566e-01 1.247644498944282532e-01
5.184475779533386230e-01 9.682583808898925781e-02
6.257070302963256836e-01 3.410057425498962402e-01
7.286741584539413452e-02 8.885284066200256348e-01
6.357028484344482422e-01 8.754895329475402832e-01
9.150084853172302246e-01 5.500535964965820312e-01
7.718908786773681641e-01 8.948240429162979126e-02
6.948599219322204590e-02 5.407947301864624023e-01
8.658149838447570801e-01 1.248045265674591064e-01
8.379027843475341797e-01 3.131943643093109131e-01
4.365344643592834473e-01 8.443888425827026367e-01
4.925907403230667114e-02 9.799025058746337891e-01
1.477838456630706787e-01 8.073193430900573730e-01
6.931767463684082031e-01 4.597269594669342041e-01
5.575246810913085938e-01 3.623203337192535400e-01
4.119426384568214417e-02 1.553237587213516235e-01
8.558498024940490723e-01 6.112540960311889648e-01
2.954950332641601562e-01 1.463821977376937866e-01
1.225885301828384399e-01 4.449292644858360291e-02
5.924406051635742188e-01 8.008428215980529785e-01
5.613889694213867188e-01 2.437278777360916138e-01
9.897570610046386719e-01 3.786899149417877197e-01
7.617641687393188477e-01 1.211297735571861267e-01
3.707172572612762451e-01 4.157420098781585693e-01
6.481919288635253906e-01 3.795499801635742188e-01
8.923511505126953125e-01 5.102592706680297852e-01
5.302369594573974609e-01 3.395718932151794434e-01
7.507088780403137207e-01 1.554988771677017212e-01
8.593189120292663574e-01 9.611761569976806641e-01
2.015498466789722443e-02 8.930928260087966919e-02
3.992314040660858154e-01 5.205206274986267090e-01
8.834360241889953613e-01 5.690487623214721680e-01
5.160562992095947266e-01 7.977974414825439453e-01
5.127475261688232422e-01 3.674157261848449707e-01
1.907642483711242676e-01 3.211085200309753418e-01
6.088354587554931641e-01 1.884753108024597168e-01
1.079960688948631287e-01 2.230529636144638062e-01
3.559595346450805664e-01 5.831892490386962891e-01
4.824222624301910400e-01 8.258103132247924805e-01
2.323918193578720093e-01 4.667014181613922119e-01
7.337918281555175781e-01 2.381429448723793030e-02
2.215511500835418701e-01 8.565363287925720215e-01
8.433628082275390625e-01 8.951432704925537109e-01
9.496172070503234863e-01 7.709212899208068848e-01
7.586324214935302734e-02 4.829232394695281982e-02
5.519186854362487793e-01 1.450552344322204590e-01
9.052805900573730469e-01 9.323571920394897461e-01
9.881115555763244629e-01 9.100328683853149414e-01
7.778357863426208496e-01 1.976068504154682159e-02
8.111871480941772461e-01 4.142551124095916748e-01
8.074159026145935059e-01 3.764577507972717285e-01
6.964469701051712036e-02 6.372537612915039062e-01
5.238001421093940735e-02 6.035698056221008301e-01
5.124252438545227051e-01 8.413335680961608887e-01
7.370290756225585938e-01 5.417057275772094727e-01
8.359729647636413574e-01 3.411115407943725586e-01
4.064963161945343018e-01 7.459574341773986816e-01
6.465550065040588379e-01 8.537701368331909180e-01
6.877636313438415527e-01 6.142493486404418945e-01
9.607164859771728516e-01 6.165806055068969727e-01
7.041636705398559570e-01 9.189108014106750488e-01
3.689371347427368164e-01 1.750567704439163208e-01
5.698198676109313965e-01 5.776208639144897461e-01
4.016921222209930420e-01 7.131183147430419922e-02
8.721593618392944336e-01 6.757456660270690918e-01
4.303726851940155029e-01 2.879232764244079590e-01
9.154800176620483398e-01 2.721214294433593750e-01
5.586249232292175293e-01 4.513859450817108154e-01
8.570031821727752686e-02 1.583978384733200073e-01
6.237483620643615723e-01 3.889931738376617432e-01
8.218703269958496094e-01 9.367486834526062012e-01
1.165340021252632141e-01 5.751618146896362305e-01
3.427854776382446289e-01 1.916984766721725464e-01
2.262083142995834351e-01 4.385828673839569092e-01
2.620194479823112488e-02 2.387263178825378418e-01
1.711330413818359375e-01 5.981463193893432617e-01
7.123530507087707520e-01 9.520066976547241211e-01
5.523407459259033203e-01 7.235445380210876465e-01
2.723843753337860107e-01 8.379031419754028320e-01
5.716403126716613770e-01 3.387450575828552246e-01
3.459357321262359619e-01 4.259510040283203125e-01
4.244033992290496826e-01 4.483519494533538818e-01
8.409251570701599121e-01 7.658928036689758301e-01
1.133518368005752563e-01 7.971346974372863770e-01
7.213001251220703125e-01 2.281002104282379150e-01
4.336332380771636963e-01 9.435580968856811523e-01
4.064337313175201416e-01 2.369069159030914307e-01
2.252796590328216553e-01 2.759804725646972656e-01
2.448792755603790283e-01 5.142523646354675293e-01
5.153599381446838379e-01 5.343633294105529785e-01
2.730866372585296631e-01 3.803603053092956543e-01
2.356383353471755981e-01 8.162392377853393555e-01
8.833971023559570312e-01 8.225904107093811035e-01
2.059623599052429199e-01 2.502696514129638672e-01
2.174410074949264526e-01 1.826047301292419434e-01
9.430010914802551270e-01 4.426632821559906006e-01
2.776306569576263428e-01 9.645460247993469238e-01
3.380531668663024902e-01 8.738610148429870605e-01
9.264478832483291626e-02 3.427389860153198242e-01
6.885100007057189941e-01 5.464758276939392090e-01
6.327039599418640137e-01 1.994938552379608154e-01
9.542250037193298340e-01 7.617566734552383423e-02
7.072980403900146484e-01 4.592910781502723694e-02
1.157249435782432556e-01 2.704113125801086426e-01
4.410451948642730713e-01 9.022846221923828125e-01
3.592528998851776123e-01 3.030227720737457275e-01
6.755194067955017090e-01 7.722535133361816406e-01
4.351949691772460938e-01 5.300316214561462402e-01
5.296320915222167969e-01 4.930976927280426025e-01
2.076076716184616089e-01 5.338208675384521484e-01
5.793267115950584412e-02 8.427364826202392578e-01
3.921782672405242920e-01 9.700833559036254883e-01
4.112783968448638916e-01 8.894926309585571289e-01
8.746674656867980957e-01 2.345369458198547363e-01
5.081545710563659668e-01 7.313489913940429688e-01
4.956482648849487305e-01 5.473115444183349609e-01
5.093311667442321777e-01 2.385122030973434448e-01
8.609031438827514648e-01 1.721945852041244507e-01
5.786673426628112793e-01 1.602016538381576538e-01
5.626330375671386719e-01 3.097065985202789307e-01
8.916651606559753418e-01 8.562381267547607422e-01
8.169447183609008789e-01 9.784389734268188477e-01
6.364058256149291992e-01 8.039028048515319824e-01
7.166622281074523926e-01 8.201905339956283569e-02
9.127914309501647949e-01 7.541574239730834961e-01
1.939924061298370361e-02 2.986307740211486816e-01
2.784224450588226318e-01 6.445066332817077637e-01
6.051260828971862793e-01 2.512560188770294189e-01
4.953259229660034180e-01 1.532119959592819214e-01
1.168215498328208923e-01 8.239562511444091797e-01
2.719012200832366943e-01 1.718651354312896729e-01
3.088223934173583984e-01 3.074706494808197021e-01
4.492559134960174561e-01 5.607408881187438965e-01
9.616803526878356934e-01 7.902405858039855957e-01
3.308302164077758789e-01 7.663283348083496094e-01
8.767912387847900391e-01 3.764597773551940918e-01
5.018835663795471191e-01 8.752453923225402832e-01
8.105837702751159668e-01 7.667338252067565918e-01
3.213068544864654541e-01 5.890893340110778809e-01
2.754142284393310547e-01 3.593224585056304932e-01
8.491382598876953125e-01 8.648092150688171387e-01
4.969545006752014160e-01 9.893739819526672363e-01
5.332905054092407227e-01 4.525197446346282959e-01
2.802186012268066406e-01 6.781079769134521484e-01
5.572136640548706055e-01 2.412136644124984741e-02
8.029392361640930176e-01 1.872175140306353569e-03
1.415112465620040894e-01 5.628433227539062500e-01
5.286613702774047852e-01 1.754971444606781006e-01
4.563955664634704590e-01 9.206236004829406738e-01
4.139690995216369629e-01 5.524665713310241699e-01
4.571537375450134277e-01 2.399332523345947266e-01
8.120956420898437500e-01 7.976674437522888184e-01
9.133996367454528809e-01 8.755057454109191895e-01
9.891300201416015625e-01 4.596712589263916016e-01
6.570025086402893066e-01 8.266198635101318359e-01
5.748531222343444824e-01 8.480749130249023438e-01
3.952766358852386475e-01 4.170148968696594238e-01
1.545605510473251343e-01 2.018775045871734619e-02
8.332203626632690430e-01 4.226781129837036133e-01
2.769717574119567871e-01 5.739326477050781250e-01
2.706151306629180908e-01 2.212894856929779053e-01
6.286461353302001953e-01 6.286597847938537598e-01
8.328531384468078613e-01 6.120523810386657715e-01
9.038387984037399292e-02 2.978146970272064209e-01
7.192895412445068359e-01 6.578760147094726562e-01
9.523643553256988525e-02 9.094889163970947266e-01
1.858430653810501099e-01 1.962094753980636597e-01
2.553214728832244873e-01 8.542377948760986328e-01
4.018144682049751282e-03 5.311163663864135742e-01
3.026555106043815613e-02 5.179007649421691895e-01
8.057072162628173828e-01 6.680860519409179688e-01
2.608931958675384521e-01 9.231451153755187988e-01
8.252475857734680176e-01 2.277553081512451172e-01
7.100678086280822754e-01 1.203782185912132263e-01
9.917117953300476074e-01 1.574989408254623413e-01
4.946546256542205811e-01 3.224545121192932129e-01
4.721392393112182617e-01 5.421610474586486816e-01
1.345519721508026123e-01 9.986455738544464111e-02
1.290386319160461426e-01 4.187135100364685059e-01
6.435645222663879395e-01 2.309489995241165161e-01
5.327914953231811523e-01 9.577591419219970703e-01
9.837648868560791016e-01 3.286167681217193604e-01
3.103246726095676422e-02 8.534025549888610840e-01
2.735862433910369873e-01 5.192635655403137207e-01
6.798207163810729980e-01 8.028994798660278320e-01
8.719548583030700684e-01 4.506826996803283691e-01
5.174924731254577637e-01 6.818211674690246582e-01
5.377442836761474609e-01 2.482422739267349243e-01
3.240359127521514893e-01 6.440833806991577148e-01
3.844850063323974609e-01 4.470921754837036133e-01
4.233083426952362061e-01 3.482558727264404297e-01
5.164473131299018860e-02 4.898990690708160400e-01
2.527755498886108398e-01 2.613379359245300293e-01
6.660771369934082031e-02 9.321761727333068848e-01
9.430420398712158203e-01 2.574763894081115723e-01
7.673564553260803223e-01 6.758900284767150879e-01
1.159335896372795105e-01 9.848051071166992188e-01
5.903754234313964844e-01 8.789253830909729004e-01
6.881633996963500977e-01 1.186677534133195877e-02
2.870343029499053955e-01 9.930933117866516113e-01
6.042304635047912598e-01 6.174687147140502930e-01
2.671554386615753174e-01 7.273353338241577148e-01
7.426632046699523926e-01 6.605669260025024414e-01
4.592585265636444092e-01 8.347829431295394897e-02
9.943637251853942871e-01 1.174466088414192200e-01
1.280936449766159058e-01 2.986069619655609131e-01
7.593948245048522949e-01 3.129940479993820190e-03
7.585974335670471191e-01 9.086700081825256348e-01
7.665583491325378418e-01 4.687849879264831543e-01
3.567775785923004150e-01 7.429583668708801270e-01
6.444050073623657227e-01 9.277443885803222656e-01
7.930389642715454102e-01 5.008472800254821777e-01
5.926176905632019043e-01 9.890126585960388184e-01
3.628184795379638672e-01 7.006560564041137695e-01
9.394883513450622559e-01 8.860960602760314941e-01
3.915163278579711914e-01 6.869023442268371582e-01
8.381116986274719238e-01 1.855894625186920166e-01
6.635908484458923340e-01 1.968773752450942993e-01
6.199115514755249023e-01 4.198874831199645996e-01
7.737899571657180786e-02 9.807061553001403809e-01
3.201842010021209717e-01 8.523919582366943359e-01
5.143385529518127441e-01 5.986007452011108398e-01
1.103033777326345444e-02 7.585251927375793457e-01
9.640301465988159180e-01 8.189717531204223633e-01
6.192029714584350586e-01 8.104540407657623291e-02
5.664889812469482422e-01 5.367613434791564941e-01
6.543532013893127441e-01 3.519109785556793213e-01
2.172926068305969238e-01 5.130951404571533203e-01
5.070816874504089355e-01 4.299078285694122314e-01
3.393201529979705811e-01 1.121394559741020203e-01
7.831249237060546875e-01 8.188647031784057617e-01
7.043794393539428711e-01 5.244979858398437500e-01
5.998491644859313965e-01 5.488105416297912598e-01
9.965582489967346191e-01 5.543326139450073242e-01
5.615248680114746094e-01 8.911223709583282471e-02
1.819328069686889648e-01 1.093970835208892822e-01
7.477535605430603027e-01 4.218329191207885742e-01
1.679348200559616089e-01 9.093292951583862305e-01
9.995894432067871094e-01 2.478858642280101776e-02
2.505222260951995850e-01 6.105726957321166992e-01
2.328046560287475586e-01 5.830235481262207031e-01
9.935864210128784180e-01 8.306492567062377930e-01
4.409424364566802979e-01 1.369184697978198528e-03
9.712002277374267578e-01 5.580731630325317383e-01
1.736751049757003784e-01 6.360691785812377930e-01
7.518917322158813477e-01 7.261921763420104980e-01
5.895775556564331055e-01 9.619506597518920898e-01
5.264710187911987305e-01 2.419871278107166290e-03
9.260613322257995605e-01 6.758760809898376465e-01
7.041282057762145996e-01 8.409017324447631836e-01
4.478368908166885376e-02 7.345427870750427246e-01
1.941101253032684326e-01 6.656777858734130859e-01
9.522320032119750977e-01 9.194041490554809570e-01
4.382078945636749268e-01 2.261661551892757416e-02
8.641226887702941895e-01 3.529739752411842346e-02
5.808726549148559570e-01 2.788158357143402100e-01
4.153997898101806641e-01 8.586233854293823242e-01
6.173827648162841797e-01 8.316822648048400879e-01
6.373302340507507324e-01 5.485129952430725098e-01
1.984673440456390381e-01 3.604423403739929199e-01
6.117827296257019043e-01 2.801493704319000244e-01
1.511833816766738892e-01 3.768800497055053711e-01
8.209837675094604492e-01 7.420176267623901367e-01
6.248811483383178711e-01 1.447664201259613037e-01
6.250264644622802734e-01 5.226494669914245605e-01
4.810732901096343994e-01 1.151031404733657837e-01
1.832495927810668945e-01 1.442263573408126831e-01
5.878906250000000000e-01 1.105842292308807373e-01
1.936180889606475830e-02 2.617696225643157959e-01
8.037110567092895508e-01 1.731717884540557861e-01
1.025952696800231934e-01 8.816967010498046875e-01
6.254798173904418945e-01 4.784430265426635742e-01
7.362396717071533203e-01 3.950406014919281006e-01
8.966806530952453613e-01 3.440743982791900635e-01
2.548032402992248535e-01 9.534118175506591797e-01
9.702931642532348633e-01 8.595993518829345703e-01
5.867198109626770020e-01 2.363162338733673096e-01
9.490005671977996826e-02 5.963947176933288574e-01
2.400996834039688110e-01 9.851338714361190796e-02
3.423805832862854004e-01 9.470872282981872559e-01
3.050009012222290039e-01 8.454661071300506592e-02
3.902075886726379395e-01 8.554183244705200195e-01
9.772627353668212891e-01 4.431486874818801880e-02
7.682465366087853909e-06 6.143295764923095703e-02
4.841204881668090820e-01 5.798636674880981445e-01
3.009172976016998291e-01 8.238754868507385254e-01
3.059286475181579590e-01 1.769704669713973999e-01
6.352809667587280273e-01 2.539768517017364502e-01
6.498223543167114258e-01 5.019119977951049805e-01
5.140088200569152832e-01 3.537202998995780945e-02
5.393153429031372070e-01 3.857835829257965088e-01
1.960563957691192627e-01 7.959644794464111328e-01
9.160696268081665039e-01 4.178197383880615234e-01
5.595262646675109863e-01 1.795403808355331421e-01
4.824178814888000488e-01 3.971343636512756348e-01
3.299128711223602295e-01 1.596652120351791382e-01
6.738402247428894043e-01 3.418971598148345947e-02
8.222613334655761719e-01 5.036377906799316406e-01
5.250418782234191895e-01 7.681722044944763184e-01
2.784175276756286621e-01 7.593082636594772339e-02
3.163116574287414551e-01 9.950997829437255859e-01
3.435344099998474121e-01 1.415298432111740112e-01
5.463653430342674255e-02 8.763526082038879395e-01
1.254501789808273315e-01 7.466748356819152832e-01
4.665610194206237793e-01 6.128200888633728027e-01
5.992408990859985352e-01 6.551737189292907715e-01
3.404964804649353027e-01 7.128144502639770508e-01
9.230416417121887207e-01 9.929900057613849640e-03
3.911530226469039917e-02 3.470115363597869873e-03
7.805632948875427246e-01 9.379606246948242188e-01
4.099906086921691895e-01 9.191990494728088379e-01
1.255601048469543457e-01 3.499900102615356445e-01
1.543840467929840088e-01 9.436427950859069824e-01
6.477186083793640137e-01 2.786003947257995605e-01
6.031640768051147461e-01 4.580452740192413330e-01
4.127408266067504883e-01 9.758942723274230957e-01
3.419538140296936035e-01 4.352211952209472656e-02
9.193227887153625488e-01 2.957622110843658447e-01
1.564568579196929932e-01 2.981724739074707031e-01
5.928859710693359375e-01 2.889104187488555908e-02
9.291211366653442383e-01 6.055742502212524414e-01
7.678314447402954102e-01 4.385284185409545898e-01
9.714258313179016113e-01 1.097002029418945312e-01
6.017588451504707336e-02 3.907533586025238037e-01
2.135902345180511475e-01 2.948582172393798828e-01
1.643715798854827881e-01 8.677046746015548706e-02
8.004913330078125000e-01 5.543754696846008301e-01
7.616969943046569824e-02 3.255420625209808350e-01
8.723819851875305176e-01 2.672832310199737549e-01
7.945327162742614746e-01 8.194316923618316650e-02
3.737592101097106934e-01 3.355259597301483154e-01
7.689778804779052734e-01 4.920313507318496704e-02
1.236398741602897644e-01 6.101393699645996094e-01
1.866511069238185883e-02 1.832661181688308716e-01
1.050109695643186569e-02 7.193844914436340332e-01
1.829659640789031982e-01 4.810559749603271484e-01
3.393412530422210693e-01 9.240000844001770020e-01
6.748361587524414062e-01 3.064838647842407227e-01
2.458816021680831909e-01 6.913664340972900391e-01
2.466070055961608887e-01 3.064430058002471924e-01
8.992462754249572754e-01 3.786787688732147217e-01
7.248304486274719238e-01 5.035670399665832520e-01
3.705453872680664062e-01 7.383488118648529053e-02
1.303115934133529663e-01 8.742675781250000000e-01
3.105135858058929443e-01 4.865680932998657227e-01
3.190979957580566406e-01 3.924689888954162598e-01
7.477383017539978027e-01 5.776424407958984375e-01
4.688962399959564209e-01 1.520411670207977295e-01
6.074962019920349121e-01 8.572000265121459961e-01
7.046653628349304199e-01 7.208207845687866211e-01
1.545299142599105835e-01 1.265165656805038452e-01
6.387333273887634277e-01 6.583134531974792480e-01
2.191397845745086670e-01 4.121898114681243896e-01
1.014460772275924683e-01 5.423641204833984375e-01
4.181138575077056885e-01 7.179182767868041992e-01
2.718129158020019531e-01 1.879332773387432098e-02
8.266012668609619141e-01 1.411884427070617676e-01
1.346841570921242237e-03 6.123195886611938477e-01
8.891180753707885742e-01 2.899580597877502441e-01
6.620041131973266602e-01 6.306211352348327637e-01
9.205507040023803711e-01 6.352140009403228760e-02
6.312943696975708008e-01 3.939538262784481049e-03
9.214125871658325195e-01 3.916962146759033203e-01
2.522349655628204346e-01 4.835769236087799072e-01
4.163149595260620117e-01 1.007627844810485840e-01
5.271424651145935059e-01 1.502867192029953003e-01
2.505086660385131836e-01 9.940997958183288574e-01
7.438387870788574219e-01 8.126727938652038574e-01
4.330159723758697510e-01 3.786039352416992188e-01
1.437358558177947998e-01 1.569855064153671265e-01
4.333354234695434570e-01 4.104504585266113281e-01
3.973929882049560547e-01 5.967069268226623535e-01
1.303472220897674561e-01 7.737028002738952637e-01
3.701041042804718018e-01 9.226585030555725098e-01
7.422800660133361816e-01 3.451566696166992188e-01
1.120531931519508362e-01 4.730021953582763672e-01
1.073568016290664673e-01 6.625967025756835938e-01
7.177318930625915527e-01 7.889896035194396973e-01
2.472066693007946014e-02 8.235545158386230469e-01
1.258631646633148193e-01 2.383253574371337891e-01
4.597184713929891586e-03 5.022838711738586426e-01
8.371732831001281738e-01 5.156663805246353149e-02
8.495065569877624512e-01 3.970680534839630127e-01
3.704426288604736328e-01 8.779847621917724609e-01
6.059875488281250000e-01 5.014412999153137207e-01
3.743639886379241943e-01 5.372631549835205078e-01
6.897777318954467773e-01 1.805788278579711914e-01
7.976618409156799316e-02 6.688630580902099609e-01
4.804133437573909760e-03 6.729677319526672363e-01
5.230330824851989746e-01 5.699088573455810547e-01
7.350383400917053223e-01 1.218325197696685791e-01
6.977848410606384277e-01 2.308111339807510376e-01
9.611757993698120117e-01 1.921137720346450806e-01
7.976514101028442383e-01 3.107240796089172363e-01
4.893663823604583740e-01 7.584209442138671875e-01
6.703829169273376465e-01 8.493347167968750000e-01
6.613300740718841553e-02 5.170018672943115234e-01
2.762274444103240967e-01 2.447943538427352905e-01
8.914188146591186523e-01 6.250361800193786621e-01
3.070012629032135010e-01 3.616956472396850586e-01
2.456448376178741455e-01 4.067708849906921387e-01
1.754157543182373047e-01 3.865946829319000244e-01
8.353816270828247070e-01 6.740489602088928223e-01
2.769043147563934326e-01 7.040312886238098145e-01
1.464279145002365112e-01 7.122711539268493652e-01
7.202167510986328125e-01 3.528882861137390137e-01
7.977017164230346680e-01 9.141744971275329590e-01
8.510232567787170410e-01 9.951958805322647095e-02
3.177292644977569580e-02 3.867845237255096436e-01
7.878317832946777344e-01 2.094904184341430664e-01
1.154980584979057312e-01 3.163603544235229492e-01
3.049920499324798584e-01 7.269532084465026855e-01
8.506292700767517090e-01 1.297290809452533722e-02
1.379544585943222046e-01 5.343932509422302246e-01
1.488154940307140350e-02 1.451934725046157837e-01
1.924134343862533569e-01 5.731682181358337402e-01
9.013446569442749023e-01 5.929436087608337402e-01
6.182567775249481201e-02 1.351270228624343872e-01
3.459353446960449219e-01 3.713378012180328369e-01
1.138952970504760742e-01 5.150603055953979492e-01
9.979064464569091797e-01 2.201612889766693115e-01
8.501605391502380371e-01 9.295633435249328613e-01
4.339495003223419189e-01 8.100755512714385986e-02
4.693255126476287842e-01 3.521622717380523682e-02
2.302873432636260986e-01 9.733561873435974121e-01
2.586222440004348755e-02 3.262750506401062012e-01
6.155973076820373535e-01 3.059848845005035400e-01
1.457576453685760498e-01 2.646292746067047119e-01
8.630453795194625854e-02 9.211235493421554565e-02
9.395242333412170410e-01 6.404423713684082031e-01
2.113995403051376343e-01 6.464529037475585938e-01
8.653707504272460938e-01 8.463485240936279297e-01
1.131222099065780640e-01 7.135535478591918945e-01
6.429075598716735840e-01 8.767614513635635376e-02
6.980034112930297852e-01 6.396823525428771973e-01
5.619456171989440918e-01 8.861944079399108887e-01
8.440214395523071289e-01 2.498632371425628662e-01
8.273518681526184082e-01 6.422252058982849121e-01
2.749515883624553680e-02 1.254545748233795166e-01
9.455697536468505859e-01 5.461190938949584961e-01
2.305252403020858765e-01 7.151110172271728516e-01
9.850527048110961914e-01 1.918595880270004272e-01
7.248448133468627930e-01 9.067420959472656250e-01
9.169616699218750000e-01 6.341951489448547363e-01
1.523056775331497192e-01 3.302554488182067871e-01
2.973614931106567383e-01 7.790114879608154297e-01
3.134352564811706543e-01 9.586829543113708496e-01
5.418008565902709961e-01 8.132194280624389648e-01
4.714187085628509521e-01 7.344083786010742188e-01
5.096448063850402832e-01 3.907051384449005127e-01
7.846543192863464355e-01 3.458047211170196533e-01
9.661028385162353516e-01 3.609800338745117188e-01
5.240963306277990341e-03 6.730277538299560547e-01
5.267124250531196594e-02 3.289359807968139648e-01
1.651798635721206665e-01 8.334059715270996094e-01
1.960027962923049927e-01 8.742594718933105469e-01
4.622257649898529053e-01 7.027693986892700195e-01
7.483792901039123535e-01 2.402999997138977051e-01
7.998847365379333496e-01 4.762743115425109863e-01
3.388032019138336182e-01 9.804818034172058105e-01
4.757634699344635010e-01 6.639980673789978027e-01
4.251184165477752686e-01 1.727991104125976562e-01
6.899404525756835938e-01 1.115712895989418030e-01
4.372155293822288513e-02 2.571946196258068085e-02
2.579812705516815186e-01 8.954429030418395996e-01
9.833239316940307617e-01 7.609284669160842896e-02
4.334715008735656738e-01 6.096431016921997070e-01
7.654484510421752930e-01 1.763418763875961304e-01
5.015377402305603027e-01 6.485428214073181152e-01
9.075954556465148926e-01 2.417954206466674805e-01
1.017180979251861572e-01 3.608451038599014282e-02
4.692445993423461914e-01 3.750801682472229004e-01
3.942956924438476562e-01 1.971107125282287598e-01
2.960063219070434570e-01 4.134957194328308105e-01
8.228693008422851562e-01 2.677637934684753418e-01
1.383456438779830933e-01 4.588510394096374512e-01
8.183048665523529053e-02 9.652858600020408630e-03
8.652199506759643555e-01 7.379956543445587158e-02
9.865802526473999023e-01 7.018449902534484863e-01
1.042574122548103333e-01 1.826831847429275513e-01
8.202816843986511230e-01 4.575737714767456055e-01
5.468939542770385742e-01 6.052632331848144531e-01
3.181069791316986084e-01 2.860336899757385254e-01
4.952482581138610840e-01 6.203291416168212891e-01
7.309314012527465820e-01 4.555439651012420654e-01
5.860209465026855469e-01 7.698620110750198364e-02
1.704640686511993408e-01 3.483470976352691650e-01
7.166388630867004395e-01 5.644487738609313965e-01
7.563028335571289062e-01 6.981268525123596191e-01
2.354034483432769775e-01 7.420620322227478027e-01
8.049452304840087891e-02 2.003581225872039795e-01
8.925470709800720215e-01 3.088794089853763580e-02
8.202008605003356934e-01 1.920910179615020752e-02
8.888085186481475830e-02 8.508464694023132324e-01
2.528772950172424316e-01 6.217535585165023804e-02
8.577298521995544434e-01 6.490744352340698242e-01
2.977924942970275879e-01 6.149880886077880859e-01
4.091181755065917969e-01 8.180111646652221680e-01
4.795108735561370850e-01 2.691000699996948242e-01
2.863880693912506104e-01 8.848633170127868652e-01
2.770434319972991943e-01 2.883925437927246094e-01
3.221259117126464844e-01 4.286207556724548340e-01
6.050619482994079590e-01 1.661481708288192749e-01
9.223413467407226562e-01 3.139782696962356567e-02
1.211225762963294983e-01 1.511931717395782471e-01
6.310629248619079590e-01 6.892030239105224609e-01
7.544303536415100098e-01 2.796382904052734375e-01
4.921514093875885010e-01 8.194583654403686523e-02
2.189126312732696533e-01 1.289180368185043335e-01
6.130555868148803711e-01 1.140021979808807373e-01
3.997176289558410645e-01 3.486980497837066650e-01
5.773115158081054688e-01 4.752152562141418457e-01
1.323023438453674316e-01 1.904842108488082886e-01
5.585584044456481934e-02 2.141454219818115234e-01
8.879789710044860840e-01 1.822941452264785767e-01
1.758363097906112671e-01 7.098953127861022949e-01
6.121881008148193359e-01 2.223390340805053711e-01
9.379444718360900879e-01 7.079665660858154297e-01
2.102727442979812622e-01 8.374726772308349609e-01
5.191144347190856934e-01 2.708103358745574951e-01
2.852031290531158447e-01 4.767166450619697571e-02
7.389283776283264160e-01 8.412956595420837402e-01
6.512557268142700195e-01 4.656183719635009766e-01
5.171778798103332520e-01 1.233599856495857239e-01
4.534275531768798828e-01 3.392990827560424805e-01
8.520797491073608398e-01 7.908031344413757324e-01
3.535369038581848145e-01 3.935797810554504395e-01
3.360223174095153809e-01 5.564000606536865234e-01
5.995049476623535156e-01 9.351596236228942871e-01
4.597997292876243591e-03 8.673678636550903320e-01
4.447908401489257812e-01 7.725067138671875000e-01
6.230074167251586914e-01 9.027330279350280762e-01
1.136737987399101257e-01 9.287621974945068359e-01
4.169993102550506592e-01 3.182627260684967041e-01
1.509639696450904012e-04 4.813190102577209473e-01
8.030910491943359375e-01 6.227747201919555664e-01
1.230286583304405212e-01 1.432891748845577240e-02
1.067969109863042831e-02 6.427642107009887695e-01
6.489385962486267090e-01 7.745916843414306641e-01
9.882378578186035156e-01 7.445203065872192383e-01
9.467499256134033203e-01 3.338114917278289795e-01
9.667024016380310059e-01 4.355639219284057617e-01
6.243744399398565292e-03 9.913077950477600098e-01
9.191989153623580933e-02 7.762069702148437500e-01
2.752184867858886719e-01 6.002375483512878418e-01
2.738031744956970215e-01 4.080241322517395020e-01
3.386156558990478516e-01 7.546341419219970703e-02
6.984805464744567871e-01 9.757745265960693359e-01
5.278881788253784180e-01 7.125514745712280273e-01
4.127902090549468994e-01 1.410522907972335815e-01
8.446450829505920410e-01 8.242025971412658691e-01
3.332082629203796387e-01 8.179125189781188965e-01
1.903644651174545288e-01 7.182986289262771606e-02
1.949165165424346924e-01 7.253060340881347656e-01
4.895062148571014404e-01 4.707815349102020264e-01
8.095454573631286621e-01 3.350012898445129395e-01
7.349319458007812500e-01 1.964561343193054199e-01
4.445562064647674561e-01 1.206166744232177734e-01
3.830117285251617432e-01 4.756916165351867676e-01
9.693613052368164062e-01 9.821438193321228027e-01
9.915651679039001465e-01 9.363216757774353027e-01
3.339745104312896729e-01 5.027872920036315918e-01
3.447818160057067871e-01 5.332192778587341309e-01
4.229444265365600586e-01 6.964681744575500488e-01
8.168207406997680664e-01 5.865510106086730957e-01
2.951039373874664307e-01 8.515545725822448730e-01
3.802624940872192383e-01 8.300268054008483887e-01
4.281784221529960632e-02 9.578660130500793457e-01
4.019234776496887207e-01 6.620914340019226074e-01
7.150741815567016602e-01 3.847942650318145752e-01
1.983546465635299683e-01 6.049261689186096191e-01
9.823635816574096680e-01 9.575793147087097168e-01
7.693415284156799316e-01 2.341347932815551758e-01
5.507014393806457520e-01 8.459804654121398926e-01
4.843485057353973389e-01 8.949592113494873047e-01
9.188985228538513184e-01 1.722746938467025757e-01
2.883276939392089844e-01 3.260610997676849365e-01
3.539771214127540588e-02 6.999525427818298340e-01
5.502090454101562500e-01 2.813014686107635498e-01
5.152179598808288574e-01 4.673398137092590332e-01
9.128503203392028809e-01 1.300195604562759399e-01
5.619924664497375488e-01 6.516813635826110840e-01
9.888496249914169312e-03 3.658528029918670654e-01
9.886825084686279297e-01 4.005942940711975098e-01
7.758453488349914551e-01 2.728292644023895264e-01
3.851321339607238770e-01 9.413219690322875977e-01
3.159027695655822754e-01 7.928926348686218262e-01
6.306645870208740234e-01 4.244814813137054443e-02
5.557966828346252441e-01 4.961305260658264160e-01
7.181239724159240723e-01 7.593225836753845215e-01
1.868744641542434692e-01 8.198584318161010742e-01
8.453471660614013672e-01 2.907258570194244385e-01
4.641931056976318359e-01 9.677413702011108398e-01
8.971730470657348633e-01 2.085549980401992798e-01
4.342921674251556396e-01 7.473942637443542480e-01
7.853862643241882324e-01 7.645490765571594238e-01
9.408511519432067871e-01 1.002804189920425415e-01
2.472780942916870117e-01 5.416929721832275391e-01
4.090433120727539062e-01 4.195521026849746704e-02
6.951345801353454590e-01 4.271157085895538330e-01
6.545232236385345459e-02 7.624188661575317383e-01
4.897188544273376465e-01 3.510459661483764648e-01
7.656879425048828125e-01 3.170507252216339111e-01
5.316494107246398926e-01 6.524169445037841797e-01
9.127402305603027344e-01 3.217420876026153564e-01
3.735828399658203125e-01 2.496178895235061646e-01
9.814248085021972656e-01 6.400730013847351074e-01
1.754398494958877563e-01 5.203672647476196289e-01
7.772254347801208496e-01 6.092360019683837891e-01
4.148408174514770508e-01 6.290219426155090332e-01
6.954486370086669922e-01 7.634440064430236816e-02
7.298811674118041992e-01 2.752390503883361816e-01
6.967149972915649414e-01 7.618622183799743652e-01
7.160431146621704102e-01 4.186252057552337646e-01
6.795037388801574707e-01 3.372403085231781006e-01
9.746405482292175293e-01 2.386439591646194458e-01
9.773646593093872070e-01 5.054864883422851562e-01
7.118754982948303223e-01 8.123326301574707031e-01
3.732149302959442139e-01 1.384939253330230713e-01
8.582691550254821777e-01 7.213018536567687988e-01
5.222424268722534180e-01 6.801937520503997803e-02
3.706456422805786133e-01 1.029321178793907166e-01
7.911558747291564941e-01 4.369564056396484375e-01
7.809551358222961426e-01 6.522975564002990723e-01
8.188968896865844727e-01 9.576056599617004395e-01
5.807531476020812988e-01 5.119758248329162598e-01
5.769696086645126343e-02 8.148906230926513672e-01
2.712885439395904541e-01 1.027361452579498291e-01
8.169270157814025879e-01 5.402742624282836914e-01
9.287811517715454102e-01 8.397383689880371094e-01
1.658648699522018433e-01 2.294921576976776123e-01
3.506596684455871582e-01 3.498376011848449707e-01
6.526075601577758789e-01 1.382981333881616592e-02
3.355132341384887695e-01 6.126005649566650391e-01
6.691073775291442871e-01 4.421663284301757812e-01
8.246721029281616211e-01 7.203674316406250000e-01
9.432025551795959473e-01 3.828222155570983887e-01
2.136297374963760376e-01 3.270316123962402344e-01
7.369754314422607422e-01 8.748506754636764526e-02
2.554492652416229248e-01 7.654993534088134766e-01
3.452531397342681885e-01 2.256789505481719971e-01
7.978386878967285156e-01 4.713812097907066345e-02
3.518251180648803711e-01 6.729124784469604492e-01
7.854109406471252441e-01 3.994150459766387939e-01
1.805261373519897461e-01 4.198899567127227783e-01
6.634559631347656250e-01 9.780991077423095703e-01
6.111100912094116211e-01 7.877079248428344727e-01
7.380204796791076660e-01 9.854308962821960449e-01
7.006656527519226074e-01 3.441189825534820557e-01
1.627167910337448120e-01 9.747302532196044922e-01
8.810526877641677856e-02 6.180530786514282227e-01
8.845769762992858887e-01 9.954432249069213867e-01
9.900349378585815430e-01 3.066608607769012451e-01
4.592954218387603760e-01 1.867930144071578979e-01
6.717891097068786621e-01 5.750624537467956543e-01
6.338838338851928711e-01 4.368512928485870361e-01
8.619385957717895508e-02 9.521552324295043945e-01
3.927311897277832031e-01 3.796529173851013184e-01
6.851158738136291504e-01 8.745399117469787598e-01
1.370850652456283569e-01 6.465708613395690918e-01
2.345412969589233398e-01 3.731225430965423584e-01
9.994273781776428223e-01 5.857907533645629883e-01
2.474185973405838013e-01 1.770907342433929443e-01
3.900735080242156982e-02 6.479046344757080078e-01
7.732364535331726074e-01 8.392367959022521973e-01
2.862038910388946533e-01 5.430607199668884277e-01
7.728273272514343262e-01 7.909058332443237305e-01
9.431099891662597656e-01 5.131818652153015137e-01
6.828536987304687500e-01 1.500766873359680176e-01
2.690342068672180176e-01 1.304893791675567627e-01
1.174625679850578308e-01 6.896261572837829590e-01
4.959219694137573242e-01 5.072474479675292969e-01
4.299688637256622314e-01 6.545658707618713379e-01
5.417866706848144531e-01 5.265211462974548340e-01
1.721673309803009033e-01 7.554716467857360840e-01
1.104192808270454407e-01 7.254554331302642822e-02
9.330060482025146484e-01 9.885559082031250000e-01
9.001289606094360352e-01 6.640603542327880859e-01
3.537386059761047363e-01 7.875759005546569824e-01
1.702055782079696655e-01 1.763725727796554565e-01
4.697898626327514648e-01 2.188986986875534058e-01
4.189574420452117920e-01 2.067536413669586182e-01
2.164944559335708618e-01 5.565482378005981445e-01
9.362984299659729004e-01 5.792418718338012695e-01
7.823848128318786621e-01 5.816520452499389648e-01
2.057141065597534180e-01 1.571176350116729736e-01
2.408038638532161713e-02 5.782780647277832031e-01
1.500604152679443359e-01 5.937522053718566895e-01
3.558247983455657959e-01 6.219567060470581055e-01
6.312317252159118652e-01 9.718964695930480957e-01
5.560665130615234375e-01 7.884241938591003418e-01
1.382236331701278687e-01 6.664044409990310669e-02
7.195417881011962891e-01 1.586468964815139771e-01
6.487033963203430176e-01 1.654510945081710815e-01
3.198954164981842041e-01 4.589500427246093750e-01
4.731207489967346191e-01 7.740557193756103516e-01
4.683948680758476257e-02 7.894421815872192383e-01
6.567912697792053223e-01 6.036539673805236816e-01
6.796171665191650391e-01 9.110916256904602051e-01
7.543546557426452637e-01 5.134409666061401367e-01
2.789523005485534668e-01 4.669751822948455811e-01
3.112888038158416748e-01 2.494654059410095215e-02
1.515041291713714600e-01 9.934477806091308594e-01
2.203262448310852051e-01 6.947090476751327515e-02
4.094686806201934814e-01 2.607010900974273682e-01
1.692292392253875732e-01 5.544814467430114746e-01
8.795380592346191406e-01 4.149808585643768311e-01
1.884786337614059448e-01 3.632724285125732422e-02
5.428164266049861908e-03 7.944704294204711914e-01
1.695346236228942871e-01 8.830872774124145508e-01
2.444427460432052612e-01 3.347317129373550415e-02
9.550493955612182617e-01 9.450991749763488770e-01
5.062997937202453613e-01 2.978782951831817627e-01
2.588792145252227783e-01 4.451311826705932617e-01
5.285686254501342773e-02 2.962647676467895508e-01
5.769544839859008789e-01 7.629026770591735840e-01
8.855510950088500977e-01 5.410293340682983398e-01
4.749867916107177734e-01 4.521977603435516357e-01
3.881909251213073730e-01 7.223922610282897949e-01
4.422887861728668213e-01 2.638053894042968750e-01
3.050940334796905518e-01 6.689617037773132324e-01
4.048018455505371094e-01 5.723255872726440430e-01
1.986054033041000366e-01 4.477637112140655518e-01
3.530591428279876709e-01 8.444440960884094238e-01
5.508806705474853516e-01 5.645164847373962402e-01
1.237366199493408203e-01 9.541227817535400391e-01
4.217451214790344238e-01 4.949745237827301025e-01
7.099399566650390625e-01 6.851905584335327148e-01
8.006682991981506348e-01 2.883273661136627197e-01
5.258126258850097656e-01 9.004012346267700195e-01
7.740791887044906616e-02 7.003342509269714355e-01
4.089547321200370789e-02 4.276016950607299805e-01
5.595807731151580811e-02 9.120467901229858398e-01
2.232769131660461426e-01 1.254606805741786957e-02
3.907203972339630127e-01 3.119968473911285400e-01
2.424902319908142090e-01 1.425153017044067383e-01
6.698827147483825684e-01 2.364679574966430664e-01
4.664634764194488525e-01 5.160332918167114258e-01
5.046958327293395996e-01 9.626863002777099609e-01
2.343315631151199341e-01 8.784105777740478516e-01
7.053537368774414062e-01 2.988293170928955078e-01
7.278791666030883789e-01 3.147611021995544434e-01
4.746960103511810303e-02 2.717322409152984619e-01
4.390360713005065918e-01 9.765035510063171387e-01
3.227187693119049072e-01 7.411966919898986816e-01
4.524794518947601318e-01 3.083793222904205322e-01
6.072847843170166016e-01 3.525915741920471191e-01
5.921952724456787109e-01 4.061821699142456055e-01
8.167732357978820801e-01 8.929950594902038574e-01
2.200272530317306519e-01 7.803694009780883789e-01
6.411923766136169434e-01 1.199783533811569214e-01
4.456197619438171387e-01 5.830529928207397461e-01
3.341118991374969482e-01 3.222556412220001221e-01
5.919329524040222168e-01 3.158842027187347412e-01
3.809833824634552002e-01 3.164468798786401749e-03
8.373978137969970703e-01 6.953535676002502441e-01
6.107134819030761719e-01 7.596834301948547363e-01
5.784889459609985352e-01 7.307003736495971680e-01
9.505916833877563477e-01 4.082790389657020569e-02
1.148010119795799255e-01 1.170200482010841370e-01
3.692813813686370850e-01 4.998590946197509766e-01
6.826108694076538086e-01 4.971794188022613525e-01
9.151775836944580078e-01 5.199902057647705078e-01
9.622886180877685547e-01 6.649588942527770996e-01
2.744491398334503174e-01 1.990083754062652588e-01
6.376644968986511230e-01 7.470694780349731445e-01
9.831558465957641602e-01 7.827964425086975098e-01
2.026311606168746948e-01 3.961713910102844238e-01
8.382382243871688843e-02 2.357714176177978516e-01
6.836766600608825684e-01 2.697585225105285645e-01
3.977864980697631836e-01 1.146859452128410339e-01
5.773733854293823242e-01 6.180059909820556641e-01
7.264083027839660645e-01 6.246401667594909668e-01
7.608156800270080566e-01 6.323668956756591797e-01
9.503111988306045532e-02 7.387600541114807129e-01
4.793223738670349121e-02 5.764399096369743347e-02
8.651527166366577148e-01 5.929893255233764648e-01
7.489486336708068848e-01 7.622521519660949707e-01
8.915366530418395996e-01 7.717772126197814941e-01
4.051680564880371094e-01 1.178120728582143784e-02
4.132807850837707520e-01 4.066399633884429932e-01
1.389027386903762817e-02 9.088505506515502930e-01
3.535603284835815430e-01 2.697652876377105713e-01
9.396257400512695312e-01 1.289524585008621216e-01
1.086817681789398193e-01 6.370853185653686523e-01
3.070288896560668945e-01 5.223984122276306152e-01
7.687586545944213867e-01 5.555951595306396484e-01
4.811671376228332520e-01 9.446154832839965820e-01
9.296547621488571167e-02 1.236977055668830872e-01
7.363580912351608276e-02 4.512635171413421631e-01
9.007065892219543457e-01 9.695716500282287598e-01
1.990508735179901123e-01 9.715609550476074219e-01
3.063564598560333252e-01 9.117215275764465332e-01
9.219051003456115723e-01 9.175888299942016602e-01
2.374710738658905029e-01 3.414058983325958252e-01
9.478869438171386719e-01 8.555611968040466309e-01
6.695154309272766113e-02 4.140272140502929688e-01
4.722889140248298645e-02 6.766675114631652832e-01
6.733587384223937988e-02 7.258134484291076660e-01
5.887699723243713379e-01 5.863885283470153809e-01
8.780049085617065430e-01 6.994254589080810547e-01
9.042637348175048828e-01 8.151957988739013672e-01
3.764582574367523193e-01 5.604937672615051270e-01
1.240372136235237122e-01 3.870270550251007080e-01
1.758165508508682251e-01 6.772502064704895020e-01
5.812202095985412598e-01 4.335492253303527832e-01
1.501155942678451538e-01 6.722841858863830566e-01
5.140956491231918335e-02 5.669975280761718750e-01
6.057371497154235840e-01 8.017385378479957581e-03
1.894021481275558472e-01 9.472883939743041992e-01
8.707997202873229980e-01 9.124746322631835938e-01
2.043905258178710938e-01 7.529119849205017090e-01
2.531304210424423218e-02 5.152734369039535522e-02
1.150339283049106598e-02 4.165286719799041748e-01
3.748563230037689209e-01 4.125034064054489136e-02
7.827671766281127930e-01 9.749068021774291992e-01
6.138755381107330322e-02 2.472763359546661377e-01
6.750773638486862183e-02 4.723582863807678223e-01
4.450976550579071045e-01 8.178302645683288574e-01
8.116443753242492676e-01 8.311398029327392578e-01
5.442565083503723145e-01 4.168534576892852783e-01
1.920120567083358765e-01 1.328560523688793182e-03
9.261082410812377930e-01 3.559699356555938721e-01
2.638703286647796631e-01 3.371217846870422363e-01
6.030893921852111816e-01 7.244011163711547852e-01
6.623950004577636719e-01 4.094632267951965332e-01
8.636945486068725586e-01 2.116369307041168213e-01
9.252780079841613770e-01 7.949072718620300293e-01
5.376193523406982422e-01 1.972587555646896362e-01
8.715094327926635742e-01 3.095003962516784668e-01
4.744929969310760498e-01 3.000242710113525391e-01
7.513049840927124023e-01 4.889939725399017334e-01
5.995133519172668457e-01 5.151984095573425293e-02
2.102671265602111816e-01 6.887080669403076172e-01
7.231231331825256348e-01 7.356070876121520996e-01
5.530497059226036072e-02 1.782864630222320557e-01
2.316202372312545776e-01 2.411787062883377075e-01
9.651013016700744629e-01 6.952971220016479492e-01
8.681344985961914062e-01 7.499779462814331055e-01
6.283152103424072266e-01 9.475035667419433594e-01
6.623895168304443359e-01 5.563988536596298218e-02
5.457997918128967285e-01 7.146810740232467651e-02
1.764086186885833740e-01 2.591340243816375732e-01
8.153216242790222168e-01 8.617742061614990234e-01
9.366901516914367676e-01 7.513279318809509277e-01
3.040540218353271484e-02 4.562264978885650635e-01
3.313304111361503601e-02 7.599570751190185547e-01
3.194538056850433350e-01 2.352173477411270142e-01
8.857981860637664795e-02 2.685448825359344482e-01
7.514283657073974609e-01 9.652620553970336914e-01
3.174450695514678955e-01 4.930052161216735840e-02
5.502625703811645508e-01 9.372123479843139648e-01
8.212602734565734863e-01 1.085571348667144775e-01
4.441971480846405029e-01 6.811460852622985840e-01
3.816110789775848389e-01 7.823365330696105957e-01
9.437868595123291016e-01 1.694987714290618896e-01
6.739724278450012207e-01 7.286069989204406738e-01
2.133372724056243896e-01 4.864166676998138428e-01
7.944926023483276367e-01 7.017312049865722656e-01
1.916078180074691772e-01 9.173974990844726562e-01
9.099413752555847168e-01 7.051514983177185059e-01
4.484789073467254639e-01 4.643838405609130859e-01
3.892562389373779297e-01 6.354650259017944336e-01
4.542677402496337891e-01 4.919447004795074463e-01
5.452063679695129395e-01 7.491608858108520508e-01
4.824661612510681152e-01 5.939709022641181946e-02
1.085807979106903076e-01 4.403813481330871582e-01
9.654069542884826660e-01 1.243518386036157608e-02
3.066787421703338623e-01 1.155989617109298706e-01
5.817302316427230835e-02 1.118179112672805786e-01
8.632972091436386108e-02 8.125910162925720215e-01
6.596399545669555664e-01 8.971197009086608887e-01
6.620877385139465332e-01 1.303865909576416016e-01
6.689571142196655273e-01 8.080369979143142700e-02
6.382544040679931641e-01 5.758526325225830078e-01
7.627865672111511230e-02 3.668898642063140869e-01
9.287228584289550781e-01 9.579335451126098633e-01
8.974738717079162598e-01 7.321154475212097168e-01
1.513395607471466064e-01 4.866019189357757568e-01
1.279333829879760742e-01 8.442204594612121582e-01
5.646693110466003418e-01 1.139603409683331847e-05
7.811028361320495605e-01 5.253106951713562012e-01
6.400083899497985840e-01 7.183904647827148438e-01
5.636390447616577148e-01 9.183037281036376953e-01
3.889538049697875977e-01 7.597410082817077637e-01
9.098539352416992188e-01 9.365588426589965820e-02
6.732377409934997559e-01 9.461399912834167480e-01
5.216387510299682617e-01 9.237603545188903809e-01
6.851502656936645508e-01 3.804929554462432861e-01
3.035710453987121582e-01 2.094813883304595947e-01
9.196969866752624512e-01 4.568459391593933105e-01
5.780980587005615234e-01 8.193749189376831055e-01
3.275984153151512146e-02 2.105903923511505127e-01
8.881541490554809570e-01 8.961433768272399902e-01
4.967576265335083008e-01 1.888833940029144287e-01
6.629677414894104004e-01 6.907415986061096191e-01
8.497394323348999023e-01 4.839775562286376953e-01
4.923514723777770996e-01 8.009675741195678711e-01
9.265935420989990234e-01 2.035981565713882446e-01
9.751496911048889160e-01 8.923320174217224121e-01
8.505278229713439941e-01 1.477473378181457520e-01
3.728567361831665039e-01 8.089413046836853027e-01
3.005723655223846436e-01 2.586520016193389893e-01
2.480772882699966431e-01 7.870718240737915039e-01
9.644713401794433594e-01 1.489111930131912231e-01
4.734970163553953171e-03 3.443979918956756592e-01
1.005623862147331238e-01 3.829762339591979980e-01
6.078274250030517578e-01 6.895033717155456543e-01
9.907869696617126465e-01 2.688741087913513184e-01
9.919089078903198242e-01 4.327956736087799072e-01
9.105824679136276245e-02 4.933037757873535156e-01
8.914203643798828125e-01 1.486190408468246460e-01
8.249745368957519531e-01 7.866470515727996826e-02
5.640524029731750488e-01 9.636185765266418457e-01
7.780842781066894531e-01 8.621766567230224609e-01
