1.597405970096588135e-01 8.859442472457885742e-01
3.070349246263504028e-02 6.751908063888549805e-01
6.812166571617126465e-01 9.566338062286376953e-01
7.216188311576843262e-01 8.463202714920043945e-01
2.581749260425567627e-01 1.247587129473686218e-01
5.279728770256042480e-01 2.178435474634170532e-01
2.107867747545242310e-01 1.213202774524688721e-01
6.237587332725524902e-01 4.636234603822231293e-03
7.512957453727722168e-01 5.093836784362792969e-01
1.356962025165557861e-01 7.563855648040771484e-01
5.516343712806701660e-01 5.617516115307807922e-03
1.401467323303222656e-01 4.425993561744689941e-01
3.725256323814392090e-01 6.263520717620849609e-01
8.542464375495910645e-01 3.886572420597076416e-01
4.402210116386413574e-01 1.094137281179428101e-01
4.986786246299743652e-01 2.864184379577636719e-01
1.231871023774147034e-01 2.232977598905563354e-01
9.320933222770690918e-01 3.310657143592834473e-01
9.259520471096038818e-02 6.519576311111450195e-01
8.336736559867858887e-01 4.016161262989044189e-01
5.440644025802612305e-01 6.831215620040893555e-01
2.538910210132598877e-01 1.461330652236938477e-01
9.494543075561523438e-01 5.370973944664001465e-01
5.812870264053344727e-01 6.356062293052673340e-01
7.960242629051208496e-01 4.861859083175659180e-01
4.725412130355834961e-01 1.577349752187728882e-01
2.809240110218524933e-02 8.629469275474548340e-01
3.338615596294403076e-01 5.928674936294555664e-01
7.969869375228881836e-01 1.414477825164794922e-01
3.779559135437011719e-01 1.762806922197341919e-01
1.284415125846862793e-01 2.681895196437835693e-01
5.850891470909118652e-01 6.111058592796325684e-01
3.412126898765563965e-01 6.249217987060546875e-01
6.136584281921386719e-01 8.815057277679443359e-01
8.070508837699890137e-01 5.150792002677917480e-01
1.591653749346733093e-02 4.428195953369140625e-01
1.165908649563789368e-01 9.671605229377746582e-01
1.271186769008636475e-01 9.918125867843627930e-01
5.151813626289367676e-01 1.780676245689392090e-01
4.754457473754882812e-01 1.046395078301429749e-01
1.151719540357589722e-01 7.348740100860595703e-01
4.127084910869598389e-01 1.273579150438308716e-01
6.616503000259399414e-01 6.367405503988265991e-02
3.901412487030029297e-01 7.983018755912780762e-01
8.159797191619873047e-01 9.162707328796386719e-01
9.712904691696166992e-01 9.698413610458374023e-01
2.310100048780441284e-01 3.504155576229095459e-01
9.609872698783874512e-01 6.602949500083923340e-01
3.327492177486419678e-01 6.623547077178955078e-01
7.276539206504821777e-01 4.357658028602600098e-01
4.132659137248992920e-01 8.984635025262832642e-02
7.856393456459045410e-01 5.654336418956518173e-03
4.178065061569213867e-01 7.329682111740112305e-01
6.000362038612365723e-01 5.840742494910955429e-03
2.587017603218555450e-02 9.364961385726928711e-01
4.238871932029724121e-01 8.288157582283020020e-01
4.585686326026916504e-01 6.520304083824157715e-01
7.062277942895889282e-02 5.894279479980468750e-01
8.397841453552246094e-01 7.557657361030578613e-01
5.298718214035034180e-01 4.398983418941497803e-01
4.357148706912994385e-01 1.911809444427490234e-01
2.239561975002288818e-01 2.020355314016342163e-01
7.067541778087615967e-02 6.242198944091796875e-01
5.472654700279235840e-01 6.420280933380126953e-01
4.970433712005615234e-01 3.435128331184387207e-01
9.514902830123901367e-01 6.173348426818847656e-01
2.031032443046569824e-01 4.563985466957092285e-01
9.201487898826599121e-01 2.551015019416809082e-01
6.660801172256469727e-01 4.795370399951934814e-01
9.075600653886795044e-02 8.857781291007995605e-01
9.334650635719299316e-01 5.799942612648010254e-01
9.267512559890747070e-01 2.651939354836940765e-02
2.364372164011001587e-01 1.106986589729785919e-02
7.262320518493652344e-01 5.599321126937866211e-01
2.414847761392593384e-01 9.686906337738037109e-01
2.092097401618957520e-01 6.930235624313354492e-01
3.395792543888092041e-01 8.786331415176391602e-01
3.880509138107299805e-01 6.603708267211914062e-01
5.056254863739013672e-01 5.972830057144165039e-01
4.404297471046447754e-01 2.641291916370391846e-01
5.027751326560974121e-01 6.754403114318847656e-01
6.685084700584411621e-01 9.133540391921997070e-01
4.234986603260040283e-01 3.685577809810638428e-01
3.113888800144195557e-01 3.881516680121421814e-02
3.707153499126434326e-01 2.101475894451141357e-01
3.474882841110229492e-01 7.932850718498229980e-01
9.912645816802978516e-01 8.435817956924438477e-01
9.957362413406372070e-01 9.356604218482971191e-01
9.259105920791625977e-01 1.838091462850570679e-01
8.752942085266113281e-01 7.124734520912170410e-01
2.998914122581481934e-01 6.500175595283508301e-01
3.953943252563476562e-01 3.379497826099395752e-01
2.488901279866695404e-02 6.753935664892196655e-02
6.403609365224838257e-02 8.617568016052246094e-01
2.922700345516204834e-01 5.354174971580505371e-01
7.505016922950744629e-01 9.072673916816711426e-01
9.202894568443298340e-01 8.840643763542175293e-01
8.081395030021667480e-01 4.514643549919128418e-01
4.319217503070831299e-01 9.925586581230163574e-01
5.876269936561584473e-01 2.856949567794799805e-01
4.509310424327850342e-01 4.310922920703887939e-01
8.978221416473388672e-01 4.735968708992004395e-01
9.340990781784057617e-01 2.910799384117126465e-01
2.547936439514160156e-01 8.271436095237731934e-01
7.997072935104370117e-01 5.741152167320251465e-01
8.104209899902343750e-01 9.384739398956298828e-01
2.337220311164855957e-01 5.058318972587585449e-01
8.000971674919128418e-01 6.616819500923156738e-01
1.034395620226860046e-01 6.827700138092041016e-01
9.362091124057769775e-02 3.004245460033416748e-01
5.185834765434265137e-01 8.955553770065307617e-01
2.440463155508041382e-01 2.366134226322174072e-01
5.280002355575561523e-01 8.071299195289611816e-01
8.654866218566894531e-01 5.491495728492736816e-01
9.435465931892395020e-02 4.603888094425201416e-01
1.786379367113113403e-01 6.503905653953552246e-01
7.634451985359191895e-01 4.258508607745170593e-02
5.363906174898147583e-02 8.929858803749084473e-01
1.828681379556655884e-01 3.984890282154083252e-01
2.476162463426589966e-01 7.052618861198425293e-01
1.468918053433299065e-03 5.184037685394287109e-01
5.736930370330810547e-01 6.847450733184814453e-01
5.834471583366394043e-01 1.240768358111381531e-01
5.581425428390502930e-01 4.284712374210357666e-01
7.906861901283264160e-01 3.264738023281097412e-01
7.991050481796264648e-01 1.186989173293113708e-01
1.584203839302062988e-01 2.057742178440093994e-01
9.765918850898742676e-01 9.023118019104003906e-01
2.297970205545425415e-01 5.612984895706176758e-01
4.035146236419677734e-01 2.193049192428588867e-01
5.238153934478759766e-01 5.492630600929260254e-01
7.504317760467529297e-01 3.964017629623413086e-01
2.119166702032089233e-01 6.620117425918579102e-01
4.264570474624633789e-01 9.313299059867858887e-01
4.181417226791381836e-01 2.902119755744934082e-01
4.605021774768829346e-01 2.739820182323455811e-01
1.991096138954162598e-01 4.925164580345153809e-02
1.425368338823318481e-01 9.156469702720642090e-01
6.351259946823120117e-01 5.672760009765625000e-01
9.083946943283081055e-01 9.124031066894531250e-01
9.509550333023071289e-01 7.258434295654296875e-01
3.731242120265960693e-01 2.640655636787414551e-01
2.122947126626968384e-01 9.315636157989501953e-01
5.139770507812500000e-01 8.527276515960693359e-01
8.917574584484100342e-02 5.140483975410461426e-01
1.507508307695388794e-01 4.033064246177673340e-01
3.520379066467285156e-01 7.272278070449829102e-01
3.681779503822326660e-01 5.956030488014221191e-01
3.222792744636535645e-01 4.185993671417236328e-01
9.622339606285095215e-01 4.247498512268066406e-01
4.608265757560729980e-01 8.688227534294128418e-01
4.779226481914520264e-01 9.381714463233947754e-01
8.888664245605468750e-01 4.508248269557952881e-01
9.361778497695922852e-01 2.389112561941146851e-01
3.360900580883026123e-01 8.354061841964721680e-02
3.746574223041534424e-01 9.372352957725524902e-01
6.586681008338928223e-01 2.522284388542175293e-01
4.865295290946960449e-01 3.775922060012817383e-01
2.113624662160873413e-01 7.819624990224838257e-02
6.752935796976089478e-02 8.054399490356445312e-01
3.694403767585754395e-01 7.692512273788452148e-01
8.523925542831420898e-01 8.783671259880065918e-01
3.006562590599060059e-01 2.888624966144561768e-01
5.910960435867309570e-01 7.787595987319946289e-01
8.646298050880432129e-01 3.565276563167572021e-01
1.918785460293292999e-02 8.920491337776184082e-01
7.041227221488952637e-01 6.611973047256469727e-01
7.113696336746215820e-01 8.678132295608520508e-01
3.311842381954193115e-01 8.582293391227722168e-01
5.584880709648132324e-01 7.092816829681396484e-01
5.942360758781433105e-01 9.312649965286254883e-01
7.579610347747802734e-01 3.331499099731445312e-01
6.365579962730407715e-01 9.128243923187255859e-01
9.152538329362869263e-02 6.107215881347656250e-01
6.932629942893981934e-01 5.047118067741394043e-01
6.886355876922607422e-01 5.452296733856201172e-01
8.964360356330871582e-01 2.261562645435333252e-01
7.865018844604492188e-01 8.454647064208984375e-01
1.686335057020187378e-01 9.547525644302368164e-01
9.324949979782104492e-01 9.549021124839782715e-01
8.965045213699340820e-01 3.050151169300079346e-01
5.821566581726074219e-01 8.963602781295776367e-01
9.467425942420959473e-01 3.831778466701507568e-01
6.833136677742004395e-01 2.357934415340423584e-01
5.172024369239807129e-01 7.846665978431701660e-01
3.585986793041229248e-01 8.427957892417907715e-01
4.941282272338867188e-01 5.521827340126037598e-01
2.250046096742153168e-02 4.021564424037933350e-01
1.826805919408798218e-01 1.442225426435470581e-01
9.916223287582397461e-01 1.238724868744611740e-02
5.619127750396728516e-01 5.307790040969848633e-01
3.144863843917846680e-01 1.826350390911102295e-01
9.679352864623069763e-03 3.198775649070739746e-01
8.265768289566040039e-01 6.776245236396789551e-01
4.850244224071502686e-01 6.279923319816589355e-01
8.705192208290100098e-01 6.288914084434509277e-01
6.771411895751953125e-01 7.083727121353149414e-01
1.217940971255302429e-01 2.467210590839385986e-01
1.490486115217208862e-01 8.354916572570800781e-01
8.902676701545715332e-01 9.584777355194091797e-01
3.019964993000030518e-01 5.916869044303894043e-01
8.192336559295654297e-01 8.913634419441223145e-01
2.385966777801513672e-01 8.907821774482727051e-01
9.802687168121337891e-01 8.730999231338500977e-01
2.006917074322700500e-02 1.612261682748794556e-01
2.908577024936676025e-01 5.073438882827758789e-01
7.800628542900085449e-01 7.131063193082809448e-02
1.806148439645767212e-01 6.806768178939819336e-01
9.112718105316162109e-01 6.546667814254760742e-01
9.905467033386230469e-01 1.546932309865951538e-01
1.942542344331741333e-01 8.924478292465209961e-01
3.531101644039154053e-01 5.616078972816467285e-01
1.436843574047088623e-01 5.646059513092041016e-01
6.141424179077148438e-01 4.671614468097686768e-01
5.333024859428405762e-01 6.148888468742370605e-01
7.930219173431396484e-01 7.454780936241149902e-01
4.287111461162567139e-01 6.224521994590759277e-01
7.860228419303894043e-02 9.828038811683654785e-01
3.235679268836975098e-01 7.806609869003295898e-01
3.261587321758270264e-01 8.954885005950927734e-01
3.910547494888305664e-01 4.403862655162811279e-01
4.941646009683609009e-02 8.367148637771606445e-01
9.760228395462036133e-01 4.768944382667541504e-01
9.555290341377258301e-01 9.977930784225463867e-01
3.723572790622711182e-01 5.017359256744384766e-01
7.372687458992004395e-01 6.387575268745422363e-01
8.556161522865295410e-01 7.404813915491104126e-02
5.484774708747863770e-01 3.150972127914428711e-01
7.911178469657897949e-01 8.156460523605346680e-01
7.260280251502990723e-01 2.518234848976135254e-01
3.453255295753479004e-01 9.207487702369689941e-01
1.754110455513000488e-01 6.325448304414749146e-02
7.315633296966552734e-01 9.860224723815917969e-01
8.224044442176818848e-01 6.770014017820358276e-02
2.016412019729614258e-01 5.312511920928955078e-01
6.603658795356750488e-01 5.830947160720825195e-01
5.875642895698547363e-01 1.569392383098602295e-01
1.490367650985717773e-01 1.236970201134681702e-01
3.556534945964813232e-01 8.143154978752136230e-01
9.621906280517578125e-01 7.886646389961242676e-01
9.084770083427429199e-01 3.318105340003967285e-01
6.399858593940734863e-01 2.167522758245468140e-01
8.656206727027893066e-02 3.624744713306427002e-01
3.089187145233154297e-01 9.165935516357421875e-01
4.524918198585510254e-01 4.808276891708374023e-01
9.758348464965820312e-01 6.840817332267761230e-01
1.150808408856391907e-01 5.019756555557250977e-01
9.458148479461669922e-01 8.496351838111877441e-01
4.069660007953643799e-01 4.256353378295898438e-01
5.402325391769409180e-01 3.768142759799957275e-01
6.469777226448059082e-01 9.426929950714111328e-01
2.918320596218109131e-01 9.711642265319824219e-01
4.638940393924713135e-01 7.772029638290405273e-01
2.843124866485595703e-01 8.613200783729553223e-01
9.032632112503051758e-01 5.371811389923095703e-01
4.722558259963989258e-01 2.984783351421356201e-01
1.520067751407623291e-01 5.950203537940979004e-01
4.361935853958129883e-01 8.541069626808166504e-01
7.200409173965454102e-01 5.378136038780212402e-01
6.352962255477905273e-01 8.675237894058227539e-01
3.385286629199981689e-01 1.244047060608863831e-01
2.476096898317337036e-01 4.210394024848937988e-01
8.585324883460998535e-01 4.664239883422851562e-01
3.148497939109802246e-01 2.109462469816207886e-01
1.374496370553970337e-01 3.545035123825073242e-01
3.910585045814514160e-01 1.425611227750778198e-01
8.891453742980957031e-01 9.345193505287170410e-01
4.128606915473937988e-01 6.587760150432586670e-02
7.633714675903320312e-01 1.350410729646682739e-01
8.358038663864135742e-01 8.249233365058898926e-01
8.616877794265747070e-01 8.584889001213014126e-04
5.172408819198608398e-01 4.920780360698699951e-01
2.258958369493484497e-01 5.804879665374755859e-01
3.427406251430511475e-01 2.062741965055465698e-01
3.068804554641246796e-02 5.185003876686096191e-01
8.449699878692626953e-01 9.775823354721069336e-01
9.189017415046691895e-01 6.143801379948854446e-03
3.959974944591522217e-01 8.180166482925415039e-01
2.545991241931915283e-01 3.160454332828521729e-01
2.636846601963043213e-01 7.455340623855590820e-01
3.232341110706329346e-01 3.783020973205566406e-01
7.433373928070068359e-01 2.793283760547637939e-01
2.112161815166473389e-01 2.830513417720794678e-01
3.744592964649200439e-01 5.350749492645263672e-01
9.661781191825866699e-01 4.467933475971221924e-01
8.813523054122924805e-01 7.659855484962463379e-01
2.487544715404510498e-01 6.421918272972106934e-01
6.651516556739807129e-01 6.324139237403869629e-01
4.018879532814025879e-01 9.390023350715637207e-01
1.622613221406936646e-01 6.158351898193359375e-01
4.430601298809051514e-01 8.078967332839965820e-01
9.065324068069458008e-02 7.399274706840515137e-01
5.656733512878417969e-01 2.566898763179779053e-01
5.795806646347045898e-01 3.751193583011627197e-01
2.366995364427566528e-01 4.568702578544616699e-01
6.230321526527404785e-01 3.924399018287658691e-01
5.626950263977050781e-01 5.584146976470947266e-01
3.835190087556838989e-02 7.562947869300842285e-01
6.563330888748168945e-01 3.037690818309783936e-01
9.057549238204956055e-01 7.311319708824157715e-01
3.263252973556518555e-01 5.321381092071533203e-01
6.567309498786926270e-01 6.939968466758728027e-01
3.439997434616088867e-01 4.038211703300476074e-01
7.171208262443542480e-01 5.119540691375732422e-01
4.609578475356101990e-02 1.589978635311126709e-01
9.692198038101196289e-01 8.161643892526626587e-02
6.291840225458145142e-02 7.162399888038635254e-01
8.391391038894653320e-01 2.463763505220413208e-01
2.845636606216430664e-01 9.410623908042907715e-01
1.563648581504821777e-01 3.212323784828186035e-01
1.522818207740783691e-01 2.306216210126876831e-01
2.702622711658477783e-01 6.571004390716552734e-01
8.551656007766723633e-01 1.808563470840454102e-01
8.050210475921630859e-01 9.625437855720520020e-01
5.955047607421875000e-01 9.064901620149612427e-02
2.702141366899013519e-02 9.974670410156250000e-01
7.935652136802673340e-01 3.605290353298187256e-01
1.223981529474258423e-01 4.725568592548370361e-01
9.123526215553283691e-01 9.768555760383605957e-01
4.885323811322450638e-03 4.835526943206787109e-01
5.278052091598510742e-01 2.652130424976348877e-01
2.948724031448364258e-01 6.713780164718627930e-01
6.326965689659118652e-01 4.398210346698760986e-02
9.750952720642089844e-01 3.820754587650299072e-01
4.062740206718444824e-01 5.558105707168579102e-01
2.872322201728820801e-01 3.980204164981842041e-01
1.046416535973548889e-02 6.855493783950805664e-01
8.568213582038879395e-01 1.109794974327087402e-01
3.673905134201049805e-01 2.363055348396301270e-01
5.307374000549316406e-01 5.716048479080200195e-01
8.565090894699096680e-01 1.571844965219497681e-01
2.233879566192626953e-01 8.188601732254028320e-01
9.658090472221374512e-01 1.146347895264625549e-01
7.034650444984436035e-01 7.203602790832519531e-01
3.321662545204162598e-01 9.645940661430358887e-01
8.842373490333557129e-01 1.010986976325511932e-03
8.091153502464294434e-01 2.863354980945587158e-01
6.996908783912658691e-01 2.620148658752441406e-01
8.296315073966979980e-01 5.173514485359191895e-01
6.867840886116027832e-01 3.090438842773437500e-01
7.607476711273193359e-01 7.652727961540222168e-01
9.973500967025756836e-01 5.999177098274230957e-01
2.436417490243911743e-01 7.628183364868164062e-01
7.809926867485046387e-01 3.985913395881652832e-01
3.705601692199707031e-01 6.915301829576492310e-02
6.987296342849731445e-01 8.453463017940521240e-02
8.470280766487121582e-01 6.288130879402160645e-01
1.842176318168640137e-01 5.665140151977539062e-01
1.669036298990249634e-01 7.449257373809814453e-01
9.203819632530212402e-01 4.343807697296142578e-01
5.685275197029113770e-01 7.301507592201232910e-01
4.980361461639404297e-01 7.048010230064392090e-01
6.372997760772705078e-01 2.809436023235321045e-01
5.119155645370483398e-01 9.701696038246154785e-01
3.135800361633300781e-01 3.119068741798400879e-01
6.932668685913085938e-01 1.852156370878219604e-01
6.765757799148559570e-01 7.940964102745056152e-01
2.460598573088645935e-02 1.329428106546401978e-01
9.112735390663146973e-01 8.252272605895996094e-01
7.694784551858901978e-02 5.383429527282714844e-01
8.263381719589233398e-01 4.758987128734588623e-01
6.995019316673278809e-01 8.961489796638488770e-01
4.681811034679412842e-01 8.331598639488220215e-01
1.962798088788986206e-01 9.940416216850280762e-01
5.089327096939086914e-01 6.376536488533020020e-01
6.268942356109619141e-01 3.204997181892395020e-01
6.479527950286865234e-01 1.860686764121055603e-02
8.534151911735534668e-01 5.967897176742553711e-01
3.674609661102294922e-01 3.828164041042327881e-01
9.652484655380249023e-01 9.385018348693847656e-01
8.326663374900817871e-01 1.082801595330238342e-01
1.607095450162887573e-02 7.253018617630004883e-01
6.876460909843444824e-01 4.110203087329864502e-01
9.537160396575927734e-01 1.542967557907104492e-01
5.919077992439270020e-01 6.710544228553771973e-01
7.637549042701721191e-01 4.778900444507598877e-01
4.036720097064971924e-01 5.980394482612609863e-01
7.611916065216064453e-01 2.511818408966064453e-01
6.941528320312500000e-01 7.784928083419799805e-01
8.330867886543273926e-01 3.612745404243469238e-01
6.075465679168701172e-01 8.085039854049682617e-01
6.277434527873992920e-02 6.018074974417686462e-02
2.824295759201049805e-01 8.339310288429260254e-01
4.366797208786010742e-01 2.147826105356216431e-01
6.063997000455856323e-02 7.460671067237854004e-01
4.830852150917053223e-02 6.200777292251586914e-01
6.871077418327331543e-01 8.245832920074462891e-01
4.860528111457824707e-01 8.919908404350280762e-01
4.841345548629760742e-01 2.572970390319824219e-01
6.582592725753784180e-01 9.807420969009399414e-01
7.391303777694702148e-01 6.055883169174194336e-01
1.423746496438980103e-01 6.794562935829162598e-01
8.764852285385131836e-01 6.770897507667541504e-01
4.893270730972290039e-01 9.653974771499633789e-01
6.014873459935188293e-02 5.626577138900756836e-01
3.944669961929321289e-01 8.519507646560668945e-01
5.683881640434265137e-01 7.905772328376770020e-01
5.356815457344055176e-01 4.032227694988250732e-01
5.544211864471435547e-01 9.078454375267028809e-01
7.305104136466979980e-01 6.791206002235412598e-01
4.298198521137237549e-01 7.818553447723388672e-01
9.240485429763793945e-01 6.114833950996398926e-01
9.693133234977722168e-01 5.458412170410156250e-01
4.906003773212432861e-01 4.496817886829376221e-01
1.058129370212554932e-01 4.246065318584442139e-01
6.930739283561706543e-01 4.546595364809036255e-02
4.225774854421615601e-02 4.963748753070831299e-01
4.204311668872833252e-01 2.476886808872222900e-01
4.849912226200103760e-01 2.052847295999526978e-01
4.277241528034210205e-01 6.579604148864746094e-01
8.665369153022766113e-01 5.783051252365112305e-01
2.384086512029170990e-02 6.036478281021118164e-01
2.717625498771667480e-01 9.056333303451538086e-01
1.525667309761047363e-01 5.144231915473937988e-01
6.692390143871307373e-02 6.821906566619873047e-01
1.989695578813552856e-01 9.815776348114013672e-02
2.945652306079864502e-01 7.251534461975097656e-01
7.721477746963500977e-01 5.839959979057312012e-01
8.511021137237548828e-01 5.065377950668334961e-01
4.604197740554809570e-01 3.512385487556457520e-01
4.931045323610305786e-02 4.188755061477422714e-03
8.660517930984497070e-01 2.731262445449829102e-01
9.695138335227966309e-01 5.071324110031127930e-01
7.302086353302001953e-01 7.018156349658966064e-02
8.291603326797485352e-01 1.426366120576858521e-01
8.163846731185913086e-01 9.275723993778228760e-02
3.293145298957824707e-01 3.382862508296966553e-01
6.916332840919494629e-01 9.295378327369689941e-01
4.042709767818450928e-01 1.866999566555023193e-01
2.957048080861568451e-02 5.536920428276062012e-01
4.472922682762145996e-01 7.454968094825744629e-01
6.982287764549255371e-01 4.396938085556030273e-01
2.257161289453506470e-01 1.413827091455459595e-01
6.023012995719909668e-01 5.431851744651794434e-01
2.634736299514770508e-01 4.734807014465332031e-01
1.739843785762786865e-01 8.650830984115600586e-01
3.167350590229034424e-01 6.612903624773025513e-02
7.092345505952835083e-02 4.371042549610137939e-01
4.817591607570648193e-01 8.044557571411132812e-01
8.232201635837554932e-02 1.333985179662704468e-01
7.866435050964355469e-01 8.801072835922241211e-01
1.833571195602416992e-01 3.456926047801971436e-01
2.434849143028259277e-01 9.354281425476074219e-02
5.203002691268920898e-01 9.143815375864505768e-03
2.975564599037170410e-01 4.610039591789245605e-01
2.251850664615631104e-01 4.840129613876342773e-01
5.790322422981262207e-01 5.617574229836463928e-02
6.912575364112854004e-01 3.587071895599365234e-01
5.724744200706481934e-01 8.225175738334655762e-01
6.524134874343872070e-01 1.110473573207855225e-01
4.493394494056701660e-01 7.013390660285949707e-01
3.683670163154602051e-01 1.376059204339981079e-01
2.131618112325668335e-01 4.211108684539794922e-01
9.004515409469604492e-02 1.022290512919425964e-01
7.250949740409851074e-01 3.320171535015106201e-01
5.455061793327331543e-02 1.251419484615325928e-01
3.165949583053588867e-01 7.320290803909301758e-01
7.189195156097412109e-01 4.019659459590911865e-01
3.956406116485595703e-01 4.774002134799957275e-01
9.581731557846069336e-01 8.291324377059936523e-01
8.103774189949035645e-01 2.174862176179885864e-01
8.008098602294921875e-01 7.074161171913146973e-01
3.764581382274627686e-01 7.297587394714355469e-01
8.221931457519531250e-01 6.001629233360290527e-01
1.288181841373443604e-01 6.473580002784729004e-02
1.376146674156188965e-01 8.015134930610656738e-01
2.972163856029510498e-01 9.528937935829162598e-02
9.981817007064819336e-01 2.004565298557281494e-01
9.608396291732788086e-01 3.214915096759796143e-01
2.075607329607009888e-01 7.593001723289489746e-01
6.264309287071228027e-01 1.384349763393402100e-01
2.885122299194335938e-01 1.413530558347702026e-01
6.594743132591247559e-01 8.928648829460144043e-01
4.161725640296936035e-01 5.356738567352294922e-01
7.737154364585876465e-01 9.506128430366516113e-01
9.278477430343627930e-01 5.424263700842857361e-02
7.488136291503906250e-01 2.212522923946380615e-01
7.492064237594604492e-01 4.334978461265563965e-01
8.441073298454284668e-01 3.211456537246704102e-01
7.708445936441421509e-02 8.279048204421997070e-01
8.986662030220031738e-01 6.994685530662536621e-02
9.877916574478149414e-01 7.398535013198852539e-01
2.722030878067016602e-01 5.849553942680358887e-01
6.467401385307312012e-01 3.417245745658874512e-01
3.895376622676849365e-01 4.838949069380760193e-02
7.758768796920776367e-01 2.315233796834945679e-01
1.888319253921508789e-01 3.223922252655029297e-01
5.563779473304748535e-01 2.887401878833770752e-01
9.468385577201843262e-01 5.022498965263366699e-01
6.947389245033264160e-01 2.113686352968215942e-01
4.493414461612701416e-01 1.430671215057373047e-01
6.034814715385437012e-01 7.542810440063476562e-01
2.462105900049209595e-01 9.178695678710937500e-01
9.899001121520996094e-01 2.875268757343292236e-01
1.504795402288436890e-01 1.569011658430099487e-01
1.928567439317703247e-01 9.564695954322814941e-01
1.684345155954360962e-01 9.889644980430603027e-01
9.010287523269653320e-01 7.735668420791625977e-01
1.796175539493560791e-01 5.100345015525817871e-01
8.839539885520935059e-01 2.512392401695251465e-01
6.652134060859680176e-01 1.400832980871200562e-01
9.049340486526489258e-01 6.900970935821533203e-01
2.401846051216125488e-01 7.885894775390625000e-01
6.633390188217163086e-01 8.477686643600463867e-01
5.826500058174133301e-01 4.432098567485809326e-01
5.428047776222229004e-01 2.372199147939682007e-01
7.490458488464355469e-01 9.452650547027587891e-01
2.773678302764892578e-01 1.077234894037246704e-01
3.178686499595642090e-01 1.531963050365447998e-01
3.431403338909149170e-01 5.157198905944824219e-01
1.951857656240463257e-01 4.916743040084838867e-01
6.284466385841369629e-02 2.855522930622100830e-01
9.945256114006042480e-01 4.362187981605529785e-01
4.023173451423645020e-01 8.873912692070007324e-01
9.287072420120239258e-01 5.446889400482177734e-01
1.634048819541931152e-01 8.377116173505783081e-02
7.606791704893112183e-02 4.880925416946411133e-01
7.774000763893127441e-01 4.238505959510803223e-01
4.002265036106109619e-01 7.516043186187744141e-01
3.350771665573120117e-01 7.540048360824584961e-01
4.871973097324371338e-01 8.124664425849914551e-02
3.142990469932556152e-01 9.930166006088256836e-01
7.016719579696655273e-01 2.430160064250230789e-03
2.680271565914154053e-01 7.198992371559143066e-01
9.952830076217651367e-01 7.730504274368286133e-01
8.797690868377685547e-01 5.000481009483337402e-01
8.414322137832641602e-01 4.213834181427955627e-02
6.951184868812561035e-01 1.603235155344009399e-01
4.634888470172882080e-01 1.842910349369049072e-01
1.210068538784980774e-01 5.897278785705566406e-01
8.871396631002426147e-02 9.561157822608947754e-01
7.989491820335388184e-01 5.438956022262573242e-01
4.260570406913757324e-01 3.551321849226951599e-02
5.345355868339538574e-01 5.205300450325012207e-01
1.336286365985870361e-01 8.798985481262207031e-01
8.350027799606323242e-01 5.544815659523010254e-01
6.434416770935058594e-01 4.726402163505554199e-01
8.819195628166198730e-02 2.467978298664093018e-01
9.231506586074829102e-01 7.709323763847351074e-01
8.971317410469055176e-01 1.205525398254394531e-01
1.123366430401802063e-01 9.321978092193603516e-01
5.545192956924438477e-01 1.262603104114532471e-01
8.086516857147216797e-01 3.921028375625610352e-01
5.044710636138916016e-01 5.246838927268981934e-01
3.468620479106903076e-01 4.634252935647964478e-02
9.855245351791381836e-01 7.061150074005126953e-01
1.160941496491432190e-01 5.508968234062194824e-01
6.752638816833496094e-01 7.467867732048034668e-01
4.891510605812072754e-01 5.050525814294815063e-02
8.526501059532165527e-01 2.231556549668312073e-02
4.764467477798461914e-01 5.624205470085144043e-01
6.767320632934570312e-01 6.641831994056701660e-01
9.410942345857620239e-02 5.693023800849914551e-01
7.731819152832031250e-01 6.419002413749694824e-01
5.462864637374877930e-01 7.838756442070007324e-01
8.475348353385925293e-01 8.577449917793273926e-01
6.156488060951232910e-01 2.639674842357635498e-01
3.758574128150939941e-01 2.980914413928985596e-01
3.870143294334411621e-01 1.875306479632854462e-02
9.908921271562576294e-02 2.790712416172027588e-01
9.147466421127319336e-01 8.491829037666320801e-01
7.783719897270202637e-01 9.165849685668945312e-01
4.746713936328887939e-01 6.681957244873046875e-01
4.225762486457824707e-01 7.066000699996948242e-01
5.015349984169006348e-01 7.663376331329345703e-01
2.190089821815490723e-01 1.714893728494644165e-01
2.979914844036102295e-01 8.848099112510681152e-01
8.277955651283264160e-01 7.372751235961914062e-01
4.456752836704254150e-01 3.115184009075164795e-01
1.436920315027236938e-01 9.554678201675415039e-01
2.034769952297210693e-01 2.187439799308776855e-01
5.769395232200622559e-01 4.654919505119323730e-01
2.813031375408172607e-01 6.209391355514526367e-01
2.050898820161819458e-01 3.074578642845153809e-01
3.925860822200775146e-01 7.026430368423461914e-01
3.975444138050079346e-01 2.627647221088409424e-01
3.007865846157073975e-01 4.165119528770446777e-01
1.659508347511291504e-01 2.510696053504943848e-01
6.343608498573303223e-01 6.884241104125976562e-01
3.212738037109375000e-01 8.322132229804992676e-01
6.241174936294555664e-01 1.650696545839309692e-01
7.557034492492675781e-01 9.849912524223327637e-01
9.444580078125000000e-01 4.089570641517639160e-01
9.461447000503540039e-01 9.103200435638427734e-01
1.156588718295097351e-01 8.938845396041870117e-01
2.903037965297698975e-01 1.806662529706954956e-01
8.020585030317306519e-02 3.242129683494567871e-01
5.022589862346649170e-02 6.523953676223754883e-01
2.791349887847900391e-01 3.052814304828643799e-01
1.283357441425323486e-01 3.970366120338439941e-01
1.597680523991584778e-02 6.378696560859680176e-01
8.570573329925537109e-01 9.246925115585327148e-01
3.617153167724609375e-01 6.894653439521789551e-01
6.167988181114196777e-01 1.177323833107948303e-01
7.164926528930664062e-01 4.718517661094665527e-01
3.146724402904510498e-01 6.933347582817077637e-01
6.089147329330444336e-01 9.572117328643798828e-01
6.856063008308410645e-01 2.810512781143188477e-01
9.358529448509216309e-01 6.452819705009460449e-01
6.532003879547119141e-01 4.166669547557830811e-01
9.638003706932067871e-01 5.784134268760681152e-01
7.426909208297729492e-01 8.772883415222167969e-01
7.780744433403015137e-01 1.657312810420989990e-01
3.471513688564300537e-01 1.599162518978118896e-01
5.001283064484596252e-02 9.375850856304168701e-02
9.122824668884277344e-01 4.030982553958892822e-01
1.512125600129365921e-02 2.497365176677703857e-01
7.795349359512329102e-01 6.843808293342590332e-01
5.189809799194335938e-01 7.284647971391677856e-02
7.874655127525329590e-01 2.681601643562316895e-01
9.353098869323730469e-01 7.098482251167297363e-01
5.922757387161254883e-01 3.251749575138092041e-01
3.493576943874359131e-01 3.140111267566680908e-01
5.811899527907371521e-02 3.423393964767456055e-01
8.832574486732482910e-01 4.271874129772186279e-01
8.353737592697143555e-01 7.853494286537170410e-01
4.072541594505310059e-01 3.954997062683105469e-01
9.566559195518493652e-01 8.734768033027648926e-01
3.309658467769622803e-01 2.808218300342559814e-01
5.403627753257751465e-01 9.788187146186828613e-01
5.193829536437988281e-01 9.309878945350646973e-01
6.805883646011352539e-01 8.619489073753356934e-01
8.637478351593017578e-01 2.287853062152862549e-01
7.455344796180725098e-01 8.049309253692626953e-01
5.910061597824096680e-01 2.468129247426986694e-01
3.723531961441040039e-01 8.759735822677612305e-01
8.560926318168640137e-01 6.651254892349243164e-01
6.274423599243164062e-01 6.221461892127990723e-01
2.174970954656600952e-01 8.995007276535034180e-01
2.362870872020721436e-01 7.344527840614318848e-01
2.643184661865234375e-01 5.020158290863037109e-01
5.468662977218627930e-01 1.544632613658905029e-01
2.048064917325973511e-01 3.687370121479034424e-01
7.777938842773437500e-01 9.965746104717254639e-02
4.525504410266876221e-01 7.566394656896591187e-02
5.893683433532714844e-02 1.789201796054840088e-01
7.163929939270019531e-01 3.003667891025543213e-01
3.363024592399597168e-01 2.404025495052337646e-01
4.878650307655334473e-01 3.210296928882598877e-01
4.983958303928375244e-01 1.594938039779663086e-01
1.211741417646408081e-01 6.628147363662719727e-01
7.218382358551025391e-01 7.886882424354553223e-01
3.077735304832458496e-01 2.373225092887878418e-01
4.264037609100341797e-01 3.381446301937103271e-01
2.886957526206970215e-01 3.696788251399993896e-01
2.828578054904937744e-01 6.980554759502410889e-02
2.312044426798820496e-02 3.676455020904541016e-01
7.800648808479309082e-01 2.926436662673950195e-01
4.547224640846252441e-01 6.244865655899047852e-01
6.339550018310546875e-04 9.086873531341552734e-01
9.376414418220520020e-01 9.276593476533889771e-02
3.719304203987121582e-01 3.377703130245208740e-01
6.451987028121948242e-01 5.451142787933349609e-01
1.754796802997589111e-01 9.188168644905090332e-01
4.770371019840240479e-01 9.962005615234375000e-01
7.482621073722839355e-01 1.092124730348587036e-01
8.613850176334381104e-02 1.737163662910461426e-01
8.143128156661987305e-01 4.272697865962982178e-01
6.594311594963073730e-01 1.654614210128784180e-01
9.150860905647277832e-01 5.116606950759887695e-01
3.562305355444550514e-03 3.386465087532997131e-02
2.512804269790649414e-01 6.113594770431518555e-01
2.135711908340454102e-01 8.607227206230163574e-01
6.349222064018249512e-01 5.036842823028564453e-01
3.315738439559936523e-01 4.448964297771453857e-01
7.320313453674316406e-01 7.578918337821960449e-01
6.421986222267150879e-01 9.004437178373336792e-02
1.011714339256286621e-02 5.727277398109436035e-01
3.934891521930694580e-01 9.812601804733276367e-01
9.352848865091800690e-03 8.082476854324340820e-01
7.863852977752685547e-01 6.040502786636352539e-01
1.718907654285430908e-01 8.214090466499328613e-01
9.727077186107635498e-02 7.826454043388366699e-01
9.665459394454956055e-01 7.556343674659729004e-01
6.098503470420837402e-01 3.565779030323028564e-01
3.122596144676208496e-01 1.166472658514976501e-01
5.689513087272644043e-01 9.420495629310607910e-01
7.402814626693725586e-01 7.139829397201538086e-01
3.638099730014801025e-01 1.028646230697631836e-01
9.044440388679504395e-01 2.760828137397766113e-01
5.693427920341491699e-01 2.231819741427898407e-02
4.083776772022247314e-01 7.768442034721374512e-01
1.235018298029899597e-01 1.410050243139266968e-01
2.175254970788955688e-01 9.769542217254638672e-01
7.661923766136169434e-01 1.930505484342575073e-01
5.484440326690673828e-01 1.038939133286476135e-01
2.177076637744903564e-01 7.205165028572082520e-01
1.058571934700012207e-01 2.314138039946556091e-02
4.052585065364837646e-01 3.109935522079467773e-01
4.270659089088439941e-01 4.565813243389129639e-01
6.464849114418029785e-01 6.591832041740417480e-01
6.178216338157653809e-01 5.916174650192260742e-01
2.534809410572052002e-01 1.695138961076736450e-01
5.334552749991416931e-02 2.447630465030670166e-01
2.192447483539581299e-01 2.556077539920806885e-01
3.115942776203155518e-01 6.255409717559814453e-01
2.464625239372253418e-01 2.082963734865188599e-01
7.622883915901184082e-01 5.441972017288208008e-01
5.264913439750671387e-01 4.358884692192077637e-02
1.296699345111846924e-01 2.254517748951911926e-02
3.194682896137237549e-01 9.463672041893005371e-01
4.499374032020568848e-01 3.847945332527160645e-01
1.076605822890996933e-02 9.658792018890380859e-01
2.326147444546222687e-02 8.335933089256286621e-01
6.503276228904724121e-01 6.041107773780822754e-01
7.550745010375976562e-01 6.656282544136047363e-01
3.726318851113319397e-02 4.287408590316772461e-01
9.820129275321960449e-01 6.424070000648498535e-01
8.655788749456405640e-02 2.108867764472961426e-01
1.948486566543579102e-01 2.585231661796569824e-01
7.036787271499633789e-02 2.689461596310138702e-02
5.373495221138000488e-01 8.755672574043273926e-01
3.616425022482872009e-02 3.840782120823860168e-02
3.594340682029724121e-01 6.540221571922302246e-01
1.368118729442358017e-02 1.129272133111953735e-01
8.713528513908386230e-01 3.273639380931854248e-01
1.917375177145004272e-01 8.338211178779602051e-01
7.447327971458435059e-01 1.604394465684890747e-01
1.117257550358772278e-01 1.670183241367340088e-01
7.153179645538330078e-01 5.882970094680786133e-01
9.656571149826049805e-01 2.257701158523559570e-01
6.021504402160644531e-01 7.071053385734558105e-01
1.679748445749282837e-01 7.047057151794433594e-01
6.676549911499023438e-01 3.784025609493255615e-01
8.840078711509704590e-01 5.125902965664863586e-02
4.725290238857269287e-01 5.985639691352844238e-01
8.956342339515686035e-01 5.705654621124267578e-01
5.419538617134094238e-01 7.508051395416259766e-01
9.607046842575073242e-01 2.634232640266418457e-01
4.577997922897338867e-01 2.314848452806472778e-01
1.087931394577026367e-01 3.324201703071594238e-01
7.646035552024841309e-01 1.881678216159343719e-02
8.815587759017944336e-01 3.949418067932128906e-01
3.570216521620750427e-02 7.038050889968872070e-01
9.436985850334167480e-01 7.604460716247558594e-01
3.885075747966766357e-01 5.703966617584228516e-01
3.111317455768585205e-01 8.042259216308593750e-01
3.358986973762512207e-01 7.058032751083374023e-01
1.276826113462448120e-01 9.936790168285369873e-02
5.285872817039489746e-01 1.953153312206268311e-01
7.964666485786437988e-01 6.244997978210449219e-01
1.998653709888458252e-01 2.238235995173454285e-02
4.786296188831329346e-01 7.269836068153381348e-01
5.982441306114196777e-01 7.335942387580871582e-01
2.952506765723228455e-02 3.413676619529724121e-01
6.640523672103881836e-01 5.148792266845703125e-01
4.835482239723205566e-01 9.164544939994812012e-01
8.919477462768554688e-01 6.458650231361389160e-01
8.433420658111572266e-01 9.518975019454956055e-01
2.474374473094940186e-01 9.452486038208007812e-01
6.466814279556274414e-01 3.646849095821380615e-01
3.771818876266479492e-01 4.575410485267639160e-01
4.325681924819946289e-01 5.828239917755126953e-01
9.965853095054626465e-01 9.887862801551818848e-01
4.574172794818878174e-01 5.803957581520080566e-01
1.538783311843872070e-01 1.798791438341140747e-01
7.175843715667724609e-01 7.382376194000244141e-01
1.547923684120178223e-02 2.821843922138214111e-01
8.828257918357849121e-01 1.937780678272247314e-01
9.699591994285583496e-01 1.999465227127075195e-01
8.727421611547470093e-02 9.110834598541259766e-01
4.934380650520324707e-01 2.373893931508064270e-02
1.859077364206314087e-01 4.401197433471679688e-01
4.921517521142959595e-02 9.669144749641418457e-01
5.000717192888259888e-02 5.313771367073059082e-01
9.388606548309326172e-01 4.588372111320495605e-01
1.401378512382507324e-01 7.193596363067626953e-01
9.208253026008605957e-01 3.719604611396789551e-01
5.051488280296325684e-01 4.314109086990356445e-01
1.481570154428482056e-01 2.823390364646911621e-01
6.794185638427734375e-01 5.017594899982213974e-03
2.620672583580017090e-01 5.490327477455139160e-01
9.938702583312988281e-01 5.568030476570129395e-01
6.176411509513854980e-01 6.693364381790161133e-01
6.706319749355316162e-02 9.330307245254516602e-01
7.159664630889892578e-01 8.178836107254028320e-01
7.682396769523620605e-01 7.879704236984252930e-01
1.705920696258544922e-01 7.668055891990661621e-01
1.952096521854400635e-01 6.210955381393432617e-01
9.555235505104064941e-01 1.825203001499176025e-01
1.664104163646697998e-01 3.685785233974456787e-01
3.936650454998016357e-01 1.043620333075523376e-01
3.206788599491119385e-01 1.771453022956848145e-02
2.625159919261932373e-01 3.445001542568206787e-01
4.314933419227600098e-01 4.118633866310119629e-01
2.798251211643218994e-01 8.048698306083679199e-01
9.616432189941406250e-01 2.740208432078361511e-02
2.947488725185394287e-01 7.628237605094909668e-01
4.510757923126220703e-01 5.117659568786621094e-01
7.531526088714599609e-01 6.590203940868377686e-02
1.065148115158081055e-01 1.271088421344757080e-01
4.606326222419738770e-01 9.706793427467346191e-01
3.538109660148620605e-01 9.899427890777587891e-01
5.114577412605285645e-01 3.661118149757385254e-01
8.868413567543029785e-01 8.515435457229614258e-01
2.578690052032470703e-01 3.944979012012481689e-01
6.187822222709655762e-01 7.151038944721221924e-02
5.450402572751045227e-02 3.923247754573822021e-01
9.605951309204101562e-01 5.524940416216850281e-02
5.220817327499389648e-01 3.032840192317962646e-01
1.218087449669837952e-01 7.754731774330139160e-01
8.952550888061523438e-01 3.555023968219757080e-01
4.771803617477416992e-01 6.967508196830749512e-01
9.679727256298065186e-02 5.316689237952232361e-02
3.425893932580947876e-02 2.727390527725219727e-01
6.713241338729858398e-02 7.760562896728515625e-01
9.874093532562255859e-01 8.012000918388366699e-01
2.820556163787841797e-01 2.206057012081146240e-01
8.449972271919250488e-01 2.131182253360748291e-01
5.864778757095336914e-01 8.614119887351989746e-01
7.277229428291320801e-01 2.128591388463973999e-02
3.236337900161743164e-01 5.585402250289916992e-01
1.087027043104171753e-01 8.141786456108093262e-01
7.232455611228942871e-01 1.002859473228454590e-01
1.880575865507125854e-01 7.266981601715087891e-01
1.991720646619796753e-01 7.955145835876464844e-01
5.672035813331604004e-01 7.711855322122573853e-02
2.746164985001087189e-02 1.912457644939422607e-01
6.317407637834548950e-02 2.850511670112609863e-01
5.701143741607666016e-01 2.001545727252960205e-01
2.996401786804199219e-01 3.398821055889129639e-01
2.289268076419830322e-01 5.381933450698852539e-01
4.489394724369049072e-01 5.401556491851806641e-01
4.162748754024505615e-01 1.333799678832292557e-02
6.139610409736633301e-01 3.021725416183471680e-01
4.918701350688934326e-01 8.580952286720275879e-01
8.233630061149597168e-01 7.120034694671630859e-01
5.043607354164123535e-01 2.340233325958251953e-01
8.871657252311706543e-01 1.614262908697128296e-01
8.479316830635070801e-01 4.362522959709167480e-01
9.833610653877258301e-01 3.371016979217529297e-01
5.963271856307983398e-02 4.620826244354248047e-01
7.546031475067138672e-01 3.077409863471984863e-01
3.120809197425842285e-01 4.999873638153076172e-01
1.640790402889251709e-01 5.431550741195678711e-01
6.449112296104431152e-01 7.337733507156372070e-01
4.001770913600921631e-01 6.284604668617248535e-01
2.483341544866561890e-01 2.649954557418823242e-01
6.142435669898986816e-01 6.406633853912353516e-01
2.755353450775146484e-01 4.375228881835937500e-01
5.214405059814453125e-01 1.349626332521438599e-01
5.959282517433166504e-01 5.698082447052001953e-01
9.544789791107177734e-02 3.849157989025115967e-01
6.203224062919616699e-01 5.232158303260803223e-01
3.004360757768154144e-02 2.250044196844100952e-01
8.247359395027160645e-01 6.385094523429870605e-01
4.298966526985168457e-01 4.977467954158782959e-01
5.517076253890991211e-01 6.020259857177734375e-01
7.514558434486389160e-01 8.345287442207336426e-01
2.601561248302459717e-01 9.872127771377563477e-01
7.959176898002624512e-01 9.849300980567932129e-01
2.655879557132720947e-01 1.893105804920196533e-01
5.685360431671142578e-01 5.854731202125549316e-01
5.994661152362823486e-02 3.648600578308105469e-01
9.690577387809753418e-01 3.001860082149505615e-01
2.420846372842788696e-01 8.456584215164184570e-01
5.574341416358947754e-01 4.846617281436920166e-01
8.473280668258666992e-01 9.049453735351562500e-01
6.037445068359375000e-01 8.390827178955078125e-01
5.110473036766052246e-01 4.057120382785797119e-01
9.190719127655029297e-01 1.188314408063888550e-01
9.782482981681823730e-01 6.172128915786743164e-01
7.068133354187011719e-01 9.733043313026428223e-01
3.556396663188934326e-01 4.405758380889892578e-01
8.589790463447570801e-01 2.961643934249877930e-01
5.985286235809326172e-01 1.867789328098297119e-01
9.359120726585388184e-01 8.043395876884460449e-01
6.220468878746032715e-01 7.919797301292419434e-01
8.522712588310241699e-01 7.075904011726379395e-01
2.275014519691467285e-01 5.685955658555030823e-02
7.540869116783142090e-01 5.695961117744445801e-01
9.389650225639343262e-01 1.320699155330657959e-01
1.465965509414672852e-01 6.454097032546997070e-01
5.779847502708435059e-01 9.760794043540954590e-01
4.749141037464141846e-01 4.070947170257568359e-01
7.114476561546325684e-01 6.292011737823486328e-01
6.317520737648010254e-01 2.380900830030441284e-01
5.411073565483093262e-01 8.248657733201980591e-02
1.166048124432563782e-01 3.795265257358551025e-01
4.121122956275939941e-01 6.820383071899414062e-01
6.826614141464233398e-01 3.326739370822906494e-01
7.971503734588623047e-01 4.371231421828269958e-02
5.698545575141906738e-01 3.287752568721771240e-01
9.067118167877197266e-02 7.966422289609909058e-02
7.283321022987365723e-01 9.112275838851928711e-01
3.527402877807617188e-01 2.732174694538116455e-01
7.749046087265014648e-01 4.507040977478027344e-01
6.838025450706481934e-01 5.804014205932617188e-01
5.988834500312805176e-01 2.228284329175949097e-01
9.832479953765869141e-01 1.293676644563674927e-01
2.565385401248931885e-01 8.696610927581787109e-01
7.686506509780883789e-01 7.079231739044189453e-01
6.456030011177062988e-01 8.151174187660217285e-01
5.815337300300598145e-01 5.092157125473022461e-01
8.642875552177429199e-01 8.337320685386657715e-01
1.204617172479629517e-01 1.976566016674041748e-01
5.153857469558715820e-01 1.031482219696044922e-01
6.667808890342712402e-01 4.451449513435363770e-01
2.221363931894302368e-01 6.107093095779418945e-01
8.162337541580200195e-01 8.510017991065979004e-01
1.651002317667007446e-01 2.342909947037696838e-02
9.921200871467590332e-01 5.470372363924980164e-02
3.182896971702575684e-01 4.787849485874176025e-01
1.671116054058074951e-01 4.261303842067718506e-01
7.369719743728637695e-01 4.768177270889282227e-01
7.612599134445190430e-01 8.643863201141357422e-01
3.494041264057159424e-01 3.593682944774627686e-01
9.959990531206130981e-02 8.541187047958374023e-01
6.268779039382934570e-01 9.732214808464050293e-01
2.216771841049194336e-01 3.915576636791229248e-01
6.880752444267272949e-01 4.753077924251556396e-01
7.836252450942993164e-01 5.140877962112426758e-01
4.495513737201690674e-01 9.449832439422607422e-01
1.686213463544845581e-01 4.694497585296630859e-01
8.192018270492553711e-01 8.094690442085266113e-01
1.502205580472946167e-01 4.436331987380981445e-02
8.297068476676940918e-01 2.888803184032440186e-01
9.111443758010864258e-01 1.614035665988922119e-01
9.956463575363159180e-01 3.601556122303009033e-01
7.618877887725830078e-01 7.379969358444213867e-01
7.285190224647521973e-01 1.852140873670578003e-01
8.871877216733992100e-04 8.951610326766967773e-02
9.006909728050231934e-01 6.096029877662658691e-01
6.994243264198303223e-01 3.824168741703033447e-01
4.546701312065124512e-01 4.597923904657363892e-02
4.202835261821746826e-01 9.639688134193420410e-01
4.254345968365669250e-02 9.217043519020080566e-01
5.419959425926208496e-01 9.540365934371948242e-01
8.708645403385162354e-02 4.534990992397069931e-03
6.625537276268005371e-01 1.986034661531448364e-01
5.284686684608459473e-01 6.664608120918273926e-01
7.944459468126296997e-02 4.059568047523498535e-01
5.274836421012878418e-01 3.374579250812530518e-01
1.486675292253494263e-01 4.836319983005523682e-01
1.894224882125854492e-01 1.660747379064559937e-01
5.282081365585327148e-01 7.188706398010253906e-01
1.666338369250297546e-02 7.656569480895996094e-01
6.755731701850891113e-01 8.764810115098953247e-02
1.865506321191787720e-01 2.370532602071762085e-01
2.442679852247238159e-01 6.776013970375061035e-01
6.109836697578430176e-01 9.177241325378417969e-01
4.989920258522033691e-01 4.738503098487854004e-01
7.248014211654663086e-01 1.401526778936386108e-01
3.615676760673522949e-01 9.569296836853027344e-01
8.907364606857299805e-01 2.815681509673595428e-02
6.185784935951232910e-01 1.998033672571182251e-01
8.880182504653930664e-01 8.072302341461181641e-01
9.285846352577209473e-01 2.101487964391708374e-01
4.664761722087860107e-01 4.592998027801513672e-01
8.163935542106628418e-01 2.531381845474243164e-01
4.204233586788177490e-01 8.749914169311523438e-01
5.578467845916748047e-01 3.542957007884979248e-01
7.100730538368225098e-01 5.995427444577217102e-02
6.273252964019775391e-01 4.361395537853240967e-01
8.723100423812866211e-01 7.438331842422485352e-01
9.387070536613464355e-01 6.828532814979553223e-01
9.939588308334350586e-01 2.547218501567840576e-01
2.696432471275329590e-01 2.684903144836425781e-01
1.266232430934906006e-01 3.065643608570098877e-01
7.992358207702636719e-01 7.778358459472656250e-01
3.930361270904541016e-01 3.715075254440307617e-01
7.226669788360595703e-01 9.419542551040649414e-01
5.512440204620361328e-01 1.777570396661758423e-01
8.782678842544555664e-01 5.283570885658264160e-01
7.619360685348510742e-01 3.644915223121643066e-01
4.061107039451599121e-01 5.114303827285766602e-01
4.468976855278015137e-01 9.057732224464416504e-01
1.302924305200576782e-01 8.483856916427612305e-01
1.680839359760284424e-01 7.936846017837524414e-01
4.027790725231170654e-01 9.093688726425170898e-01
6.793968677520751953e-01 2.883962541818618774e-02
1.902622729539871216e-01 5.917189717292785645e-01
2.493286877870559692e-01 3.771497309207916260e-02
2.809581458568572998e-01 7.287656888365745544e-03
2.264576703310012817e-01 3.237813413143157959e-01
9.954800009727478027e-01 4.043061733245849609e-01
5.870624780654907227e-01 4.005733132362365723e-01
8.212365508079528809e-01 3.339793980121612549e-01
3.485552966594696045e-02 7.942590117454528809e-01
7.055361866950988770e-01 6.975865364074707031e-01
7.187829613685607910e-01 2.210637331008911133e-01
5.602872371673583984e-01 8.593819737434387207e-01
8.967145085334777832e-01 9.313802421092987061e-02
4.790086150169372559e-01 5.089961290359497070e-01
5.371320247650146484e-01 4.618118703365325928e-01
2.955156266689300537e-01 2.626564204692840576e-01
7.867538332939147949e-01 2.027669697999954224e-01
4.213869571685791016e-01 1.578859537839889526e-01
8.762877583503723145e-01 1.374059915542602539e-01
7.260911464691162109e-01 3.667823672294616699e-01
4.873580932617187500e-01 7.487486600875854492e-01
7.010885477066040039e-01 1.304530799388885498e-01
4.774453043937683105e-01 1.282451450824737549e-01
8.579455018043518066e-01 7.907461524009704590e-01
6.001455783843994141e-01 4.880492091178894043e-01
1.011264324188232422e-01 7.049907445907592773e-01
2.748908996582031250e-01 7.825065255165100098e-01
9.230260252952575684e-01 4.820034503936767578e-01
6.493538022041320801e-01 7.728776335716247559e-01
1.234095022082328796e-01 5.295070409774780273e-01
2.472032904624938965e-01 3.756083548069000244e-01
1.243862658739089966e-01 6.269646286964416504e-01
6.356258392333984375e-01 8.455342650413513184e-01
6.036749482154846191e-01 4.221381247043609619e-01
2.568644881248474121e-01 6.553171575069427490e-02
3.488228023052215576e-01 4.770717024803161621e-01
8.832496404647827148e-01 9.016075730323791504e-01
5.051184296607971191e-01 8.235714435577392578e-01
9.227129220962524414e-01 9.343956708908081055e-01
1.760778725147247314e-01 1.148327216506004333e-01
2.772761583328247070e-01 3.027443401515483856e-02
3.155713528394699097e-02 4.645673632621765137e-01
5.550798028707504272e-02 2.081560343503952026e-01
2.987980246543884277e-01 5.639115571975708008e-01
5.436286330223083496e-01 8.339484930038452148e-01
8.120401501655578613e-01 2.049256116151809692e-02
6.923100352287292480e-01 6.184360384941101074e-01
3.582117557525634766e-01 1.967359520494937897e-02
6.267630457878112793e-01 7.560087442398071289e-01
9.497221708297729492e-01 3.542798757553100586e-01
6.015021204948425293e-01 3.699263557791709900e-02
2.187664359807968140e-01 6.408509612083435059e-01
4.581068456172943115e-01 2.269847877323627472e-02
8.096828460693359375e-01 1.746201962232589722e-01
