3.903041183948516846e-01 3.177587315440177917e-02
5.181942582130432129e-01 4.319233894348144531e-01
3.843221068382263184e-01 3.534280657768249512e-01
8.531020283699035645e-01 7.631154060363769531e-01
1.671685255132615566e-03 2.011862248182296753e-01
2.582742273807525635e-01 7.962421774864196777e-01
8.840135335922241211e-01 9.926413297653198242e-01
5.357279181480407715e-01 2.309593707323074341e-01
5.829257965087890625e-01 7.226334810256958008e-01
4.006468355655670166e-01 9.995481371879577637e-01
2.890629172325134277e-01 3.469783663749694824e-01
4.319536387920379639e-01 1.663248986005783081e-01
3.306398391723632812e-01 7.317063808441162109e-01
6.995761990547180176e-01 3.933128416538238525e-01
4.905616343021392822e-01 2.179221510887145996e-01
4.202551543712615967e-01 7.019515633583068848e-01
5.882567167282104492e-01 4.564612805843353271e-01
9.516775608062744141e-01 3.148531317710876465e-01
1.370499283075332642e-01 5.166028738021850586e-01
2.181676030158996582e-02 8.258631825447082520e-01
5.840626955032348633e-01 8.248841166496276855e-01
7.943474501371383667e-02 4.165049195289611816e-01
2.930662631988525391e-01 6.148415207862854004e-01
2.207591235637664795e-01 6.516560912132263184e-01
8.439464569091796875e-01 2.227022051811218262e-01
1.205621138215065002e-01 6.182255148887634277e-01
4.765441119670867920e-01 4.471325278282165527e-01
2.608529478311538696e-02 3.688732683658599854e-01
9.196930527687072754e-01 3.509167134761810303e-01
4.744670987129211426e-01 5.273517370223999023e-01
8.972948193550109863e-01 6.617107987403869629e-01
4.731130599975585938e-01 2.375358790159225464e-01
5.647256970405578613e-01 4.276547208428382874e-02
1.172537654638290405e-01 2.986516356468200684e-01
5.480713844299316406e-01 5.710033774375915527e-01
1.852888911962509155e-01 2.048348486423492432e-01
1.764550954103469849e-01 3.557206094264984131e-01
5.344020947813987732e-02 1.353674530982971191e-01
9.517849087715148926e-01 6.025505661964416504e-01
8.539484143257141113e-01 7.053731083869934082e-01
6.340834498405456543e-01 3.962567448616027832e-02
2.300943434238433838e-01 9.099922776222229004e-01
1.977169066667556763e-01 3.178885579109191895e-01
2.652111947536468506e-01 2.444688975811004639e-01
5.681739449501037598e-01 2.139863967895507812e-01
4.568562507629394531e-01 2.881388962268829346e-01
4.289229214191436768e-01 2.188124321401119232e-02
5.599063038825988770e-01 8.400571346282958984e-01
7.195159196853637695e-01 7.218541502952575684e-01
3.185676634311676025e-01 6.265608668327331543e-01
5.612249970436096191e-01 6.278403401374816895e-01
1.787750720977783203e-01 5.983204245567321777e-01
6.203888654708862305e-01 3.538483381271362305e-01
3.260981142520904541e-01 5.996517539024353027e-01
2.738976180553436279e-01 6.540729403495788574e-01
9.450492262840270996e-01 8.309455513954162598e-01
7.472268939018249512e-01 7.202256470918655396e-02
8.748579621315002441e-01 2.883929908275604248e-01
6.363120079040527344e-01 1.136308908462524414e-01
2.645107507705688477e-01 2.657668292522430420e-01
4.039617180824279785e-01 2.390593290328979492e-01
9.396684169769287109e-01 3.824656903743743896e-01
8.948816657066345215e-01 7.687115073204040527e-01
7.038340568542480469e-01 4.148570895195007324e-01
3.801921904087066650e-01 3.823828697204589844e-01
6.989498138427734375e-01 5.461801290512084961e-01
7.261576056480407715e-01 3.700834885239601135e-02
3.074843287467956543e-01 7.946798801422119141e-01
2.851367592811584473e-01 7.647410035133361816e-01
2.457036972045898438e-01 3.010742962360382080e-01
7.903358340263366699e-01 7.296076416969299316e-01
8.379749059677124023e-01 9.323180913925170898e-01
4.153376072645187378e-02 1.981229633092880249e-01
3.339346349239349365e-01 2.183373868465423584e-01
5.144881010055541992e-01 6.975514441728591919e-02
6.401818245649337769e-02 8.307964801788330078e-01
4.623911678791046143e-01 1.730731576681137085e-01
3.499772548675537109e-01 3.855530023574829102e-01
8.608676791191101074e-01 1.042547747492790222e-01
9.636852145195007324e-01 9.183670282363891602e-01
5.611953735351562500e-01 6.885474324226379395e-01
9.981203675270080566e-01 9.654095172882080078e-01
3.638229891657829285e-02 4.405273497104644775e-01
8.087325692176818848e-01 4.577475488185882568e-01
2.771768569946289062e-01 4.269606471061706543e-01
7.217046618461608887e-01 4.423163831233978271e-01
2.952440381050109863e-01 4.851181507110595703e-01
2.955367863178253174e-01 8.327218294143676758e-01
5.268585085868835449e-01 7.369397878646850586e-01
8.008048534393310547e-01 3.853546977043151855e-01
1.170366927981376648e-01 3.977158367633819580e-01
1.043197140097618103e-02 1.757208257913589478e-01
3.205647170543670654e-01 4.447454810142517090e-01
7.577003240585327148e-01 2.848983108997344971e-01
6.853997707366943359e-01 2.151150256395339966e-01
4.607082009315490723e-01 5.944093465805053711e-01
3.950651586055755615e-01 9.109076857566833496e-01
9.528194069862365723e-01 9.573803544044494629e-01
7.050354033708572388e-02 2.283588610589504242e-02
5.308402776718139648e-01 9.043780565261840820e-01
5.880001187324523926e-01 2.957963645458221436e-01
2.021705806255340576e-01 3.862449228763580322e-01
5.305601954460144043e-01 4.974817633628845215e-01
9.859955310821533203e-01 6.869150996208190918e-01
5.149268507957458496e-01 8.152427673339843750e-01
9.847298860549926758e-01 4.688988029956817627e-01
3.670108616352081299e-01 2.965000271797180176e-01
5.335096120834350586e-01 4.589604735374450684e-01
4.869304597377777100e-01 1.661624759435653687e-01
2.518285512924194336e-01 1.245787739753723145e-02
9.436912834644317627e-02 3.859541118144989014e-01
8.983214497566223145e-01 8.978095054626464844e-01
1.126895993947982788e-01 5.834347605705261230e-01
1.110987141728401184e-01 3.579035103321075439e-01
8.908444643020629883e-01 6.350542902946472168e-01
5.390009284019470215e-01 7.098492980003356934e-01
7.596606612205505371e-01 4.644319042563438416e-02
5.544993877410888672e-01 4.449762701988220215e-01
5.732325315475463867e-01 1.415563821792602539e-01
4.356164634227752686e-01 6.710813641548156738e-01
6.649152636528015137e-01 6.873149871826171875e-01
7.204703092575073242e-01 1.006473228335380554e-01
5.082228779792785645e-01 6.069488525390625000e-01
2.876544296741485596e-01 8.625782728195190430e-01
4.193573296070098877e-01 6.526541709899902344e-01
1.427489668130874634e-01 2.959351539611816406e-01
9.081920385360717773e-01 4.565123319625854492e-01
8.367256522178649902e-01 8.902272582054138184e-01
9.402635693550109863e-01 1.290446706116199493e-02
2.702088654041290283e-01 7.244431972503662109e-01
8.920100331306457520e-01 1.633895188570022583e-01
3.880678117275238037e-01 7.089143395423889160e-01
2.261630743741989136e-01 3.319916725158691406e-01
3.448264598846435547e-01 9.929050207138061523e-01
2.035750597715377808e-01 7.499533295631408691e-01
7.504004836082458496e-01 9.778935313224792480e-01
2.225251793861389160e-01 6.792422533035278320e-01
1.289932876825332642e-01 9.731290936470031738e-01
4.260190725326538086e-01 4.299896359443664551e-01
7.611386179924011230e-01 5.750831961631774902e-01
6.882258057594299316e-01 5.763968229293823242e-01
7.861367613077163696e-02 8.682594299316406250e-01
5.089668631553649902e-01 3.357962965965270996e-01
6.137084364891052246e-01 3.069568872451782227e-01
6.543730497360229492e-01 9.949651956558227539e-01
6.992130279541015625e-01 9.705441445112228394e-02
7.950751781463623047e-01 6.793714761734008789e-01
3.958915472030639648e-01 4.449665844440460205e-01
1.356620900332927704e-02 9.899833798408508301e-01
8.729668855667114258e-01 1.454606931656599045e-02
6.998912692070007324e-01 1.639076620340347290e-01
6.490444540977478027e-01 8.528546094894409180e-01
4.415012300014495850e-01 1.246331185102462769e-01
9.655385613441467285e-01 5.290412306785583496e-01
5.595561861991882324e-01 9.147580265998840332e-01
7.278407216072082520e-01 2.033879607915878296e-01
8.449750542640686035e-01 9.697890281677246094e-01
8.904209136962890625e-01 6.815142929553985596e-02
8.344597816467285156e-01 6.215520501136779785e-01
5.947429537773132324e-01 9.894139170646667480e-01
3.168943524360656738e-01 3.254106044769287109e-01
6.667840480804443359e-01 1.086546331644058228e-01
8.755249381065368652e-01 9.299053549766540527e-01
6.506336331367492676e-01 3.244830965995788574e-01
6.388705372810363770e-01 5.479853153228759766e-01
7.430854439735412598e-01 3.885453343391418457e-01
2.043846547603607178e-01 4.876660704612731934e-01
6.880455613136291504e-01 3.445127978920936584e-02
1.248684227466583252e-01 4.765130281448364258e-01
1.340667456388473511e-01 6.422814726829528809e-01
8.229248523712158203e-01 5.656655430793762207e-01
5.745828747749328613e-01 1.558075845241546631e-02
3.986605405807495117e-01 4.097482860088348389e-01
4.089258015155792236e-01 3.134617209434509277e-01
5.532445311546325684e-01 9.880009293556213379e-01
9.821610152721405029e-02 3.265307545661926270e-01
8.645862340927124023e-01 4.311664029955863953e-02
8.512949347496032715e-01 5.826381444931030273e-01
6.674337983131408691e-01 8.795074224472045898e-01
2.339724302291870117e-01 9.348444938659667969e-01
4.012264311313629150e-01 9.475771188735961914e-01
3.616862893104553223e-01 2.009930908679962158e-01
6.972985267639160156e-01 5.159437060356140137e-01
5.107840299606323242e-01 1.464105956256389618e-02
1.451381593942642212e-01 4.482277333736419678e-01
2.697215676307678223e-01 2.885648012161254883e-01
2.519580125808715820e-01 5.446088910102844238e-01
5.821769237518310547e-01 7.661181092262268066e-01
4.592384696006774902e-01 6.375368237495422363e-01
8.523122072219848633e-01 1.312084048986434937e-01
1.885199099779129028e-01 7.722100615501403809e-01
2.306190282106399536e-01 2.309438884258270264e-01
4.057720005512237549e-01 8.734245896339416504e-01
2.503232061862945557e-01 2.083806246519088745e-01
4.373154640197753906e-01 9.855754971504211426e-01
5.568583011627197266e-01 7.671701908111572266e-01
3.831564486026763916e-01 1.738716661930084229e-01
4.920592308044433594e-01 5.644623041152954102e-01
2.650041878223419189e-01 9.669327139854431152e-01
8.145651817321777344e-01 3.174584731459617615e-02
8.768972009420394897e-03 9.245640039443969727e-02
5.683124661445617676e-01 5.469781160354614258e-01
2.525847777724266052e-02 6.760648488998413086e-01
7.907223105430603027e-01 6.378953158855438232e-02
8.698436617851257324e-01 8.390507847070693970e-02
8.979767560958862305e-01 9.565775394439697266e-01
6.776704192161560059e-01 2.467933744192123413e-01
3.149498999118804932e-02 8.728508949279785156e-01
9.194703698158264160e-01 8.534159660339355469e-01
1.759023219347000122e-01 5.336972475051879883e-01
1.911635100841522217e-01 6.416996121406555176e-01
4.372691512107849121e-01 5.732273310422897339e-02
6.401252746582031250e-01 4.397470057010650635e-01
6.160679459571838379e-01 1.357734650373458862e-01
2.994817495346069336e-01 2.019213140010833740e-01
9.302735328674316406e-01 7.769574522972106934e-01
6.083582043647766113e-01 8.482425212860107422e-01
9.113420844078063965e-01 6.271687150001525879e-01
1.893956959247589111e-01 8.003827929496765137e-01
9.554545879364013672e-01 5.663653016090393066e-01
4.501379728317260742e-01 7.428695559501647949e-01
8.683691024780273438e-01 1.451392918825149536e-01
2.783041596412658691e-01 1.383915990591049194e-01
7.320538163185119629e-01 5.854948759078979492e-01
3.204272687435150146e-01 5.195949077606201172e-01
4.376292824745178223e-01 9.317892044782638550e-02
8.119369149208068848e-01 9.177913665771484375e-01
2.148324847221374512e-01 7.177293300628662109e-01
1.780338138341903687e-01 3.551384434103965759e-02
1.457398086786270142e-01 7.173745036125183105e-01
7.101992368698120117e-01 6.356056034564971924e-02
4.266950488090515137e-01 7.382611632347106934e-01
1.030736342072486877e-01 6.914579272270202637e-01
7.377668619155883789e-01 7.842198610305786133e-01
2.907484173774719238e-01 5.354014039039611816e-01
4.676867425441741943e-01 9.150314331054687500e-01
5.129667520523071289e-01 6.833569407463073730e-01
8.658086657524108887e-01 3.915687799453735352e-01
6.727656722068786621e-01 4.887197166681289673e-02
9.325229525566101074e-01 5.597611069679260254e-01
3.691242039203643799e-01 4.176264405250549316e-01
4.833568930625915527e-01 2.028580941259860992e-02
3.478335142135620117e-01 8.763431906700134277e-01
5.915337800979614258e-01 6.936618089675903320e-01
1.235637143254280090e-01 5.486465692520141602e-01
1.310960501432418823e-01 8.760318160057067871e-01
9.512917399406433105e-01 3.528872430324554443e-01
4.315478205680847168e-01 3.350729346275329590e-01
1.781358420848846436e-01 7.479561865329742432e-02
6.735497117042541504e-01 8.456794917583465576e-02
2.823584247380495071e-03 1.013571768999099731e-02
6.129499077796936035e-01 5.793333649635314941e-01
6.698399186134338379e-01 6.142230033874511719e-01
7.988945841789245605e-01 8.670457005500793457e-01
8.252851366996765137e-01 4.042593240737915039e-01
1.933669447898864746e-01 5.201230049133300781e-01
6.526530385017395020e-01 7.133191227912902832e-01
2.477807253599166870e-01 4.431043937802314758e-02
5.200583338737487793e-01 7.874729037284851074e-01
2.556034028530120850e-01 9.105557203292846680e-02
7.222167849540710449e-01 5.599917173385620117e-01
8.446560055017471313e-02 2.256733179092407227e-01
4.210554361343383789e-01 2.037479877471923828e-01
5.680585745722055435e-03 3.834301233291625977e-02
6.558526307344436646e-02 2.673072516918182373e-01
8.143271207809448242e-01 3.674139976501464844e-01
2.154858857393264771e-01 2.951556444168090820e-01
3.784331977367401123e-01 4.944832623004913330e-01
1.835129223763942719e-02 7.285716533660888672e-01
9.761463999748229980e-01 2.531287074089050293e-01
9.264018535614013672e-01 1.800398975610733032e-01
5.131350755691528320e-01 4.083350598812103271e-01
3.565199375152587891e-01 9.175310730934143066e-01
8.536716699600219727e-01 3.049844801425933838e-01
9.859964847564697266e-01 8.969585299491882324e-01
2.293939143419265747e-01 5.764448642730712891e-01
7.215390801429748535e-01 3.663564026355743408e-01
2.055716812610626221e-01 6.076811552047729492e-01
9.180684089660644531e-01 2.019857168197631836e-01
2.705423533916473389e-01 4.649696946144104004e-01
3.181859478354454041e-02 8.452709913253784180e-01
8.538746237754821777e-01 1.784164011478424072e-01
3.962575197219848633e-01 6.771185994148254395e-01
5.200161933898925781e-01 9.707573652267456055e-01
1.795015484094619751e-02 7.503486275672912598e-01
7.255137562751770020e-01 9.370721578598022461e-01
9.805006980895996094e-01 8.207352757453918457e-01
3.333236873149871826e-01 1.146943345665931702e-01
3.390189409255981445e-01 2.382729202508926392e-01
9.405323863029479980e-01 2.374221831560134888e-01
4.624446108937263489e-02 9.553717682138085365e-04
5.814949870109558105e-01 8.588468432426452637e-01
2.136433273553848267e-01 5.347054004669189453e-01
5.446658730506896973e-01 6.697503924369812012e-01
8.270654082298278809e-01 5.067317560315132141e-02
6.251133233308792114e-02 4.393440186977386475e-01
8.022422902286052704e-03 5.763372778892517090e-01
8.259384036064147949e-01 6.007007956504821777e-01
8.039612770080566406e-01 6.081616878509521484e-01
7.973157763481140137e-01 3.353898525238037109e-01
8.492331504821777344e-01 7.855026721954345703e-01
2.474299818277359009e-01 6.415718197822570801e-01
1.887891292572021484e-01 4.408249557018280029e-01
4.326016828417778015e-02 1.645187288522720337e-01
8.066453337669372559e-01 1.497981045395135880e-02
1.553227659314870834e-02 1.531744301319122314e-01
4.813874661922454834e-01 6.794432997703552246e-01
6.568232178688049316e-01 5.765838623046875000e-01
7.844532728195190430e-01 8.244180083274841309e-01
8.142761588096618652e-01 7.659549713134765625e-01
5.471857786178588867e-01 2.885638773441314697e-01
7.991480827331542969e-01 6.449925303459167480e-01
3.146440386772155762e-01 9.913470149040222168e-01
3.842712938785552979e-01 4.676373898983001709e-01
8.898632228374481201e-02 6.581462025642395020e-01
6.493138074874877930e-01 2.242428064346313477e-01
3.751989603042602539e-01 7.364557981491088867e-01
9.782458096742630005e-02 1.586716771125793457e-01
1.197287216782569885e-01 9.413736462593078613e-01
1.290371716022491455e-01 1.185289472341537476e-01
1.126016303896903992e-01 7.230135202407836914e-01
7.476504445075988770e-01 6.737445592880249023e-01
4.748349487781524658e-01 3.206376135349273682e-01
2.097083777189254761e-01 1.534366160631179810e-01
9.335913658142089844e-01 8.961164951324462891e-01
3.289542496204376221e-01 8.243010640144348145e-01
9.969232678413391113e-01 4.122833907604217529e-01
7.744283676147460938e-01 9.811608791351318359e-01
7.158674001693725586e-01 6.518179774284362793e-01
5.120217204093933105e-01 3.701398372650146484e-01
3.690404891967773438e-01 1.259019672870635986e-01
9.193601608276367188e-01 4.055135846138000488e-01
2.730422019958496094e-01 5.729748606681823730e-01
5.447806715965270996e-01 3.319889605045318604e-01
1.895691603422164917e-01 6.825637817382812500e-01
7.190018296241760254e-01 5.117483139038085938e-01
5.739966630935668945e-01 5.074417591094970703e-01
8.133566379547119141e-01 9.507554769515991211e-01
9.176784157752990723e-01 8.754894733428955078e-01
2.303555607795715332e-01 9.607707262039184570e-01
4.857178032398223877e-01 7.090991139411926270e-01
5.925630927085876465e-01 2.658012211322784424e-01
1.038289293646812439e-01 2.718203365802764893e-01
2.300972342491149902e-01 5.115480422973632812e-01
8.028469681739807129e-01 8.406485617160797119e-02
6.647502183914184570e-01 4.179187715053558350e-01
7.224380970001220703e-01 9.655491113662719727e-01
4.292910993099212646e-01 5.824267268180847168e-01
1.547329872846603394e-01 8.357844352722167969e-01
6.033640354871749878e-02 3.839988708496093750e-01
2.929700911045074463e-01 4.037288725376129150e-01
3.588073849678039551e-01 7.528414130210876465e-01
8.339275717735290527e-01 4.881504774093627930e-01
3.596464991569519043e-01 3.745323047041893005e-02
1.443129628896713257e-01 8.691845089197158813e-02
1.908322423696517944e-01 8.728944659233093262e-01
9.601578116416931152e-01 7.674444913864135742e-01
9.496503472328186035e-01 6.671842336654663086e-01
9.598416686058044434e-01 8.558825850486755371e-01
6.069783121347427368e-02 9.356723427772521973e-01
5.956075787544250488e-01 5.199211835861206055e-01
7.427492141723632812e-01 4.887129962444305420e-01
2.546741664409637451e-01 4.241863191127777100e-01
1.253146678209304810e-01 8.444782495498657227e-01
8.922560513019561768e-02 9.258121252059936523e-02
5.478252768516540527e-01 1.944780945777893066e-01
7.029619533568620682e-03 4.400924444198608398e-01
1.683385968208312988e-01 2.337696254253387451e-01
8.837566375732421875e-01 1.926364749670028687e-01
2.183946222066879272e-01 6.270764768123626709e-02
7.741633057594299316e-01 7.845376729965209961e-01
8.846243619918823242e-01 7.895281910896301270e-01
8.095799684524536133e-01 1.454646140336990356e-01
6.352833509445190430e-01 6.645569205284118652e-01
6.226266622543334961e-01 8.226929306983947754e-01
2.881194949150085449e-01 1.010843291878700256e-01
3.546843230724334717e-01 7.899858951568603516e-01
8.258056044578552246e-01 3.422200381755828857e-01
3.085050284862518311e-01 1.213727295398712158e-01
7.534599304199218750e-01 6.409735083580017090e-01
6.155919432640075684e-01 7.205281853675842285e-01
4.245066940784454346e-01 2.832188308238983154e-01
3.605787754058837891e-01 3.412540853023529053e-01
3.741492927074432373e-01 1.469492763280868530e-01
5.987796932458877563e-02 8.747386932373046875e-01
3.741240501403808594e-01 6.700848788022994995e-02
2.354699224233627319e-01 4.744147360324859619e-01
2.044792473316192627e-01 8.418986797332763672e-01
1.830146312713623047e-01 2.825133204460144043e-01
2.344507351517677307e-02 5.593158006668090820e-01
5.585141777992248535e-01 1.101075634360313416e-01
3.044236898422241211e-01 3.124645352363586426e-02
7.421829104423522949e-01 9.205161929130554199e-01
4.408726096153259277e-01 7.741374969482421875e-01
3.266428709030151367e-01 7.098233103752136230e-01
6.922895908355712891e-01 7.999466657638549805e-01
9.569279551506042480e-01 7.375999093055725098e-01
4.313877820968627930e-01 2.490831613540649414e-01
8.108832240104675293e-01 2.015343755483627319e-01
4.474496543407440186e-01 8.387454748153686523e-01
8.090013265609741211e-01 8.866504430770874023e-01
5.391371846199035645e-01 8.776897192001342773e-01
2.260615974664688110e-01 2.088223770260810852e-02
8.346635699272155762e-01 1.595171391963958740e-01
3.138995766639709473e-01 3.658345639705657959e-01
8.670623898506164551e-01 2.522940337657928467e-01
9.539023041725158691e-01 6.336026787757873535e-01
5.920886993408203125e-01 1.944089084863662720e-01
8.920059204101562500e-01 5.273368954658508301e-01
5.939186215400695801e-01 6.169520616531372070e-01
7.738277316093444824e-01 6.706239581108093262e-01
5.986809134483337402e-01 8.781247138977050781e-01
5.200549364089965820e-01 3.136099278926849365e-01
9.090977907180786133e-01 5.997627973556518555e-01
4.425492882728576660e-01 8.101179003715515137e-01
3.248212933540344238e-01 1.861484050750732422e-01
1.131956875324249268e-01 8.989195227622985840e-01
4.604938328266143799e-01 1.971259117126464844e-01
3.052916228771209717e-01 2.392668724060058594e-01
2.082561999559402466e-01 5.621063709259033203e-01
3.441439867019653320e-01 3.076577186584472656e-01
5.060052275657653809e-01 9.927783608436584473e-01
2.777720093727111816e-01 1.812733262777328491e-01
4.396462738513946533e-01 3.124852478504180908e-01
4.893707633018493652e-01 3.496392667293548584e-01
2.251473218202590942e-01 1.872556209564208984e-01
5.530045032501220703e-01 1.333031654357910156e-01
5.025657266378402710e-02 7.234598994255065918e-01
7.590355873107910156e-01 5.439192056655883789e-01
7.733359187841415405e-02 7.872875928878784180e-01
5.061970949172973633e-01 4.594078660011291504e-01
1.889794915914535522e-01 9.119714498519897461e-01
9.081229567527770996e-01 7.055444717407226562e-01
2.540934681892395020e-01 1.666122972965240479e-01
7.660696506500244141e-01 4.483198523521423340e-01
7.679230999201536179e-03 6.590257883071899414e-01
3.233385831117630005e-02 9.503962993621826172e-01
4.203291609883308411e-02 3.529513776302337646e-01
4.010100066661834717e-01 1.958315074443817139e-01
9.029834866523742676e-01 1.768490485846996307e-02
8.184831738471984863e-01 9.780060648918151855e-01
4.433136284351348877e-01 5.330471396446228027e-01
6.022053956985473633e-01 9.045714735984802246e-01
4.486724436283111572e-01 5.044916868209838867e-01
6.679210662841796875e-01 2.850131094455718994e-01
8.512838929891586304e-02 5.760875940322875977e-01
3.482425212860107422e-01 6.694207191467285156e-01
3.727858066558837891e-01 8.283483982086181641e-01
2.276359200477600098e-01 6.183267831802368164e-01
3.497580289840698242e-01 5.159267783164978027e-01
4.692907035350799561e-01 8.311994075775146484e-01
7.206556797027587891e-01 6.198307275772094727e-01
9.897496700286865234e-01 9.350095987319946289e-01
1.391676440834999084e-02 9.072119593620300293e-01
9.710218012332916260e-02 2.515169382095336914e-01
4.050706624984741211e-01 7.447105646133422852e-01
4.720897674560546875e-01 3.751328885555267334e-01
1.022194772958755493e-01 1.878060586750507355e-02
7.712912559509277344e-02 1.341487765312194824e-01
1.553866118192672729e-01 7.565900087356567383e-01
5.480102896690368652e-01 9.496318101882934570e-01
3.689671307802200317e-02 3.207082301378250122e-02
2.038435935974121094e-01 1.857267767190933228e-01
3.822292685508728027e-01 7.740835547447204590e-01
4.852070212364196777e-01 4.981210827827453613e-01
6.072379946708679199e-01 6.221425905823707581e-02
6.266809701919555664e-01 7.851077914237976074e-01
2.194754593074321747e-02 3.136763572692871094e-01
5.138735845685005188e-02 4.941827952861785889e-01
6.871895790100097656e-01 4.421966969966888428e-01
6.577394604682922363e-01 9.588156938552856445e-01
5.151716470718383789e-01 8.741537928581237793e-01
8.417227864265441895e-01 2.006489485502243042e-01
6.837297677993774414e-01 3.718266189098358154e-01
6.818253993988037109e-01 8.475912213325500488e-01
3.870183527469635010e-01 3.206035494804382324e-01
2.791654318571090698e-02 6.377137899398803711e-01
8.251984715461730957e-01 7.987805008888244629e-01
9.998376965522766113e-01 5.347815155982971191e-01
9.129951596260070801e-01 5.177794098854064941e-01
3.074152767658233643e-01 9.019202589988708496e-01
5.365988239645957947e-02 5.657680034637451172e-01
8.007147312164306641e-01 2.995909154415130615e-01
9.890838861465454102e-01 6.279873847961425781e-01
7.566072344779968262e-01 1.727139204740524292e-01
8.166680932044982910e-01 6.953582763671875000e-01
7.808448672294616699e-01 6.115850210189819336e-01
2.521665096282958984e-01 1.234136000275611877e-01
9.304356575012207031e-01 1.557234674692153931e-01
8.898661732673645020e-01 4.066820740699768066e-01
6.941778659820556641e-01 3.432444036006927490e-01
4.953959286212921143e-01 8.509348034858703613e-01
8.009238839149475098e-01 4.267761111259460449e-01
3.931758403778076172e-01 2.775090634822845459e-01
3.160246610641479492e-01 4.026483595371246338e-01
1.277699917554855347e-01 7.482615113258361816e-01
9.866647720336914062e-01 2.977827191352844238e-01
6.482886672019958496e-01 8.121628165245056152e-01
1.784910708665847778e-01 8.213589191436767578e-01
8.075279593467712402e-01 4.987348914146423340e-01
9.931932687759399414e-01 8.441444039344787598e-01
7.637457549571990967e-02 6.299688816070556641e-01
7.825854420661926270e-01 9.116805791854858398e-01
1.027576997876167297e-01 5.438762903213500977e-01
1.820620149374008179e-01 5.734506845474243164e-01
8.106427639722824097e-02 2.932404577732086182e-01
8.486155867576599121e-01 3.697154521942138672e-01
1.632834821939468384e-01 1.033481489866971970e-02
5.784019827842712402e-02 2.315925210714340210e-01
7.949178814888000488e-01 1.143648847937583923e-01
7.156762480735778809e-01 4.765785038471221924e-01
2.803868055343627930e-01 8.090222477912902832e-01
2.152162790298461914e-01 1.119171380996704102e-01
7.917155027389526367e-01 5.787531137466430664e-01
9.921882301568984985e-02 9.868363738059997559e-01
6.516588330268859863e-01 3.528161346912384033e-01
3.105632364749908447e-01 8.709894418716430664e-01
8.324185013771057129e-01 6.492274403572082520e-01
7.430780529975891113e-01 7.420828938484191895e-01
6.819988489151000977e-01 1.337614953517913818e-01
1.866247951984405518e-01 1.288974583148956299e-01
6.385151147842407227e-01 7.420491576194763184e-01
1.666009426116943359e-01 3.019268214702606201e-01
1.654910147190093994e-01 4.995090663433074951e-01
9.978238344192504883e-01 2.464588135480880737e-01
2.825979590415954590e-01 9.395806789398193359e-01
5.373704433441162109e-01 1.679335534572601318e-01
4.965400695800781250e-01 1.105544641613960266e-01
6.567780375480651855e-01 9.266291856765747070e-01
9.084947705268859863e-01 1.219272688031196594e-01
8.379560708999633789e-01 7.233937829732894897e-02
2.466379851102828979e-01 7.416412830352783203e-01
8.305344730615615845e-02 9.596588015556335449e-01
3.745590448379516602e-01 5.978354215621948242e-01
3.715986609458923340e-01 6.714484095573425293e-01
2.461537420749664307e-01 5.927535891532897949e-01
1.138092484325170517e-02 4.909775853157043457e-01
9.510161876678466797e-01 2.004805356264114380e-01
3.077389299869537354e-01 5.774506330490112305e-01
3.338347971439361572e-01 5.334189161658287048e-02
6.458327770233154297e-01 6.851509958505630493e-02
9.584210515022277832e-01 8.854683041572570801e-01
1.568270325660705566e-01 6.750035881996154785e-01
8.543773889541625977e-01 8.122600317001342773e-01
6.262865662574768066e-01 4.740716516971588135e-01
4.845995306968688965e-01 9.765155315399169922e-01
1.600027382373809814e-01 1.496992856264114380e-01
2.950903773307800293e-01 7.290623188018798828e-01
4.705982208251953125e-01 4.186036288738250732e-01
7.066294550895690918e-02 4.750362038612365723e-01
5.722755193710327148e-01 3.836889564990997314e-01
9.024987816810607910e-01 5.570203661918640137e-01
1.652257889509201050e-01 9.809466004371643066e-01
6.757826805114746094e-01 6.599245667457580566e-01
5.151928216218948364e-02 9.031686782836914062e-01
4.660095274448394775e-01 7.636465430259704590e-01
7.426683306694030762e-01 1.021965518593788147e-01
8.427129685878753662e-02 7.294505834579467773e-01
9.632116556167602539e-01 8.105862885713577271e-02
6.515117287635803223e-01 3.986543118953704834e-01
8.985700607299804688e-01 2.488652616739273071e-01
1.555954068899154663e-01 4.702254533767700195e-01
7.459392547607421875e-01 1.398031972348690033e-02
8.348141312599182129e-01 4.576824903488159180e-01
5.459840297698974609e-01 4.011335372924804688e-01
5.286148786544799805e-01 9.612691402435302734e-02
6.482704281806945801e-01 6.452671289443969727e-01
9.588084816932678223e-01 4.284758269786834717e-01
2.727894578129053116e-03 2.800820767879486084e-01
9.020424485206604004e-01 2.766012847423553467e-01
1.304464489221572876e-01 3.248876333236694336e-01
7.893121242523193359e-01 2.684319317340850830e-01
5.886417031288146973e-01 3.982692062854766846e-01
6.982305049896240234e-01 8.826791308820247650e-03
8.696143031120300293e-01 6.621660590171813965e-01
2.322429325431585312e-03 8.730924725532531738e-01
5.242869853973388672e-01 1.350462734699249268e-01
3.775998353958129883e-01 5.377908945083618164e-01
2.471867017447948456e-02 1.241859272122383118e-01
4.331834241747856140e-02 9.879753738641738892e-02
1.521664708852767944e-01 2.619153559207916260e-01
7.129889130592346191e-01 8.186030983924865723e-01
6.221373677253723145e-01 4.116258323192596436e-01
7.413650751113891602e-01 8.148680925369262695e-01
6.284538507461547852e-01 8.741003870964050293e-01
7.932131290435791016e-01 5.443562865257263184e-01
5.880057215690612793e-01 4.293987154960632324e-01
3.242730200290679932e-01 1.593110710382461548e-02
7.674085497856140137e-01 3.134219348430633545e-01
7.972803115844726562e-01 9.930328130722045898e-01
4.845265150070190430e-01 9.394064545631408691e-01
1.768409758806228638e-01 1.678881049156188965e-01
6.235966682434082031e-01 2.760813832283020020e-01
7.983113527297973633e-01 7.966198325157165527e-01
5.629435181617736816e-01 3.094460964202880859e-01
5.433621406555175781e-01 6.035737395286560059e-01
2.126170098781585693e-01 4.120471179485321045e-01
4.176606833934783936e-01 7.793604731559753418e-01
9.367804527282714844e-01 9.294627904891967773e-01
2.558265924453735352e-01 8.976414799690246582e-01
9.680544137954711914e-01 4.497069716453552246e-01
7.831816673278808594e-01 7.065176963806152344e-01
6.002874374389648438e-01 7.964591383934020996e-01
5.590931773185729980e-01 2.624444067478179932e-01
7.397585511207580566e-01 2.425310462713241577e-01
5.098029375076293945e-01 2.448713481426239014e-01
5.895333290100097656e-01 5.597271919250488281e-01
7.774838805198669434e-01 3.498582541942596436e-01
2.037767469882965088e-01 2.671809308230876923e-02
6.224721074104309082e-01 8.673834800720214844e-02
7.679598927497863770e-01 4.213747680187225342e-01
4.916027188301086426e-01 2.596408128738403320e-01
5.024470686912536621e-01 5.299168825149536133e-01
3.193951249122619629e-01 9.258449077606201172e-01
9.425116777420043945e-01 4.003280028700828552e-02
7.816077470779418945e-01 4.003953337669372559e-01
5.241316556930541992e-01 2.828052937984466553e-01
4.073147475719451904e-02 6.476233899593353271e-02
6.604623794555664062e-01 1.726750098168849945e-02
8.723089694976806641e-01 5.603849291801452637e-01
5.911211967468261719e-01 4.660806432366371155e-02
2.037286013364791870e-01 3.434767723083496094e-01
4.597979485988616943e-01 6.759786009788513184e-01
7.118592858314514160e-01 2.397925108671188354e-01
3.711743056774139404e-01 9.414932727813720703e-01
4.599892199039459229e-01 1.420054286718368530e-01
4.468737244606018066e-01 4.432391524314880371e-01
1.617258936166763306e-01 6.474770903587341309e-01
3.440406322479248047e-01 8.730723708868026733e-02
9.436781406402587891e-01 4.654010832309722900e-01
1.179236024618148804e-01 7.761567234992980957e-01
7.892265915870666504e-01 5.211503505706787109e-01
9.295597076416015625e-01 2.778734862804412842e-01
6.805868744850158691e-01 7.186992168426513672e-01
5.120718479156494141e-01 9.451045989990234375e-01
1.592622548341751099e-01 8.903237581253051758e-01
2.957675457000732422e-01 6.561074256896972656e-01
3.008638024330139160e-01 1.603366434574127197e-01
2.710717618465423584e-01 3.599946796894073486e-01
6.323782801628112793e-01 5.985878109931945801e-01
5.878010988235473633e-01 9.497125744819641113e-01
6.862926483154296875e-02 6.017552018165588379e-01
8.364095687866210938e-01 6.767936348915100098e-01
4.843189716339111328e-01 8.531759679317474365e-02
7.111025452613830566e-01 8.973376154899597168e-01
8.742976784706115723e-01 6.965980529785156250e-01
3.374711275100708008e-01 7.659634351730346680e-01
9.105544090270996094e-01 2.283101081848144531e-01
1.576172709465026855e-01 9.594326615333557129e-01
3.514282107353210449e-01 5.858165621757507324e-01
6.822152733802795410e-01 8.982805013656616211e-01
6.135829724371433258e-03 3.836566507816314697e-01
1.940871775150299072e-01 2.565851211547851562e-01
3.191992044448852539e-01 4.916914701461791992e-01
4.524027407169342041e-01 3.561672568321228027e-01
2.000456601381301880e-01 9.398766160011291504e-01
9.294204711914062500e-01 5.918725132942199707e-01
4.566082358360290527e-01 8.688907027244567871e-01
7.409732937812805176e-01 8.468158245086669922e-01
1.575361341238021851e-01 4.223867356777191162e-01
7.839666008949279785e-01 7.542942166328430176e-01
8.703636527061462402e-01 4.723213613033294678e-01
7.564045190811157227e-01 3.590298295021057129e-01
2.626172304153442383e-01 8.394725322723388672e-01
3.661693632602691650e-01 7.883587852120399475e-03
8.626701235771179199e-01 7.421771287918090820e-01
8.851402997970581055e-01 5.887748599052429199e-01
8.776424527168273926e-01 8.926287293434143066e-01
6.125066876411437988e-01 1.488414313644170761e-02
4.838837683200836182e-01 5.996440649032592773e-01
6.268115043640136719e-01 1.847481578588485718e-01
4.083046019077301025e-01 4.365568980574607849e-02
4.928523302078247070e-02 7.952923774719238281e-01
9.306785464286804199e-01 8.034078478813171387e-01
9.117233753204345703e-01 6.772146224975585938e-01
9.784184694290161133e-01 2.158511430025100708e-01
1.594053395092487335e-02 7.720050811767578125e-01
6.083291769027709961e-01 2.392223626375198364e-01
2.137010097503662109e-01 3.665463924407958984e-01
4.791468679904937744e-01 7.939528822898864746e-01
2.394319325685501099e-01 1.436648964881896973e-01
4.177505970001220703e-01 4.718530178070068359e-01
3.912769556045532227e-01 6.437196731567382812e-01
7.475759834051132202e-02 5.995254963636398315e-02
8.632448911666870117e-01 3.425738811492919922e-01
4.028593599796295166e-01 5.228109955787658691e-01
9.768425822257995605e-01 6.606492400169372559e-01
4.607797265052795410e-01 2.608269155025482178e-01
5.738820433616638184e-01 6.492034196853637695e-01
7.607728242874145508e-01 7.547960281372070312e-01
7.188402414321899414e-01 3.160177171230316162e-01
4.084153175354003906e-01 7.532794773578643799e-02
5.612471103668212891e-01 8.785801529884338379e-01
8.718171715736389160e-02 9.079921841621398926e-01
5.735592842102050781e-01 8.191862702369689941e-02
8.534842729568481445e-02 7.573934793472290039e-01
5.293838977813720703e-01 6.467049121856689453e-01
5.827710628509521484e-01 3.623196482658386230e-01
4.182690680027008057e-01 9.722634553909301758e-01
7.871958613395690918e-01 9.489136338233947754e-01
3.560441136360168457e-01 4.453590512275695801e-01
7.025983333587646484e-01 5.959430336952209473e-01
3.928959742188453674e-02 5.993757843971252441e-01
9.686118960380554199e-01 1.749248802661895752e-01
9.637861251831054688e-01 7.996000051498413086e-01
6.265152096748352051e-01 6.934922337532043457e-01
6.905449032783508301e-01 7.788249254226684570e-01
9.022988080978393555e-01 8.132323026657104492e-01
8.433561325073242188e-01 8.213897235691547394e-03
8.738716840744018555e-01 8.611336350440979004e-01
8.673750758171081543e-01 8.303837776184082031e-01
9.320151805877685547e-01 4.892348647117614746e-01
9.046832323074340820e-01 3.172398507595062256e-01
6.820911169052124023e-02 6.778820753097534180e-01
4.571532011032104492e-01 1.094816904515028000e-02
1.558156460523605347e-01 3.844139277935028076e-01
1.585571020841598511e-01 7.867769598960876465e-01
3.438000679016113281e-01 9.650390148162841797e-01
5.473897457122802734e-01 6.459606438875198364e-02
1.326990723609924316e-01 1.813325136899948120e-01
1.305128782987594604e-01 1.515231430530548096e-01
4.906967580318450928e-01 8.230392336845397949e-01
7.733130455017089844e-01 1.915800273418426514e-01
4.528827667236328125e-01 7.105489373207092285e-01
8.229576945304870605e-01 1.095595955848693848e-01
5.492676496505737305e-01 8.037993907928466797e-01
4.606556296348571777e-01 9.706755280494689941e-01
9.367181658744812012e-01 7.247762382030487061e-02
2.342664301395416260e-01 8.625844120979309082e-01
1.107412278652191162e-01 7.485937327146530151e-02
9.351721405982971191e-01 5.226541757583618164e-01
8.847642540931701660e-01 4.394405186176300049e-01
1.975130140781402588e-01 9.945273399353027344e-01
9.230533242225646973e-02 9.390195012092590332e-01
7.284262776374816895e-01 9.955935478210449219e-01
6.174162626266479492e-01 1.624619960784912109e-01
5.899977684020996094e-01 1.580071151256561279e-01
1.779082417488098145e-01 7.034667134284973145e-01
2.752577364444732666e-01 2.204667776823043823e-01
1.455800049006938934e-02 7.037783861160278320e-01
7.423493266105651855e-01 1.359197050333023071e-01
7.254049777984619141e-01 6.767017245292663574e-01
4.670846760272979736e-01 5.309557914733886719e-02
5.962160229682922363e-01 1.130527630448341370e-01
9.749197959899902344e-01 3.881451189517974854e-01
5.307153463363647461e-01 5.388813614845275879e-01
6.467217206954956055e-01 5.154184103012084961e-01
6.128525137901306152e-01 6.356390714645385742e-01
2.835028171539306641e-01 3.175581097602844238e-01
8.665754646062850952e-02 1.978631168603897095e-01
5.026364326477050781e-01 6.331000328063964844e-01
6.009826064109802246e-01 6.659735441207885742e-01
7.527616024017333984e-01 7.045260667800903320e-01
2.557151019573211670e-01 7.642379999160766602e-01
8.404474258422851562e-01 2.652803361415863037e-01
3.755301535129547119e-01 8.808850646018981934e-01
8.554747104644775391e-01 5.439906716346740723e-01
8.167496919631958008e-01 2.447323054075241089e-01
8.877325654029846191e-01 7.347315549850463867e-01
6.100816130638122559e-01 3.315810263156890869e-01
8.510695695877075195e-01 5.079159140586853027e-01
4.398179054260253906e-02 9.726933240890502930e-01
5.535902380943298340e-01 5.189218521118164062e-01
9.425212740898132324e-01 6.878726482391357422e-01
9.936204552650451660e-01 5.057858824729919434e-01
6.260030865669250488e-01 9.870437979698181152e-01
8.841783404350280762e-01 3.299031853675842285e-01
1.344201862812042236e-01 6.865045428276062012e-01
6.212581396102905273e-01 9.310557842254638672e-01
3.148486614227294922e-01 7.761909067630767822e-02
3.467633724212646484e-01 4.757518470287322998e-01
2.320211827754974365e-01 2.629285454750061035e-01
2.987095713615417480e-01 2.891674935817718506e-01
5.901607498526573181e-02 3.338215947151184082e-01
7.407719492912292480e-01 5.227872133255004883e-01
2.178160995244979858e-01 4.469649791717529297e-01
9.297508001327514648e-01 4.333686530590057373e-01
2.997020483016967773e-01 9.664231538772583008e-01
9.651173949241638184e-01 4.987844228744506836e-01
2.394053936004638672e-01 3.976930677890777588e-01
5.172589421272277832e-01 2.004100531339645386e-01
4.907792210578918457e-01 1.337480247020721436e-01
3.719064593315124512e-01 1.014948561787605286e-01
8.713189363479614258e-01 9.644540548324584961e-01
8.548671007156372070e-01 9.017558097839355469e-01
1.194516289979219437e-02 6.217927858233451843e-02
1.441852152347564697e-01 5.756653547286987305e-01
1.338102519512176514e-01 8.035082221031188965e-01
7.526241242885589600e-02 7.016236186027526855e-01
6.740258932113647461e-01 8.229202628135681152e-01
9.796139597892761230e-01 3.596119880676269531e-01
1.322231888771057129e-01 9.778277948498725891e-03
6.663125753402709961e-01 1.741102635860443115e-01
9.276167750358581543e-01 9.940797686576843262e-01
9.391043782234191895e-01 1.126551553606987000e-01
6.930750608444213867e-01 1.866214871406555176e-01
5.314429998397827148e-01 8.386059999465942383e-01
8.565059900283813477e-01 4.195661842823028564e-01
1.616670787334442139e-01 1.181419193744659424e-01
4.918789863586425781e-01 3.930754959583282471e-01
2.297789901494979858e-01 9.281635284423828125e-02
7.847154736518859863e-01 2.263561934232711792e-01
9.932790398597717285e-01 1.313940882682800293e-01
9.802610278129577637e-01 5.930936932563781738e-01
3.225476443767547607e-01 6.811915040016174316e-01
4.192599952220916748e-01 5.491871237754821777e-01
6.717771291732788086e-02 9.891973435878753662e-02
7.137016057968139648e-01 7.582451105117797852e-01
6.546061038970947266e-01 4.779250621795654297e-01
4.022691845893859863e-01 1.497340798377990723e-01
4.155233502388000488e-01 3.567448556423187256e-01
8.528654575347900391e-01 4.414927363395690918e-01
2.697172015905380249e-02 4.700046777725219727e-01
5.890229940414428711e-01 9.270133972167968750e-01
1.975236088037490845e-01 9.642719626426696777e-01
4.927321970462799072e-01 2.901201844215393066e-01
5.807201862335205078e-01 3.392583131790161133e-01
3.804117739200592041e-01 2.244954705238342285e-01
1.802861243486404419e-01 4.057924151420593262e-01
3.367186486721038818e-01 4.187761843204498291e-01
2.725902497768402100e-01 3.843837082386016846e-01
9.736796021461486816e-01 4.298148676753044128e-02
2.640599608421325684e-01 8.755871653556823730e-01
2.389665693044662476e-01 8.232061862945556641e-01
6.137239933013916016e-01 2.166564762592315674e-01
5.825852155685424805e-01 4.789175689220428467e-01
1.007487252354621887e-01 8.599329590797424316e-01
3.227385878562927246e-01 6.501684188842773438e-01
9.511545896530151367e-01 1.417391449213027954e-01
6.798768043518066406e-01 4.979647397994995117e-01
3.506809473037719727e-01 1.736552715301513672e-01
9.205802679061889648e-01 7.495309114456176758e-01
1.093215048313140869e-01 1.957194507122039795e-01
9.337656497955322266e-01 7.218719720840454102e-01
3.957498371601104736e-01 1.049308329820632935e-01
2.033737488090991974e-02 8.037307858467102051e-01
7.645194530487060547e-01 2.513257563114166260e-01
9.095131158828735352e-01 4.563016816973686218e-02
8.244338035583496094e-01 5.289463996887207031e-01
3.382465243339538574e-01 8.494068384170532227e-01
3.551759421825408936e-01 8.112952709197998047e-01
7.776078581809997559e-01 1.529673486948013306e-01
7.615538239479064941e-01 8.246208429336547852e-01
7.339642643928527832e-01 8.917430639266967773e-01
6.260488629341125488e-01 9.566424489021301270e-01
5.099653601646423340e-01 4.881878197193145752e-01
3.529095277190208435e-02 5.132990479469299316e-01
7.335197925567626953e-01 2.755299508571624756e-01
3.455004096031188965e-01 5.570340156555175781e-01
2.942547500133514404e-01 6.939324736595153809e-01
8.642337918281555176e-01 6.298171281814575195e-01
6.822448223829269409e-02 1.753836721181869507e-01
7.108945846557617188e-01 2.912733554840087891e-01
3.534257709980010986e-01 6.310913562774658203e-01
2.162883579730987549e-01 8.854164481163024902e-01
4.421018958091735840e-01 3.969955742359161377e-01
6.868181824684143066e-01 4.716362953186035156e-01
6.189100146293640137e-01 3.772651851177215576e-01
8.322312235832214355e-01 3.139264285564422607e-01
7.882384061813354492e-01 8.478887081146240234e-01
2.531701922416687012e-01 6.789517402648925781e-01
4.246169626712799072e-01 9.304357171058654785e-01
4.414891600608825684e-01 6.127803921699523926e-01
1.547291278839111328e-01 6.123861074447631836e-01
6.729821562767028809e-01 5.396357178688049316e-01
5.126206576824188232e-02 3.068766891956329346e-01
6.980827450752258301e-01 9.328349232673645020e-01
1.375179737806320190e-01 3.682031035423278809e-01
1.411934345960617065e-01 2.269382625818252563e-01
5.093566775321960449e-01 1.669863462448120117e-01
1.044491976499557495e-01 8.254117965698242188e-01
1.762021034955978394e-01 7.293435931205749512e-01
6.925897002220153809e-01 7.392460703849792480e-01
6.871994733810424805e-01 3.135762810707092285e-01
2.982663810253143311e-01 4.480865001678466797e-01
1.331397593021392822e-01 4.414177313446998596e-02
1.469893604516983032e-01 3.413865566253662109e-01
4.953873157501220703e-01 7.626249790191650391e-01
5.123471096158027649e-02 7.603551745414733887e-01
3.490547463297843933e-02 2.826553583145141602e-01
1.175760105252265930e-01 2.284829169511795044e-01
6.808066964149475098e-01 9.665699601173400879e-01
9.728046059608459473e-01 7.074232101440429688e-01
7.721619009971618652e-01 1.206059083342552185e-01
3.964955806732177734e-01 8.044356703758239746e-01
5.111976861953735352e-01 9.180155992507934570e-01
6.145531535148620605e-01 4.546633362770080566e-01
2.513619661331176758e-01 7.115970849990844727e-01
3.197146952152252197e-01 9.483895301818847656e-01
5.345268249511718750e-01 2.662570588290691376e-02
7.512810230255126953e-01 6.064276695251464844e-01
6.158683300018310547e-01 4.993754029273986816e-01
4.235824942588806152e-01 8.567551374435424805e-01
7.665614038705825806e-02 3.552548885345458984e-01
7.571824789047241211e-01 2.159688770771026611e-01
9.930853843688964844e-01 7.887572050094604492e-01
4.620759189128875732e-01 9.614245593547821045e-02
4.863837957382202148e-01 8.907650709152221680e-01
9.022465348243713379e-01 4.875296950340270996e-01
6.989106535911560059e-01 2.657791078090667725e-01
3.580749928951263428e-01 7.019209265708923340e-01
4.971130192279815674e-01 7.352627515792846680e-01
9.773788452148437500e-01 1.482387483119964600e-01
4.690606296062469482e-01 4.734925627708435059e-01
6.463890075683593750e-01 7.717180252075195312e-01
9.935868531465530396e-02 6.149324178695678711e-01
4.136397242546081543e-01 5.000479221343994141e-01
2.942999005317687988e-01 6.609330326318740845e-02
5.193744972348213196e-02 6.605273485183715820e-01
4.123986661434173584e-01 8.268455862998962402e-01
8.766887784004211426e-01 2.175945043563842773e-01
7.295976877212524414e-01 1.697411686182022095e-01
2.672288119792938232e-01 6.124949455261230469e-01
3.900058865547180176e-01 6.192013621330261230e-01
9.733627736568450928e-02 7.967308163642883301e-01
2.244587987661361694e-01 7.735357880592346191e-01
6.445960998535156250e-01 2.537925839424133301e-01
3.190808296203613281e-01 5.531231760978698730e-01
7.741857171058654785e-01 1.870519667863845825e-02
4.465888440608978271e-01 9.421564340591430664e-01
2.424311488866806030e-01 4.449661672115325928e-01
9.692416191101074219e-01 9.775124192237854004e-01
9.239680767059326172e-01 3.043304681777954102e-01
7.048981785774230957e-01 1.292743235826492310e-01
4.643763899803161621e-01 5.590494871139526367e-01
3.934895694255828857e-01 5.745730400085449219e-01
6.894922852516174316e-01 9.864251017570495605e-01
2.489795535802841187e-02 9.286673665046691895e-01
5.755980014801025391e-01 5.924249887466430664e-01
1.633511632680892944e-01 9.384600520133972168e-01
3.148658871650695801e-01 7.624806165695190430e-01
1.559791117906570435e-01 1.995232701301574707e-01
6.398443579673767090e-01 2.949650585651397705e-01
2.372264862060546875e-04 3.256107866764068604e-01
6.915943026542663574e-01 6.434391140937805176e-01
8.277278542518615723e-01 2.822358608245849609e-01
7.082329392433166504e-01 8.649399876594543457e-01
6.512042880058288574e-01 1.506059318780899048e-01
3.298300504684448242e-01 1.481397449970245361e-01
2.371246218681335449e-01 9.875232577323913574e-01
3.726930543780326843e-02 5.360141992568969727e-01
9.838496446609497070e-01 7.201088964939117432e-02
3.342091441154479980e-01 8.956856131553649902e-01
6.724079251289367676e-01 7.593474984169006348e-01
8.730929493904113770e-01 5.128264427185058594e-01
6.593539118766784668e-01 3.742280006408691406e-01
5.771637558937072754e-01 9.703773260116577148e-01
2.807700335979461670e-01 9.111721515655517578e-01
4.909039139747619629e-01 6.525385379791259766e-01
5.741466283798217773e-01 2.355232089757919312e-01
3.460239619016647339e-02 4.105658829212188721e-01
8.531004190444946289e-02 5.087799429893493652e-01
2.725340127944946289e-01 5.743864178657531738e-01
1.935651153326034546e-01 9.145635366439819336e-02
5.011796951293945312e-01 4.742614924907684326e-02
7.876670360565185547e-01 4.737788140773773193e-01
9.878830909729003906e-01 7.373478412628173828e-01
2.793872952461242676e-01 9.984419941902160645e-01
9.747393131256103516e-01 1.085703969001770020e-01
1.097516044974327087e-01 5.042191147804260254e-01
1.830331236124038696e-01 4.626349508762359619e-01
7.375949621200561523e-01 4.156832098960876465e-01
5.459926724433898926e-01 3.625491559505462646e-01
9.200242161750793457e-02 4.650245010852813721e-01
3.388217985630035400e-01 3.479143977165222168e-01
2.761683464050292969e-01 5.072085261344909668e-01
1.042942702770233154e-01 4.515787214040756226e-02
8.389942049980163574e-01 7.252869009971618652e-01
1.452258378267288208e-01 9.151015281677246094e-01
8.927084207534790039e-01 3.679941296577453613e-01
4.152344763278961182e-01 3.819393515586853027e-01
7.623277902603149414e-01 8.999513387680053711e-01
7.026489078998565674e-02 5.412719845771789551e-01
9.779648184776306152e-01 3.287426829338073730e-01
2.672387957572937012e-01 7.070263475179672241e-02
4.314395189285278320e-01 8.993571400642395020e-01
2.815861403942108154e-01 4.065266996622085571e-02
1.704671233892440796e-01 8.607665896415710449e-01
9.039488434791564941e-01 8.364996314048767090e-01
5.625354051589965820e-01 7.375063300132751465e-01
7.495097517967224121e-01 4.644552171230316162e-01
1.182220503687858582e-01 4.394348859786987305e-01
1.556467115879058838e-01 5.445396900177001953e-01
2.196357399225234985e-01 8.054320216178894043e-01
6.386299133300781250e-01 6.205787062644958496e-01
2.314032241702079773e-02 2.251622676849365234e-01
8.053355216979980469e-01 1.788113266229629517e-01
5.132091045379638672e-01 5.739440321922302246e-01
6.986829638481140137e-01 6.897642612457275391e-01
8.869769573211669922e-01 1.205500662326812744e-01
9.712840318679809570e-01 2.483136253431439400e-03
1.054702512919902802e-02 6.082585453987121582e-01
9.615546464920043945e-01 4.063578546047210693e-01
6.402694582939147949e-01 8.985152840614318848e-01
2.556116580963134766e-01 3.346041738986968994e-01
9.114840030670166016e-01 9.291666746139526367e-01
7.584828883409500122e-02 9.882822036743164062e-01
7.387490868568420410e-01 3.355975151062011719e-01
3.805688917636871338e-01 9.737296104431152344e-01
3.041109442710876465e-02 2.523859441280364990e-01
7.672781944274902344e-01 5.043466687202453613e-01
1.006238237023353577e-01 1.187148988246917725e-01
9.718564152717590332e-02 4.387778341770172119e-01
6.539571285247802734e-01 1.979179531335830688e-01
3.360356986522674561e-01 2.663193643093109131e-01
9.800810813903808594e-01 5.585395097732543945e-01
1.157243251800537109e-01 6.615161895751953125e-01
4.174897074699401855e-01 6.166614294052124023e-01
9.594538211822509766e-01 2.742350101470947266e-01
9.201750159263610840e-01 9.679663181304931641e-01
3.273572921752929688e-01 2.854630947113037109e-01
9.099400639533996582e-01 8.680742979049682617e-02
5.269988775253295898e-01 7.641323804855346680e-01
3.680923283100128174e-01 2.564395070075988770e-01
8.329918384552001953e-01 8.475027084350585938e-01
4.415681362152099609e-01 4.702056348323822021e-01
3.773474097251892090e-01 8.510275483131408691e-01
1.579262316226959229e-01 5.444145947694778442e-02
2.060041427612304688e-01 2.269468009471893311e-01
6.033482551574707031e-01 7.564073204994201660e-01
2.511151134967803955e-01 4.983276128768920898e-01
4.444170594215393066e-01 2.192270010709762573e-01
6.179724335670471191e-01 5.398416519165039062e-01
7.624179720878601074e-01 8.716551065444946289e-01
