4.084647595882415771e-01 5.787430405616760254e-01
5.313923954963684082e-01 2.918330729007720947e-01
6.972738504409790039e-01 4.412495195865631104e-01
8.341454863548278809e-01 4.220466315746307373e-01
5.974878072738647461e-01 4.271656274795532227e-01
8.386674523353576660e-01 7.423197031021118164e-01
5.236294269561767578e-01 7.443610429763793945e-01
6.284103989601135254e-01 2.457416504621505737e-01
6.234899163246154785e-01 8.040419816970825195e-01
2.240148484706878662e-01 8.584378361701965332e-01
2.813281714916229248e-01 2.919036448001861572e-01
8.875200152397155762e-01 4.056925326585769653e-02
4.414287209510803223e-01 4.982382655143737793e-01
9.881378412246704102e-01 8.802512884140014648e-01
2.811920270323753357e-02 1.540963202714920044e-01
3.687172532081604004e-01 5.688530802726745605e-01
5.943291187286376953e-01 7.674274444580078125e-01
2.579924464225769043e-01 7.653202414512634277e-01
8.709735274314880371e-01 5.524352788925170898e-01
2.591102719306945801e-01 2.085197418928146362e-01
9.978849291801452637e-01 4.156803190708160400e-01
4.764376580715179443e-01 6.628451347351074219e-01
3.511470854282379150e-01 5.039786696434020996e-01
6.682156324386596680e-01 6.906276941299438477e-02
6.833221912384033203e-01 9.995355010032653809e-01
5.299482941627502441e-01 3.225497668609023094e-03
9.380802512168884277e-01 7.339466214179992676e-01
8.909786343574523926e-01 4.863054454326629639e-01
3.504661619663238525e-01 7.828311324119567871e-01
6.011624336242675781e-01 5.022332072257995605e-01
2.283729463815689087e-01 7.602516412734985352e-01
2.073668241500854492e-01 4.993667304515838623e-01
2.674683630466461182e-01 9.938213825225830078e-01
9.309162497520446777e-01 8.435148000717163086e-01
1.423206329345703125e-01 2.038697302341461182e-01
5.315232872962951660e-01 4.560409188270568848e-01
5.096012949943542480e-01 4.031411707401275635e-01
4.042528942227363586e-02 9.689429402351379395e-01
4.210213124752044678e-01 6.963991522789001465e-01
6.970527172088623047e-01 2.972864210605621338e-01
8.845275044441223145e-01 1.873011291027069092e-01
2.016638219356536865e-01 8.686104416847229004e-02
7.127800583839416504e-01 5.931478142738342285e-01
1.546438038349151611e-01 4.316439032554626465e-01
1.051207929849624634e-01 7.355036735534667969e-01
4.755821824073791504e-01 6.789206713438034058e-02
9.110091626644134521e-02 9.399111866950988770e-01
3.776968717575073242e-01 5.986806154251098633e-01
1.497116684913635254e-01 5.477661490440368652e-01
5.604791641235351562e-01 3.523287475109100342e-01
6.706700325012207031e-01 8.677420616149902344e-01
9.594243764877319336e-01 9.578313231468200684e-01
5.489515066146850586e-01 8.185045123100280762e-01
5.999644100666046143e-02 5.917075276374816895e-01
3.925788700580596924e-01 5.525415539741516113e-01
4.895544946193695068e-01 1.877999007701873779e-01
8.800853043794631958e-02 7.153967022895812988e-01
2.007038146257400513e-01 2.014835327863693237e-01
7.260208576917648315e-02 6.619750857353210449e-01
2.861526310443878174e-01 6.226091086864471436e-02
3.703047633171081543e-01 8.280926346778869629e-01
3.945879936218261719e-01 4.505921900272369385e-01
8.158029317855834961e-01 3.331982791423797607e-01
9.801601767539978027e-01 5.018323063850402832e-01
1.238467693328857422e-01 1.255829632282257080e-01
4.644863903522491455e-01 3.305299580097198486e-01
3.953720629215240479e-01 9.964477419853210449e-01
4.324162006378173828e-01 6.647396087646484375e-01
4.332444369792938232e-01 2.825760543346405029e-01
6.416776031255722046e-02 7.021172046661376953e-01
4.081371724605560303e-01 4.833534061908721924e-01
4.313650131225585938e-01 5.382044911384582520e-01
1.665530204772949219e-01 5.643275976181030273e-01
7.739115357398986816e-01 1.793460100889205933e-01
4.599376618862152100e-01 9.720891118049621582e-01
8.519688248634338379e-01 3.175715208053588867e-01
7.445419430732727051e-01 7.665780782699584961e-01
3.915822505950927734e-01 2.846221923828125000e-01
4.188278317451477051e-01 7.798665165901184082e-01
9.616371989250183105e-01 8.891202807426452637e-01
2.805284261703491211e-01 1.118925511837005615e-01
6.027582660317420959e-02 2.291967421770095825e-01
7.466377019882202148e-01 7.982145249843597412e-02
6.446190476417541504e-01 4.289514124393463135e-01
6.949046850204467773e-01 3.313519060611724854e-01
2.313001751899719238e-01 3.053819835186004639e-01
3.776080906391143799e-02 9.396443963050842285e-01
7.945260405540466309e-01 7.198621034622192383e-01
8.344371914863586426e-01 6.033503413200378418e-01
9.091268181800842285e-01 6.843343973159790039e-01
9.212246537208557129e-02 4.748958051204681396e-01
9.299655556678771973e-01 1.653930544853210449e-01
3.686641454696655273e-01 2.537306845188140869e-01
3.499975502490997314e-01 5.409238338470458984e-01
6.271370053291320801e-01 6.894891858100891113e-01
1.014422029256820679e-01 5.473812669515609741e-02
4.291690289974212646e-01 4.086514413356781006e-01
8.530563712120056152e-01 4.777569472789764404e-01
9.283775687217712402e-01 6.023896336555480957e-01
6.558694243431091309e-01 3.591709434986114502e-01
1.263345219194889069e-02 3.825241625308990479e-01
2.119002491235733032e-01 8.366618156433105469e-01
6.565431952476501465e-01 8.460033535957336426e-01
5.232501029968261719e-01 6.919328570365905762e-01
5.074544548988342285e-01 5.211726427078247070e-01
1.230883449316024780e-01 7.125098705291748047e-01
4.415328502655029297e-01 5.989955738186836243e-02
9.140040874481201172e-01 7.896406054496765137e-01
9.380275011062622070e-01 4.540846347808837891e-01
4.998848736286163330e-01 7.137570530176162720e-02
4.418592453002929688e-01 6.010107994079589844e-01
8.818486928939819336e-01 2.726376354694366455e-01
6.805598139762878418e-01 9.612584710121154785e-01
9.074074029922485352e-01 8.293131589889526367e-01
5.369146466255187988e-01 2.462609559297561646e-01
9.250257611274719238e-01 5.411373823881149292e-02
1.517795622348785400e-01 1.252356171607971191e-01
5.802629590034484863e-01 4.950874745845794678e-01
1.804949045181274414e-01 7.043540477752685547e-01
7.326837778091430664e-01 6.835148334503173828e-01
7.591037154197692871e-01 4.466667175292968750e-01
5.030627250671386719e-01 5.519948005676269531e-01
3.108729422092437744e-01 8.638648986816406250e-01
4.221408963203430176e-01 7.925574481487274170e-02
6.003827452659606934e-01 1.094681769609451294e-01
8.101919293403625488e-01 6.894633173942565918e-01
5.555293560028076172e-01 2.959854006767272949e-01
4.836056232452392578e-01 4.097841680049896240e-01
8.594755083322525024e-02 8.114498257637023926e-01
3.469577729701995850e-01 2.794028222560882568e-01
9.804505109786987305e-01 7.842591404914855957e-01
7.390357255935668945e-01 5.641472935676574707e-01
9.298779964447021484e-01 4.202595949172973633e-01
5.933566093444824219e-01 1.473248749971389771e-01
5.596635937690734863e-01 6.942210346460342407e-02
4.019958376884460449e-01 2.421417981386184692e-01
2.335281819105148315e-01 1.322287768125534058e-01
5.930746197700500488e-01 8.037613630294799805e-01
1.758380234241485596e-01 1.919892989099025726e-02
6.009396910667419434e-01 3.664170503616333008e-01
8.523153513669967651e-02 3.665699958801269531e-01
7.277672737836837769e-02 4.110615849494934082e-01
8.634613156318664551e-01 9.298540949821472168e-01
7.423240542411804199e-01 4.214484095573425293e-01
1.288963947445154190e-02 8.953971266746520996e-01
7.341144680976867676e-01 8.488610982894897461e-01
1.211973577737808228e-01 9.668944031000137329e-02
6.417943239212036133e-01 1.007627174258232117e-01
2.679082155227661133e-01 7.421084046363830566e-01
6.586469411849975586e-01 2.180112153291702271e-02
6.532194018363952637e-01 2.441365420818328857e-01
6.981825828552246094e-02 8.500277251005172729e-02
9.632694721221923828e-01 8.496577739715576172e-01
2.534258663654327393e-01 8.301348090171813965e-01
4.392590820789337158e-01 9.542990326881408691e-01
4.328659176826477051e-01 2.110831588506698608e-01
7.813777327537536621e-01 9.152584671974182129e-01
7.910265922546386719e-01 8.107663393020629883e-01
9.340637922286987305e-01 8.709748983383178711e-01
7.150107026100158691e-01 8.652132749557495117e-02
7.875008583068847656e-01 1.290457993745803833e-01
9.069547057151794434e-01 4.634670615196228027e-01
2.134910970926284790e-01 3.204613924026489258e-01
6.265192627906799316e-01 6.254517436027526855e-01
4.872423708438873291e-01 3.504619896411895752e-01
1.818678826093673706e-01 6.162439584732055664e-01
2.616476416587829590e-01 3.384170234203338623e-01
2.313710004091262817e-01 1.836883276700973511e-01
8.074230551719665527e-01 8.661127090454101562e-01
1.331872493028640747e-01 1.824039407074451447e-02
4.462794959545135498e-01 2.406282126903533936e-01
4.542973935604095459e-01 5.229034423828125000e-01
6.909049153327941895e-01 2.677614986896514893e-01
6.601451039314270020e-01 9.342769980430603027e-01
6.863316893577575684e-02 2.688449919223785400e-01
7.762281894683837891e-01 3.557007312774658203e-01
2.920702695846557617e-01 9.422126412391662598e-01
8.227828145027160645e-01 5.036392807960510254e-01
8.821272253990173340e-01 7.817740440368652344e-01
1.478344202041625977e-01 8.963564634323120117e-01
2.682266533374786377e-01 6.327375769615173340e-01
9.790043830871582031e-01 1.162509992718696594e-01
8.157205767929553986e-03 7.977219820022583008e-01
8.584968447685241699e-01 8.087215423583984375e-01
4.471736252307891846e-01 9.145321249961853027e-01
6.319090127944946289e-01 2.959886752068996429e-02
8.377385735511779785e-01 2.735852003097534180e-01
6.660519838333129883e-01 5.241523385047912598e-01
7.719581723213195801e-01 2.500879168510437012e-01
5.097607374191284180e-01 9.895120263099670410e-01
5.884602069854736328e-01 7.303298115730285645e-01
1.501459032297134399e-01 7.384377717971801758e-01
4.192254245281219482e-01 4.675734415650367737e-02
3.577507436275482178e-01 2.011700160801410675e-02
9.861320257186889648e-02 4.400760829448699951e-01
3.403154611587524414e-01 3.416619077324867249e-02
9.987059831619262695e-01 7.341495156288146973e-01
9.131078720092773438e-01 8.929452896118164062e-01
9.920025467872619629e-01 8.349732160568237305e-01
6.782593727111816406e-01 1.481221765279769897e-01
3.911340609192848206e-02 8.805788159370422363e-01
7.545108199119567871e-01 9.778506159782409668e-01
6.927335858345031738e-01 6.556019186973571777e-01
4.770949482917785645e-01 2.289577722549438477e-01
3.328962922096252441e-01 1.356876343488693237e-01
7.279722690582275391e-01 9.291834831237792969e-01
5.880124568939208984e-01 9.049430489540100098e-01
9.625622630119323730e-01 6.926845759153366089e-02
4.362291395664215088e-01 8.071597218513488770e-01
2.103385925292968750e-01 7.346224784851074219e-01
2.483699023723602295e-01 6.631528139114379883e-01
3.129687160253524780e-02 6.688367724418640137e-01
2.911947295069694519e-02 4.259136319160461426e-01
5.576478242874145508e-01 8.502449989318847656e-01
1.030845120549201965e-01 8.803897500038146973e-01
3.285072743892669678e-02 9.911929368972778320e-01
4.636413604021072388e-02 1.621003001928329468e-01
8.136626332998275757e-02 6.212421506643295288e-02
3.617660999298095703e-01 4.307064116001129150e-01
3.212577998638153076e-01 9.305307865142822266e-01
6.209456920623779297e-01 1.266131550073623657e-01
4.116786718368530273e-01 3.585420846939086914e-01
1.253289431333541870e-01 6.739809364080429077e-02
4.188397824764251709e-01 2.587764859199523926e-01
4.758382141590118408e-01 6.190583109855651855e-01
4.941622018814086914e-01 7.708185315132141113e-01
3.314309418201446533e-01 3.336923420429229736e-01
1.041380912065505981e-01 6.238582730293273926e-01
2.020801305770874023e-01 8.033335208892822266e-01
7.084959149360656738e-01 2.217360287904739380e-01
4.684625864028930664e-01 2.071618437767028809e-01
2.670737206935882568e-01 8.569859862327575684e-01
3.743676841259002686e-01 6.775803565979003906e-01
8.661096096038818359e-01 4.299194216728210449e-01
1.617210060358047485e-01 1.472175568342208862e-01
2.269490808248519897e-01 4.694732129573822021e-01
1.565386801958084106e-01 9.313774108886718750e-02
2.454010099172592163e-01 9.780053496360778809e-01
7.722282409667968750e-01 5.184078589081764221e-02
5.503007173538208008e-01 6.396104693412780762e-01
2.341795414686203003e-01 3.464579880237579346e-01
9.241538047790527344e-01 7.623315453529357910e-01
6.927608251571655273e-01 3.365832567214965820e-02
8.145211935043334961e-01 5.793966054916381836e-01
1.154175698757171631e-01 3.167404532432556152e-01
7.742033004760742188e-01 4.833182990550994873e-01
4.318179190158843994e-01 1.202928200364112854e-01
8.021755218505859375e-01 5.605724453926086426e-01
3.026431500911712646e-01 5.882965326309204102e-01
2.489664852619171143e-01 2.289584130048751831e-01
1.186606734991073608e-01 9.078435301780700684e-01
2.837245464324951172e-01 2.329404801130294800e-01
2.150142192840576172e-01 6.443648338317871094e-01
5.670291781425476074e-01 7.493837475776672363e-01
3.508728146553039551e-01 6.523763537406921387e-01
4.504670798778533936e-01 3.620687723159790039e-01
8.046554327011108398e-01 1.610773652791976929e-01
5.683231949806213379e-01 3.517045825719833374e-02
9.870310425758361816e-01 9.089621156454086304e-02
9.313779473304748535e-01 3.363493382930755615e-01
3.089228868484497070e-01 1.500028371810913086e-01
7.057369351387023926e-01 8.942734599113464355e-01
6.203965470194816589e-02 9.480599164962768555e-01
8.929471373558044434e-01 3.368152379989624023e-01
5.047070384025573730e-01 9.286277890205383301e-01
8.663365244865417480e-01 1.243485063314437866e-01
1.073409058153629303e-02 4.630866348743438721e-01
1.874909996986389160e-01 9.493664503097534180e-01
3.850655555725097656e-01 9.170841574668884277e-01
4.775186777114868164e-01 9.125117063522338867e-01
6.687698960304260254e-01 3.207375705242156982e-01
6.199423670768737793e-01 4.357307553291320801e-01
9.576526284217834473e-02 2.191718667745590210e-02
9.924508333206176758e-01 6.836017966270446777e-02
9.421015381813049316e-01 2.086132615804672241e-01
1.311185359954833984e-01 1.840884834527969360e-01
7.261809706687927246e-01 7.978600263595581055e-01
3.491656482219696045e-01 9.070721268653869629e-01
3.661510348320007324e-01 9.851995110511779785e-01
6.917529106140136719e-01 7.851631045341491699e-01
9.096908569335937500e-01 8.806265145540237427e-02
6.218926906585693359e-01 2.674823999404907227e-01
6.856077909469604492e-01 9.151809215545654297e-01
1.048550382256507874e-01 5.122005343437194824e-01
2.689427733421325684e-01 5.411278009414672852e-01
1.751199066638946533e-01 4.561819434165954590e-01
1.759244203567504883e-01 9.034159183502197266e-01
3.778764009475708008e-01 3.278860449790954590e-01
4.374270793050527573e-03 5.051409243606030941e-04
9.601253867149353027e-01 6.381235122680664062e-01
1.188435927033424377e-01 9.942625761032104492e-01
7.690801620483398438e-01 2.174924127757549286e-02
9.721093177795410156e-01 6.035305261611938477e-01
9.245924949645996094e-01 3.595646917819976807e-01
8.350586891174316406e-01 3.922846317291259766e-01
2.342939972877502441e-01 8.905366659164428711e-01
5.191900134086608887e-01 4.323585629463195801e-01
8.543100357055664062e-01 1.400568187236785889e-01
9.790887236595153809e-01 2.760907113552093506e-01
8.377750515937805176e-01 8.927212953567504883e-01
7.856279015541076660e-01 9.704486131668090820e-01
3.327395021915435791e-01 3.997406363487243652e-01
2.800780162215232849e-02 7.069678306579589844e-01
9.287406690418720245e-03 5.639514923095703125e-01
3.318668305873870850e-01 9.923788309097290039e-01
6.331813931465148926e-01 3.563101291656494141e-01
7.933802604675292969e-01 5.138842463493347168e-01
6.195948719978332520e-01 5.665130019187927246e-01
5.430045723915100098e-01 2.219136506319046021e-01
9.603955149650573730e-01 3.492830395698547363e-01
2.585178613662719727e-01 3.040665388107299805e-01
4.135617613792419434e-01 7.585720419883728027e-01
2.353435903787612915e-01 2.773105800151824951e-01
1.465457230806350708e-01 3.449092507362365723e-01
9.791466593742370605e-01 1.527391225099563599e-01
3.232744056731462479e-03 3.245641887187957764e-01
7.551438808441162109e-01 2.731817066669464111e-01
2.173896580934524536e-01 4.881228879094123840e-02
3.434861302375793457e-01 5.797861218452453613e-01
3.875545859336853027e-01 3.499060869216918945e-02
3.649506270885467529e-01 4.606831073760986328e-01
1.593690365552902222e-01 5.606481060385704041e-02
7.224753499031066895e-01 1.232631783932447433e-02
4.056485295295715332e-01 6.513831615447998047e-01
3.440278172492980957e-01 8.691813349723815918e-01
8.945040106773376465e-01 4.434455335140228271e-01
1.657905429601669312e-01 8.608918786048889160e-01
1.838271170854568481e-01 8.333914875984191895e-01
3.730262815952301025e-01 6.357554793357849121e-01
9.785598516464233398e-01 3.003553450107574463e-01
7.107740640640258789e-01 7.699670791625976562e-01
7.136420607566833496e-01 4.775991141796112061e-01
8.841186761856079102e-01 1.104738116264343262e-01
3.126733601093292236e-01 5.048418641090393066e-01
8.789577484130859375e-01 5.143549442291259766e-01
9.034674763679504395e-01 7.491256594657897949e-01
7.037631273269653320e-01 1.162418425083160400e-01
4.559745788574218750e-01 5.765978693962097168e-01
9.615326523780822754e-01 1.853087544441223145e-01
6.359649300575256348e-01 9.956482648849487305e-01
4.630981385707855225e-01 8.835626244544982910e-01
5.774881839752197266e-01 5.578544735908508301e-01
6.295608729124069214e-02 8.712207078933715820e-01
3.299071192741394043e-01 9.568250179290771484e-01
1.786633729934692383e-01 3.585625886917114258e-01
3.095103800296783447e-01 3.772658109664916992e-01
8.036827445030212402e-01 5.998934507369995117e-01
3.264558911323547363e-01 3.037262558937072754e-01
7.379351854324340820e-01 3.592624664306640625e-01
6.663891673088073730e-01 4.979869127273559570e-01
1.520246118307113647e-01 6.735219359397888184e-01
4.428047239780426025e-01 7.312522735446691513e-03
2.696045637130737305e-01 5.741494894027709961e-01
5.949180722236633301e-01 2.388863116502761841e-01
3.183294236660003662e-01 6.842423677444458008e-01
9.844063520431518555e-01 2.087838798761367798e-01
3.520866334438323975e-01 3.441549539566040039e-01
2.769589126110076904e-01 4.594255983829498291e-01
2.018960118293762207e-01 3.453866541385650635e-01
8.358049392700195312e-01 6.130201742053031921e-02
1.885194703936576843e-02 6.495298743247985840e-01
1.548589579761028290e-02 9.276961684226989746e-01
2.183977812528610229e-01 5.687295794486999512e-01
4.117422699928283691e-01 4.347772300243377686e-01
7.311589121818542480e-01 6.549994945526123047e-01
3.543402254581451416e-01 1.452903151512145996e-01
6.680481433868408203e-01 3.903496265411376953e-01
1.421143710613250732e-01 6.087812185287475586e-01
7.992942333221435547e-01 3.614174127578735352e-01
7.407268881797790527e-02 3.096618950366973877e-01
4.797206819057464600e-01 8.584003448486328125e-01
9.031731486320495605e-01 3.088790774345397949e-01
8.333129882812500000e-01 3.616571426391601562e-01
1.068739444017410278e-01 1.700572073459625244e-01
5.565665960311889648e-01 7.306171059608459473e-01
9.398758411407470703e-01 5.427381992340087891e-01
7.393897771835327148e-01 7.187203168869018555e-01
6.057266145944595337e-02 1.204740256071090698e-01
8.296450972557067871e-01 7.850697636604309082e-01
5.698695182800292969e-01 5.820485949516296387e-01
2.378324121236801147e-01 6.160923838615417480e-01
8.874032497406005859e-01 3.636077344417572021e-01
6.036703586578369141e-01 5.331255197525024414e-01
3.032951056957244873e-01 3.036509752273559570e-01
4.692883044481277466e-02 5.526226758956909180e-01
3.829483985900878906e-01 3.552680015563964844e-01
9.267412871122360229e-02 2.858241498470306396e-01
2.139257937669754028e-01 2.437014132738113403e-01
8.628738522529602051e-01 9.193819761276245117e-02
6.757268309593200684e-01 4.117018580436706543e-01
7.458037734031677246e-01 2.388884425163269043e-01
2.022781781852245331e-02 7.556058168411254883e-01
6.334100365638732910e-01 5.089889764785766602e-01
3.892967998981475830e-01 9.475315213203430176e-01
7.924032211303710938e-01 7.790083289146423340e-01
2.631540000438690186e-01 4.311567842960357666e-01
6.117252111434936523e-01 9.282063841819763184e-01
6.627126932144165039e-01 7.868821024894714355e-01
5.450937151908874512e-01 7.719625830650329590e-01
9.875044822692871094e-01 7.155289053916931152e-01
5.233535766601562500e-01 1.065410003066062927e-01
2.929717600345611572e-01 4.179363250732421875e-01
2.266492843627929688e-01 1.555029749870300293e-01
5.981425642967224121e-01 6.050287485122680664e-01
4.792564734816551208e-02 6.265020370483398438e-01
1.128998473286628723e-01 3.989128470420837402e-01
9.952183067798614502e-02 6.735695600509643555e-01
3.220269680023193359e-01 7.226982712745666504e-02
1.566711366176605225e-01 3.802292048931121826e-01
5.020785927772521973e-01 2.307297587394714355e-01
6.531233191490173340e-01 6.052415370941162109e-01
3.479630453512072563e-03 5.274521708488464355e-01
1.603989601135253906e-01 9.647627472877502441e-01
2.368587106466293335e-01 8.150134086608886719e-01
4.934379458427429199e-01 9.577326774597167969e-01
1.579771041870117188e-01 5.012280344963073730e-01
9.320762157440185547e-01 3.031437285244464874e-02
5.102506875991821289e-01 2.606758475303649902e-01
8.413072228431701660e-01 9.262909889221191406e-01
8.726879954338073730e-01 8.390036821365356445e-01
9.011960029602050781e-01 2.446860820055007935e-01
9.160617589950561523e-01 2.805151939392089844e-01
8.987473845481872559e-01 1.399053819477558136e-02
6.743600964546203613e-01 2.433103919029235840e-01
2.290634065866470337e-01 6.853679418563842773e-01
1.991673409938812256e-01 1.311789453029632568e-01
5.686163902282714844e-01 1.289709061384201050e-01
4.030403196811676025e-01 8.143309950828552246e-01
6.875873804092407227e-01 2.181374132633209229e-01
6.704821586608886719e-01 7.497339844703674316e-01
2.223412394523620605e-01 1.033526360988616943e-01
8.020474910736083984e-01 3.851878643035888672e-01
2.806453406810760498e-01 5.185435414314270020e-01
1.526399999856948853e-01 2.924489974975585938e-01
5.240963101387023926e-01 8.565955162048339844e-01
7.223869115114212036e-02 2.120272489264607430e-03
4.469213485717773438e-01 1.829450577497482300e-01
3.246624469757080078e-01 6.214022040367126465e-01
3.500869870185852051e-01 6.136202812194824219e-01
7.637005448341369629e-01 8.384764194488525391e-01
1.615162938833236694e-01 9.352009296417236328e-01
9.050268530845642090e-01 4.098725020885467529e-01
4.567903280258178711e-02 2.690433859825134277e-01
3.392000496387481689e-02 3.910233676433563232e-01
2.286750078201293945e-01 5.176792740821838379e-01
9.446147084236145020e-01 2.315516769886016846e-01
8.660063743591308594e-01 3.832903802394866943e-01
6.396706700325012207e-01 5.452391505241394043e-01
3.648567795753479004e-01 8.503761291503906250e-01
8.598762750625610352e-01 6.312157958745956421e-02
3.035678863525390625e-01 7.188650369644165039e-01
2.034854143857955933e-01 2.746277153491973877e-01
1.871994286775588989e-01 6.344883143901824951e-02
1.552497595548629761e-01 2.306528091430664062e-01
5.355374217033386230e-01 3.284749686717987061e-01
2.056446224451065063e-01 6.853438615798950195e-01
1.370895653963088989e-01 8.252896070480346680e-01
9.806351661682128906e-01 9.197523593902587891e-01
5.981507301330566406e-01 6.304557919502258301e-01
7.935664057731628418e-01 3.115838170051574707e-01
8.752232789993286133e-01 7.091610431671142578e-01
6.016728281974792480e-01 5.650369822978973389e-02
3.738153576850891113e-01 3.812727034091949463e-01
7.638500332832336426e-01 3.297185301780700684e-01
6.359010189771652222e-02 4.620610177516937256e-01
5.697913765907287598e-01 5.298134684562683105e-01
1.351346727460622787e-02 1.926255524158477783e-01
9.097719788551330566e-01 5.163992643356323242e-01
3.834486901760101318e-01 1.354403048753738403e-01
9.975245594978332520e-01 1.696153581142425537e-01
1.819729804992675781e-01 4.847588241100311279e-01
4.649607837200164795e-01 7.816289067268371582e-01
2.847335040569305420e-01 1.971762478351593018e-01
3.871115744113922119e-01 7.214573025703430176e-01
3.004717826843261719e-01 5.481431484222412109e-01
3.624831140041351318e-01 1.712109595537185669e-01
6.707267761230468750e-01 7.161493301391601562e-01
7.623472064733505249e-02 4.994935989379882812e-01
3.039641976356506348e-01 2.122848108410835266e-02
6.849006414413452148e-01 4.765012860298156738e-01
7.699448466300964355e-01 6.120493412017822266e-01
2.399100214242935181e-01 7.901663184165954590e-01
3.854996860027313232e-01 1.851883977651596069e-01
7.666855454444885254e-01 7.338719964027404785e-01
4.736078679561614990e-01 2.622001469135284424e-01
8.398790359497070312e-01 6.547968387603759766e-01
4.783008098602294922e-01 5.949103832244873047e-01
6.290555000305175781e-02 8.289222717285156250e-01
3.566110134124755859e-01 2.055302709341049194e-01
5.092884972691535950e-02 1.954461783170700073e-01
1.641408354043960571e-01 1.748167127370834351e-01
8.530088067054748535e-01 7.576541900634765625e-01
9.288879036903381348e-01 1.412655264139175415e-01
3.387881517410278320e-01 2.522035539150238037e-01
9.110321998596191406e-01 5.396317839622497559e-01
6.122063994407653809e-01 9.884829521179199219e-01
7.529304623603820801e-01 6.296563744544982910e-01
5.298069119453430176e-01 5.186689496040344238e-01
4.704995751380920410e-01 5.503996014595031738e-01
3.730852901935577393e-01 4.108287990093231201e-01
9.299148321151733398e-01 4.891612231731414795e-01
4.115163981914520264e-01 1.107553616166114807e-01
3.024385571479797363e-01 9.106916785240173340e-01
5.447838902473449707e-01 7.100825309753417969e-01
5.358658432960510254e-01 6.706708073616027832e-01
2.543780207633972168e-01 7.040132284164428711e-01
4.449352025985717773e-01 7.572945952415466309e-01
4.898040294647216797e-01 1.420070044696331024e-02
6.365533471107482910e-01 9.567746520042419434e-01
8.448787033557891846e-02 8.634193539619445801e-01
9.087827205657958984e-01 9.786797165870666504e-01
8.139082789421081543e-01 6.497279405593872070e-01
4.676526784896850586e-01 1.558101773262023926e-01
9.231498837471008301e-01 5.766291022300720215e-01
9.870529174804687500e-01 3.593229949474334717e-01
4.368017986416816711e-02 3.358815610408782959e-01
1.105596572160720825e-01 7.594668269157409668e-01
6.180292367935180664e-01 7.383427619934082031e-01
8.114664554595947266e-01 9.484396576881408691e-01
4.819437265396118164e-01 8.087087869644165039e-01
8.731324076652526855e-01 8.916057348251342773e-01
9.416200518608093262e-01 9.300964474678039551e-01
7.562479972839355469e-01 3.738478720188140869e-01
1.399510353803634644e-01 9.279398322105407715e-01
7.136067748069763184e-01 4.033013284206390381e-01
5.887760519981384277e-01 3.270982801914215088e-01
6.459445953369140625e-01 3.236246407032012939e-01
3.325759470462799072e-01 4.814666509628295898e-01
9.496179223060607910e-01 7.783901691436767578e-01
7.237248420715332031e-01 4.404867887496948242e-01
4.463762640953063965e-01 3.148440420627593994e-01
5.821340680122375488e-01 8.351989388465881348e-01
1.489962264895439148e-02 1.007484123110771179e-01
6.838135719299316406e-01 6.168858408927917480e-01
8.937912583351135254e-01 2.132195979356765747e-01
8.182450532913208008e-01 7.334764599800109863e-01
9.779734611511230469e-01 5.719230771064758301e-01
7.560670375823974609e-01 9.265956878662109375e-01
6.787565946578979492e-01 9.972081333398818970e-02
5.385612845420837402e-01 1.860294938087463379e-01
5.595946311950683594e-02 3.821167647838592529e-01
8.438993096351623535e-01 7.081753611564636230e-01
5.646018981933593750e-01 6.686731576919555664e-01
3.285278975963592529e-01 8.193618655204772949e-01
2.384931296110153198e-01 9.244194626808166504e-01
8.048360347747802734e-01 4.797523617744445801e-01
5.925704240798950195e-01 4.653085172176361084e-01
1.938002929091453552e-02 3.530139923095703125e-01
1.681019812822341919e-01 7.910573482513427734e-01
6.140084564685821533e-02 3.525888025760650635e-01
5.784295797348022461e-01 4.063145816326141357e-01
6.047613620758056641e-01 9.574888944625854492e-01
4.223801195621490479e-02 4.563775658607482910e-01
1.794615536928176880e-01 3.005373179912567139e-01
8.931635618209838867e-01 7.266898453235626221e-02
8.998469263315200806e-02 9.048355221748352051e-01
2.962191700935363770e-01 6.153730154037475586e-01
4.134365320205688477e-01 6.287084817886352539e-01
5.607187151908874512e-01 4.390064775943756104e-01
1.435283124446868896e-01 7.609914541244506836e-01
1.515242308378219604e-01 9.920477867126464844e-01
7.392829060554504395e-01 4.734527468681335449e-01
8.416805863380432129e-01 1.587706208229064941e-01
5.898662209510803223e-01 8.720428943634033203e-01
1.809981167316436768e-01 3.262390196323394775e-01
1.313946694135665894e-01 7.864158153533935547e-01
3.913519978523254395e-01 7.945775985717773438e-01
2.895917594432830811e-01 8.669525384902954102e-01
4.906491041183471680e-01 1.318734139204025269e-01
4.769856631755828857e-01 4.408216476440429688e-01
4.251295924186706543e-01 5.646485686302185059e-01
3.440891159698367119e-03 5.940601229667663574e-01
5.015450119972229004e-01 6.382911205291748047e-01
5.468845367431640625e-01 1.225062385201454163e-01
2.379833310842514038e-01 5.438321456313133240e-02
6.309392452239990234e-01 2.142508029937744141e-01
9.124746322631835938e-01 1.190262660384178162e-01
9.396684914827346802e-02 2.507496178150177002e-01
5.269466042518615723e-01 3.684868812561035156e-01
9.411153793334960938e-01 3.114514648914337158e-01
5.604369640350341797e-01 2.697729468345642090e-01
1.659456044435501099e-01 5.281051397323608398e-01
6.632445454597473145e-01 1.670439839363098145e-01
6.976317167282104492e-01 7.439880967140197754e-01
7.962990999221801758e-01 4.301215708255767822e-01
9.880063533782958984e-01 3.938393890857696533e-01
9.282163977622985840e-01 5.408560857176780701e-03
6.934992671012878418e-01 7.075780034065246582e-01
8.448345065116882324e-01 4.976389110088348389e-01
1.923119574785232544e-01 3.946247994899749756e-01
9.298812747001647949e-01 9.578102231025695801e-01
6.069729924201965332e-01 6.984245181083679199e-01
6.578022241592407227e-01 6.376575827598571777e-01
5.191440582275390625e-01 8.228785395622253418e-01
7.791312932968139648e-01 9.606140106916427612e-02
8.507328033447265625e-01 6.276298761367797852e-01
6.800469160079956055e-01 8.872818946838378906e-01
3.274440169334411621e-01 4.224683642387390137e-01
9.473289251327514648e-01 5.702711343765258789e-01
9.740259051322937012e-01 4.364342987537384033e-01
5.451757907867431641e-01 4.018063545227050781e-01
8.239173293113708496e-01 1.364857256412506104e-01
1.208793893456459045e-01 3.600908219814300537e-01
1.853662878274917603e-01 7.650032639503479004e-01
7.910636663436889648e-01 6.577144265174865723e-01
4.910829365253448486e-01 8.379631638526916504e-01
7.954648733139038086e-01 2.813892960548400879e-01
9.674242138862609863e-01 3.553903475403785706e-02
6.793616414070129395e-01 8.240832090377807617e-01
4.410231485962867737e-03 4.497500509023666382e-02
4.095914363861083984e-01 3.145851492881774902e-01
5.516853332519531250e-01 8.819354772567749023e-01
7.227957844734191895e-01 3.370406925678253174e-01
8.079488873481750488e-01 7.563346624374389648e-01
7.806085348129272461e-01 9.488799571990966797e-01
1.178077459335327148e-01 5.917209982872009277e-01
9.833739399909973145e-01 4.771063625812530518e-01
2.488400973379611969e-02 3.635155409574508667e-02
4.218308329582214355e-01 9.853854775428771973e-01
2.515333890914916992e-01 2.378994040191173553e-02
7.751225829124450684e-01 6.836639642715454102e-01
6.656641960144042969e-01 4.462009668350219727e-01
9.530146121978759766e-01 3.862192928791046143e-01
6.036260724067687988e-01 2.420430630445480347e-02
4.344698190689086914e-01 7.209804654121398926e-01
4.100453555583953857e-01 9.569325447082519531e-01
8.403927087783813477e-01 2.068386040627956390e-02
9.405024051666259766e-01 9.038256406784057617e-01
1.242267936468124390e-01 2.886199355125427246e-01
8.838538080453872681e-02 7.877008318901062012e-01
5.352767109870910645e-01 5.317579209804534912e-02
2.008477896451950073e-01 9.217441678047180176e-01
5.789465308189392090e-01 6.964498162269592285e-01
7.027441859245300293e-01 6.471475213766098022e-02
4.518081247806549072e-01 3.878163099288940430e-01
9.952653646469116211e-01 6.357813477516174316e-01
1.309154778718948364e-01 5.123705863952636719e-01
2.620104849338531494e-01 1.611447632312774658e-01
8.723638653755187988e-01 4.089115858078002930e-01
2.199759632349014282e-01 4.227025210857391357e-01
4.478462636470794678e-01 6.418957114219665527e-01
6.085898280143737793e-01 2.044493257999420166e-01
8.877220749855041504e-01 9.090220332145690918e-01
8.592582345008850098e-01 3.343906253576278687e-02
1.311746388673782349e-01 2.575387358665466309e-01
8.730029463768005371e-01 9.966127276420593262e-01
7.374717593193054199e-01 3.172136545181274414e-01
7.927994132041931152e-01 8.006881177425384521e-02
7.530667632818222046e-02 5.541296601295471191e-01
9.492443203926086426e-01 1.089238077402114868e-01
5.804133415222167969e-01 7.594181224703788757e-03
8.229625225067138672e-01 4.576039910316467285e-01
7.626523375511169434e-01 4.000894427299499512e-01
4.817935228347778320e-01 5.181345343589782715e-01
1.112792827188968658e-02 2.767772674560546875e-01
4.892580211162567139e-01 3.772631287574768066e-01
5.895837545394897461e-01 9.817672371864318848e-01
5.891550183296203613e-01 8.162566274404525757e-02
9.364806413650512695e-01 6.571633815765380859e-01
5.716248154640197754e-01 1.833719015121459961e-01
7.283822894096374512e-01 2.884463965892791748e-01
9.604968428611755371e-01 7.036374211311340332e-01
8.145125210285186768e-02 9.766792654991149902e-01
5.281381011009216309e-01 5.939842462539672852e-01
2.744235098361968994e-01 2.665341496467590332e-01
2.667148113250732422e-01 9.529018402099609375e-01
2.091680765151977539e-01 6.097390055656433105e-01
7.373791933059692383e-01 1.844783276319503784e-01
9.014785289764404297e-01 6.238535642623901367e-01
1.610060483217239380e-01 5.862541198730468750e-01
6.424834728240966797e-01 7.564061284065246582e-01
8.923261612653732300e-02 1.383989304304122925e-01
7.344388961791992188e-01 8.178818821907043457e-01
6.011331677436828613e-01 5.822710990905761719e-01
5.696207880973815918e-01 3.799457848072052002e-01
1.262032538652420044e-01 4.385791122913360596e-01
6.053816080093383789e-01 3.441018462181091309e-01
4.748696982860565186e-01 4.881873428821563721e-01
8.964475393295288086e-01 5.650191307067871094e-01
4.064753055572509766e-01 5.222772359848022461e-01
9.525030851364135742e-01 5.106087923049926758e-01
4.938735961914062500e-01 1.045594960451126099e-01
9.832155704498291016e-01 9.489545226097106934e-01
4.924382269382476807e-01 4.567945897579193115e-01
7.657623291015625000e-01 2.994730174541473389e-01
8.982874751091003418e-01 9.368061423301696777e-01
9.365060180425643921e-02 2.115445137023925781e-01
4.169203937053680420e-01 9.187061190605163574e-01
3.491322994232177734e-01 8.697575330734252930e-02
1.801292449235916138e-01 1.164676696062088013e-01
4.106965288519859314e-02 3.066695928573608398e-01
8.413376808166503906e-01 9.926128983497619629e-01
9.435035586357116699e-01 8.132566213607788086e-01
7.032195925712585449e-01 5.055453181266784668e-01
6.231031417846679688e-01 6.656668782234191895e-01
5.708743333816528320e-01 6.223478913307189941e-01
4.467628300189971924e-01 8.476204872131347656e-01
7.088190317153930664e-01 9.935652017593383789e-01
3.221232295036315918e-01 7.874510884284973145e-01
9.557222127914428711e-01 1.428209394216537476e-01
8.280524015426635742e-01 5.411304235458374023e-01
5.517933964729309082e-01 5.078979730606079102e-01
6.374012827873229980e-01 3.949334323406219482e-01
8.146469295024871826e-02 1.821808218955993652e-01
5.183417201042175293e-01 1.772298216819763184e-01
3.654363751411437988e-01 6.104544922709465027e-02
7.384241819381713867e-01 5.935975313186645508e-01
6.569558382034301758e-01 9.790406227111816406e-01
8.021005392074584961e-01 2.098020911216735840e-01
1.459932774305343628e-01 3.205147981643676758e-01
2.200508266687393188e-01 2.147433757781982422e-01
5.106199383735656738e-01 3.371221721172332764e-01
9.514095783233642578e-01 6.764195561408996582e-01
3.075302541255950928e-01 2.166884243488311768e-01
7.116554379463195801e-01 9.651705026626586914e-01
8.947591185569763184e-01 8.124151229858398438e-01
1.061106324195861816e-01 9.775165319442749023e-01
8.003519177436828613e-01 4.087035655975341797e-01
8.803953230381011963e-02 3.890885412693023682e-01
7.734605669975280762e-01 5.825454592704772949e-01
5.929090380668640137e-01 2.843558788299560547e-01
5.493867993354797363e-01 1.578632146120071411e-01
7.152742147445678711e-01 7.318509221076965332e-01
7.025290131568908691e-01 8.209814429283142090e-01
7.196020483970642090e-01 2.538668215274810791e-01
3.187298774719238281e-01 5.000965297222137451e-02
7.997010350227355957e-01 2.191780880093574524e-02
3.345125019550323486e-01 4.498000144958496094e-01
7.891639471054077148e-01 9.944755434989929199e-01
7.307402491569519043e-01 5.134367346763610840e-01
1.415813565254211426e-01 4.114815965294837952e-02
3.796255886554718018e-01 5.165624022483825684e-01
8.766523599624633789e-01 6.396186947822570801e-01
2.679523527622222900e-01 7.924744486808776855e-01
3.819472491741180420e-01 8.707159161567687988e-01
5.635297298431396484e-01 9.096885323524475098e-01
9.409813210368156433e-03 8.583030104637145996e-01
6.016629934310913086e-01 1.807959526777267456e-01
2.365693300962448120e-01 3.945946097373962402e-01
3.483116924762725830e-01 3.737032711505889893e-01
6.520346403121948242e-01 8.981740474700927734e-01
3.806653618812561035e-02 7.294529676437377930e-01
2.198107242584228516e-01 9.302238933742046356e-03
5.166729688644409180e-01 7.887036204338073730e-01
2.367621958255767822e-01 5.475418567657470703e-01
6.862366199493408203e-01 3.667590320110321045e-01
3.268813192844390869e-01 6.535845398902893066e-01
6.040672063827514648e-01 3.952852487564086914e-01
1.680047959089279175e-01 2.679458260536193848e-01
3.314796686172485352e-01 2.236940413713455200e-01
1.252374649047851562e-01 6.411699056625366211e-01
4.591676294803619385e-01 8.252075910568237305e-01
7.627254724502563477e-01 7.030049562454223633e-01
4.531814157962799072e-01 4.680559933185577393e-01
4.139234423637390137e-01 8.734297752380371094e-01
3.200166523456573486e-01 1.117247864603996277e-01
6.775845587253570557e-02 1.524163484573364258e-01
7.093424350023269653e-02 7.651733160018920898e-01
5.436252430081367493e-02 7.951833009719848633e-01
9.782198071479797363e-01 2.391498088836669922e-01
4.321876764297485352e-01 4.570057690143585205e-01
9.326063841581344604e-02 1.037522405385971069e-01
7.716264128684997559e-01 2.025987654924392700e-01
8.592031598091125488e-01 8.710977435111999512e-01
2.444555610418319702e-01 4.419897794723510742e-01
6.240495443344116211e-01 7.756152749061584473e-01
5.689736008644104004e-01 2.088353484869003296e-01
8.430602401494979858e-02 5.747867822647094727e-01
1.222491785883903503e-01 4.775777459144592285e-01
7.666543722152709961e-01 1.546450555324554443e-01
2.949497699737548828e-01 1.757897287607192993e-01
6.409422755241394043e-01 1.400924921035766602e-01
5.110836029052734375e-01 6.112650036811828613e-01
2.791810035705566406e-01 6.705093383789062500e-01
4.045874997973442078e-02 8.509619832038879395e-01
5.400470495223999023e-01 5.546754002571105957e-01
1.965609639883041382e-01 5.383629202842712402e-01
8.568122982978820801e-01 1.787185817956924438e-01
6.625429987907409668e-01 1.251014322042465210e-01
9.408738017082214355e-01 7.898899912834167480e-02
3.510459661483764648e-01 6.917750835418701172e-01
7.291873693466186523e-01 1.636904776096343994e-01
5.597655773162841797e-01 4.713640213012695312e-01
2.140833288431167603e-01 9.003766775131225586e-01
6.351978182792663574e-01 1.741246581077575684e-01
8.478767275810241699e-01 2.226497828960418701e-01
8.036569356918334961e-01 2.570308744907379150e-01
5.604019761085510254e-01 9.728234410285949707e-01
7.974634170532226562e-01 6.218882799148559570e-01
1.759428903460502625e-02 2.997650802135467529e-01
9.524844288825988770e-01 2.630241811275482178e-01
2.924245595932006836e-01 9.883172512054443359e-01
5.027780532836914062e-01 5.751015543937683105e-01
3.658730685710906982e-01 3.019489049911499023e-01
9.995421767234802246e-01 6.857859492301940918e-01
8.710980415344238281e-01 2.279264330863952637e-01
7.536828517913818359e-01 5.304755177348852158e-03
7.863701581954956055e-01 2.316917926073074341e-01
3.597015738487243652e-01 1.069790273904800415e-01
3.013432919979095459e-01 3.406012654304504395e-01
8.293606042861938477e-01 9.657593965530395508e-01
1.227172687649726868e-01 2.281088232994079590e-01
4.338815510272979736e-01 8.856952786445617676e-01
5.725833773612976074e-01 3.125370740890502930e-01
7.361895442008972168e-01 9.630094766616821289e-01
4.545758068561553955e-01 6.866462826728820801e-01
4.972139596939086914e-01 1.600844860076904297e-01
1.833869367837905884e-01 2.436104416847229004e-01
6.255117654800415039e-01 8.322220295667648315e-02
8.787710666656494141e-01 9.600667357444763184e-01
4.130697250366210938e-01 7.363362908363342285e-01
2.962042689323425293e-01 7.796047329902648926e-01
8.546698689460754395e-01 5.246202945709228516e-01
7.125240564346313477e-01 1.439698934555053711e-01
6.458607502281665802e-03 1.298915296792984009e-01
7.921392917633056641e-01 8.472936153411865234e-01
3.862722963094711304e-02 7.774775624275207520e-01
7.130969166755676270e-01 5.534266829490661621e-01
6.152434945106506348e-01 8.362802267074584961e-01
8.348542451858520508e-01 1.989600360393524170e-01
8.143426179885864258e-01 8.127164840698242188e-01
6.248914599418640137e-01 4.699019193649291992e-01
4.588550031185150146e-01 9.134581685066223145e-02
8.606275916099548340e-01 2.562246918678283691e-01
4.618767201900482178e-01 1.268348991870880127e-01
2.808918952941894531e-01 3.705294430255889893e-01
1.232719495892524719e-01 1.541467607021331787e-01
3.240169286727905273e-01 5.304374098777770996e-01
2.389127165079116821e-01 5.879613161087036133e-01
4.031790792942047119e-01 6.030802726745605469e-01
8.270696401596069336e-01 3.021465539932250977e-01
6.253972649574279785e-01 8.795039653778076172e-01
1.870858967304229736e-01 7.411919832229614258e-01
7.421200275421142578e-01 1.236823499202728271e-01
6.187429428100585938e-01 9.062178730964660645e-01
2.736673355102539062e-01 2.573836036026477814e-02
6.406878232955932617e-01 7.152630686759948730e-01
3.591132164001464844e-01 9.347882866859436035e-01
6.264691948890686035e-01 8.566683530807495117e-01
7.247248291969299316e-01 8.826496005058288574e-01
7.600955367088317871e-01 8.737782835960388184e-01
3.798362612724304199e-01 7.595324516296386719e-01
3.272534310817718506e-01 7.227996587753295898e-01
8.178805708885192871e-01 3.563074767589569092e-02
6.590736508369445801e-01 2.001479566097259521e-01
9.934043511748313904e-03 9.588809013366699219e-01
8.342786133289337158e-02 6.090875267982482910e-01
3.606410920619964600e-01 9.643731117248535156e-01
9.753519892692565918e-01 8.122749328613281250e-01
1.046886518597602844e-01 8.400616049766540527e-01
2.949825674295425415e-02 2.515049874782562256e-01
6.611908674240112305e-01 6.771777272224426270e-01
5.270363092422485352e-01 9.695419669151306152e-01
1.921726763248443604e-01 8.756461143493652344e-01
4.689548909664154053e-01 9.958917498588562012e-01
1.211487576365470886e-01 6.800502538681030273e-01
1.921551674604415894e-01 6.657701730728149414e-01
1.595698297023773193e-01 6.336190700531005859e-01
3.767504394054412842e-01 4.880914092063903809e-01
4.288199841976165771e-01 3.412601947784423828e-01
4.904282391071319580e-01 3.102951049804687500e-01
5.656514167785644531e-01 9.782458096742630005e-02
5.078206062316894531e-01 2.915271222591400146e-01
9.565918445587158203e-01 4.169909656047821045e-01
8.249039649963378906e-01 2.362788319587707520e-01
9.147444367408752441e-01 1.881557554006576538e-01
9.127592444419860840e-01 6.505355834960937500e-01
9.520214051008224487e-02 3.333256542682647705e-01
4.665255546569824219e-01 9.404278993606567383e-01
3.983950316905975342e-01 4.063442051410675049e-01
1.250570174306631088e-02 6.137308478355407715e-01
3.631963580846786499e-02 5.788736343383789062e-01
1.868015527725219727e-01 9.875164031982421875e-01
9.716972112655639648e-01 3.237993419170379639e-01
1.766484826803207397e-01 2.021886557340621948e-01
3.310590684413909912e-01 1.834411025047302246e-01
6.515795737504959106e-02 7.394904494285583496e-01
1.755121946334838867e-01 6.498206257820129395e-01
5.397687554359436035e-01 2.411652728915214539e-02
6.195117533206939697e-02 9.095364212989807129e-01
5.236058235168457031e-01 8.988039493560791016e-01
8.933357596397399902e-01 1.555388122797012329e-01
4.682083427906036377e-01 4.016530886292457581e-02
1.836658827960491180e-02 2.266101539134979248e-01
4.327747523784637451e-01 1.519000381231307983e-01
5.673606991767883301e-01 7.974534034729003906e-01
2.211582511663436890e-01 7.175198197364807129e-01
5.124173760414123535e-01 4.850763380527496338e-01
9.831960201263427734e-01 6.692715287208557129e-01
1.776971817016601562e-01 4.184857308864593506e-01
3.612025380134582520e-01 8.038415312767028809e-01
9.025062918663024902e-01 7.236971259117126465e-01
9.713126420974731445e-01 5.382271409034729004e-01
6.993982791900634766e-01 1.833960115909576416e-01
4.119570553302764893e-01 1.843957602977752686e-01
7.213584780693054199e-01 3.812732100486755371e-01
1.157826557755470276e-01 8.096486926078796387e-01
1.190471649169921875e-02 4.991141855716705322e-01
9.271608591079711914e-01 2.542093694210052490e-01
1.418197900056838989e-01 4.052690863609313965e-01
8.969135284423828125e-01 8.643568158149719238e-01
2.216742187738418579e-01 9.476975798606872559e-01
7.835626006126403809e-01 8.865238428115844727e-01
2.549361586570739746e-01 4.860908985137939453e-01
7.594867348670959473e-01 1.084418222308158875e-01
3.872008994221687317e-02 1.691225171089172363e-02
8.297753334045410156e-01 8.301787972450256348e-01
7.738950848579406738e-02 5.281916260719299316e-01
5.015558600425720215e-01 8.837853074073791504e-01
4.724017977714538574e-01 7.430697679519653320e-01
2.618701159954071045e-01 4.006563127040863037e-01
2.536584436893463135e-01 3.681087493896484375e-01
3.876761198043823242e-01 8.937991857528686523e-01
1.985420584678649902e-01 1.638004481792449951e-01
8.832808732986450195e-01 5.969970226287841797e-01
8.768550753593444824e-01 6.742749214172363281e-01
7.628792524337768555e-01 6.544220447540283203e-01
8.693360090255737305e-01 3.002153933048248291e-01
5.687976479530334473e-01 2.472971230745315552e-01
7.621665596961975098e-01 7.990119457244873047e-01
2.030910551548004150e-01 4.500930905342102051e-01
3.070543408393859863e-01 9.133823215961456299e-02
8.142951726913452148e-01 9.033014178276062012e-01
2.667380571365356445e-01 6.067439913749694824e-01
8.539785146713256836e-01 9.639444947242736816e-01
2.498460561037063599e-01 5.090185999870300293e-01
1.306263357400894165e-01 8.657330274581909180e-01
3.514279425144195557e-02 7.295715808868408203e-02
5.758768916130065918e-01 9.430049657821655273e-01
9.650343656539916992e-01 7.490377426147460938e-01
7.329127192497253418e-01 4.267857968807220459e-02
4.640414118766784668e-01 7.169662117958068848e-01
3.419012576341629028e-02 5.294043421745300293e-01
6.678786873817443848e-02 4.327241182327270508e-01
6.199538707733154297e-01 3.080299198627471924e-01
9.242350459098815918e-01 7.060671448707580566e-01
7.024278044700622559e-01 6.856205463409423828e-01
3.740370273590087891e-01 2.191860079765319824e-01
8.279439806938171387e-01 1.019823849201202393e-01
5.318210721015930176e-01 8.551296591758728027e-02
5.327527523040771484e-01 9.477012157440185547e-01
6.535395979881286621e-01 2.853759825229644775e-01
4.913757443428039551e-01 7.218807935714721680e-01
1.268826723098754883e-01 5.365398526191711426e-01
2.961615622043609619e-01 6.487812995910644531e-01
1.452899724245071411e-01 7.050723433494567871e-01
3.241143524646759033e-01 8.919460177421569824e-01
9.623539447784423828e-01 4.690273106098175049e-01
6.483383178710937500e-01 8.190607428550720215e-01
7.815309762954711914e-01 4.522235095500946045e-01
2.931050658226013184e-01 4.873682558536529541e-01
2.152087241411209106e-01 3.779366612434387207e-01
3.297000527381896973e-01 8.427810072898864746e-01
8.616860508918762207e-01 4.579151868820190430e-01
5.818067863583564758e-02 4.258653894066810608e-02
4.514235556125640869e-01 4.208447933197021484e-01
2.640160024166107178e-01 5.590372532606124878e-02
5.043190121650695801e-01 6.689293980598449707e-01
3.227102160453796387e-01 5.677023530006408691e-01
7.069119215011596680e-01 9.378344416618347168e-01
2.409312687814235687e-02 8.246418833732604980e-01
2.476154863834381104e-01 8.662988245487213135e-02
5.235552042722702026e-02 6.757102012634277344e-01
3.106277287006378174e-01 2.639312446117401123e-01
2.674877345561981201e-01 9.260538220405578613e-01
8.575090169906616211e-01 3.444243967533111572e-01
3.958056271076202393e-01 6.869659423828125000e-01
4.064896702766418457e-01 8.425052762031555176e-01
9.470048546791076660e-01 9.815888404846191406e-01
2.487830370664596558e-01 2.584114372730255127e-01
7.414478659629821777e-01 8.975691199302673340e-01
1.949333548545837402e-01 3.403921052813529968e-02
8.365859091281890869e-02 6.420325636863708496e-01
1.423936188220977783e-01 4.659515619277954102e-01
3.559308350086212158e-01 7.192547917366027832e-01
7.574179768562316895e-01 5.110365748405456543e-01
3.106561303138732910e-01 7.556615471839904785e-01
4.044805467128753662e-01 1.506646424531936646e-01
2.753182053565979004e-01 7.163088321685791016e-01
6.513491868972778320e-01 4.715901315212249756e-01
1.911818534135818481e-01 5.800072550773620605e-01
8.398269414901733398e-01 8.546282052993774414e-01
9.852550625801086426e-01 1.317045092582702637e-02
6.914766430854797363e-01 5.341093540191650391e-01
8.512136936187744141e-01 5.793892145156860352e-01
5.935362577438354492e-01 6.578969955444335938e-01
7.541245818138122559e-01 5.400252342224121094e-01
4.176241755485534668e-01 2.378686890006065369e-02
5.333921909332275391e-01 6.243844032287597656e-01
2.488907724618911743e-01 8.705398440361022949e-01
2.588944137096405029e-01 1.119059696793556213e-01
9.329088926315307617e-01 6.255242228507995605e-01
3.420823812484741211e-01 7.495449185371398926e-01
8.126392960548400879e-01 7.174399495124816895e-02
2.828230261802673340e-01 1.409029811620712280e-01
1.607908308506011963e-01 8.256213068962097168e-01
9.615243077278137207e-01 9.987459182739257812e-01
5.085977911949157715e-01 7.080906033515930176e-01
5.060209035873413086e-01 3.730603307485580444e-02
4.829706624150276184e-02 4.957123100757598877e-01
3.880022764205932617e-01 9.376341849565505981e-02
7.323735952377319336e-01 2.093945294618606567e-01
3.050916790962219238e-01 4.519823491573333740e-01
2.887220680713653564e-01 8.263984918594360352e-01
4.022916406393051147e-02 1.129481419920921326e-01
9.906417131423950195e-01 7.649977803230285645e-01
9.161185026168823242e-01 3.831470310688018799e-01
6.446278691291809082e-01 5.358347296714782715e-02
5.408570170402526855e-01 9.286731481552124023e-01
8.747403621673583984e-01 7.454529404640197754e-01
3.694927990436553955e-01 6.130877416580915451e-03
6.901556253433227539e-01 5.831835269927978516e-01
7.870000004768371582e-01 5.366134047508239746e-01
4.625560939311981201e-01 2.922128736972808838e-01
7.201450467109680176e-01 6.250702738761901855e-01
6.445454359054565430e-01 5.842415690422058105e-01
1.198839992284774780e-01 9.488986134529113770e-01
6.701979041099548340e-01 5.599464774131774902e-01
4.044113755226135254e-01 2.138101756572723389e-01
2.103847116231918335e-01 9.768365025520324707e-01
2.857825458049774170e-01 6.948646903038024902e-01
8.472372293472290039e-01 6.769769787788391113e-01
7.744655013084411621e-01 7.548910975456237793e-01
1.119802296161651611e-01 5.585029721260070801e-01
