3.460219800472259521e-01 9.923065304756164551e-01
2.885000705718994141e-01 9.267618060111999512e-01
3.011840581893920898e-01 6.588606238365173340e-01
3.367910981178283691e-01 6.662348508834838867e-01
5.757828354835510254e-01 5.554930493235588074e-02
4.035559892654418945e-01 2.047728300094604492e-01
1.959199551492929459e-03 3.946111500263214111e-01
3.493428528308868408e-01 1.335606276988983154e-01
3.533788770437240601e-02 1.717910915613174438e-02
2.054486656561493874e-03 8.903223872184753418e-01
3.824782073497772217e-01 6.767567992210388184e-01
6.695063114166259766e-01 2.948290109634399414e-01
4.867240786552429199e-01 4.207665026187896729e-01
4.730586707592010498e-01 8.381059765815734863e-01
7.029044628143310547e-02 7.449275851249694824e-01
6.311874985694885254e-01 7.222959995269775391e-01
2.808779180049896240e-01 7.398191094398498535e-01
7.743458747863769531e-01 8.988597989082336426e-02
8.208316564559936523e-01 8.653552532196044922e-01
2.229426652193069458e-01 2.317264825105667114e-01
6.646843552589416504e-01 7.133254408836364746e-01
3.824533820152282715e-01 7.011289000511169434e-01
2.575245201587677002e-01 4.124358892440795898e-01
2.228219211101531982e-01 2.744293212890625000e-01
4.698902666568756104e-01 6.836926937103271484e-02
1.049622967839241028e-01 6.947444677352905273e-01
2.344289124011993408e-01 7.511824369430541992e-01
9.064722657203674316e-01 1.156064644455909729e-01
4.003433287143707275e-01 3.288445770740509033e-01
9.607452750205993652e-01 9.647043347358703613e-01
6.185278892517089844e-01 9.243141859769821167e-02
9.440875053405761719e-02 4.049984514713287354e-01
5.687465667724609375e-01 2.044851183891296387e-01
1.757426261901855469e-01 4.938301742076873779e-01
3.245603442192077637e-01 1.878567636013031006e-01
4.124664366245269775e-01 9.270353317260742188e-01
8.378451466560363770e-01 9.724172949790954590e-01
9.130166769027709961e-01 4.352774471044540405e-02
8.170224428176879883e-01 9.793325662612915039e-01
1.003865078091621399e-01 8.663327693939208984e-01
5.969877839088439941e-01 7.543431520462036133e-01
1.835883259773254395e-01 9.523206949234008789e-01
2.370413690805435181e-01 4.841679334640502930e-01
1.803137809038162231e-01 5.539255738258361816e-01
6.373718846589326859e-03 2.323937267065048218e-01
3.680677115917205811e-01 4.371047317981719971e-01
1.173171326518058777e-01 1.851575821638107300e-01
3.973323702812194824e-01 3.289841488003730774e-02
2.239187359809875488e-01 8.823665976524353027e-02
1.693293005228042603e-01 2.113895714282989502e-01
4.289903640747070312e-01 1.708337366580963135e-01
9.207064509391784668e-01 1.772971600294113159e-01
4.321186542510986328e-01 3.260632455348968506e-01
4.503053426742553711e-01 1.917270123958587646e-01
2.744292318820953369e-01 8.569339513778686523e-01
1.671728789806365967e-01 7.863748669624328613e-01
3.302181363105773926e-01 3.342829346656799316e-01
8.147492408752441406e-01 5.587617158889770508e-01
8.835458159446716309e-01 5.886485576629638672e-01
6.202805638313293457e-01 6.736261248588562012e-01
5.075163841247558594e-01 5.803455710411071777e-01
4.140334129333496094e-01 4.375188648700714111e-01
4.989160597324371338e-01 6.155815720558166504e-01
5.098589658737182617e-01 4.038580954074859619e-01
8.092876523733139038e-02 3.863115906715393066e-01
7.438988685607910156e-01 8.977534174919128418e-01
3.670399487018585205e-01 2.939385473728179932e-01
6.823357939720153809e-02 8.770138025283813477e-01
8.052091300487518311e-02 7.733588218688964844e-01
9.527642726898193359e-01 1.590520516037940979e-02
5.144293606281280518e-02 5.769034624099731445e-01
4.984150826930999756e-01 5.008722543716430664e-01
1.958153247833251953e-01 8.019611835479736328e-01
4.861796796321868896e-01 1.591635048389434814e-01
2.260647565126419067e-01 3.047804236412048340e-01
7.621605992317199707e-01 5.552490428090095520e-02
2.974849045276641846e-01 3.273423314094543457e-01
7.196833491325378418e-01 1.847994327545166016e-01
1.259425878524780273e-01 3.373364210128784180e-01
2.853208780288696289e-01 1.571622788906097412e-01
2.307955026626586914e-01 1.968712359666824341e-01
1.444642432034015656e-03 2.894251346588134766e-01
7.583770155906677246e-01 7.919332981109619141e-01
9.877148270606994629e-02 5.730009078979492188e-01
1.738507002592086792e-01 7.642833590507507324e-01
8.306693434715270996e-01 2.286668568849563599e-01
5.323379635810852051e-01 5.349470973014831543e-01
8.368507958948612213e-03 5.164862275123596191e-01
9.207182377576828003e-02 3.579429686069488525e-01
8.969563841819763184e-01 6.550681591033935547e-02
7.544350624084472656e-01 3.094034492969512939e-01
4.576875641942024231e-02 3.378665447235107422e-01
6.769764423370361328e-01 2.748968005180358887e-01
3.365226984024047852e-01 5.532554164528846741e-02
3.079715371131896973e-01 4.666936025023460388e-02
6.524929404258728027e-01 3.174142241477966309e-01
5.932048559188842773e-01 5.142429471015930176e-01
1.030101068317890167e-02 9.971445798873901367e-01
5.945337414741516113e-01 1.712724566459655762e-01
9.305015206336975098e-01 4.026221036911010742e-01
9.718319773674011230e-02 2.107392996549606323e-01
5.264023542404174805e-01 2.249883413314819336e-01
2.958970069885253906e-01 2.694399356842041016e-01
5.841827392578125000e-01 4.270274341106414795e-01
8.406189084053039551e-01 3.530600070953369141e-01
6.658787131309509277e-01 9.097890257835388184e-01
1.473039835691452026e-01 8.049929141998291016e-01
1.018778309226036072e-01 3.360650539398193359e-01
7.138624787330627441e-01 5.573619604110717773e-01
7.394128441810607910e-01 1.321784257888793945e-01
8.904885053634643555e-01 8.714901804924011230e-01
2.054920643568038940e-01 8.830740451812744141e-01
5.288845896720886230e-01 3.362279534339904785e-01
2.918549776077270508e-01 4.850109815597534180e-01
7.205598950386047363e-01 6.296955943107604980e-01
3.790903389453887939e-01 5.673563480377197266e-01
8.263962864875793457e-01 7.646554708480834961e-01
9.484476447105407715e-01 4.234860837459564209e-01
9.370142221450805664e-01 4.469873607158660889e-01
5.241876840591430664e-01 7.953184843063354492e-01
2.339930534362792969e-01 6.860384941101074219e-01
3.085122704505920410e-01 9.806114435195922852e-01
6.121923923492431641e-01 8.078371882438659668e-01
9.299449920654296875e-01 6.104497909545898438e-01
8.483139276504516602e-01 4.010396897792816162e-01
1.480880081653594971e-01 2.799712121486663818e-01
8.281384706497192383e-01 7.262529134750366211e-01
6.424980163574218750e-01 5.982900261878967285e-01
4.619438946247100830e-02 7.285392284393310547e-01
7.700089216232299805e-01 7.000882625579833984e-01
7.074666619300842285e-01 9.997305870056152344e-01
7.614389657974243164e-01 2.496850043535232544e-01
3.788250684738159180e-01 1.104274317622184753e-01
1.543394774198532104e-01 9.900136590003967285e-01
2.315055280923843384e-01 9.434961676597595215e-01
8.600857853889465332e-01 2.434724569320678711e-01
5.912406444549560547e-01 7.109641432762145996e-01
5.799416303634643555e-01 4.811044931411743164e-01
2.092859297990798950e-01 7.345362305641174316e-01
5.308195352554321289e-01 9.009001255035400391e-01
8.127226233482360840e-01 2.549032568931579590e-01
5.608344078063964844e-01 3.930651545524597168e-01
6.440418362617492676e-01 6.353226304054260254e-01
5.040686130523681641e-01 2.699525654315948486e-01
8.644784092903137207e-01 9.154778718948364258e-01
5.695859789848327637e-01 3.493879735469818115e-01
7.395119667053222656e-01 3.357320129871368408e-01
7.173929214477539062e-01 3.296498954296112061e-01
2.533810138702392578e-01 3.848264813423156738e-01
5.558104515075683594e-01 4.579286277294158936e-01
9.646480083465576172e-01 9.320116043090820312e-01
7.778005003929138184e-01 8.246121406555175781e-01
8.290365338325500488e-01 5.214515924453735352e-01
3.523839414119720459e-01 7.313962578773498535e-01
6.785430312156677246e-01 1.722221961244940758e-03
9.542292356491088867e-01 8.018882870674133301e-01
6.434493660926818848e-01 3.412358760833740234e-01
3.974569737911224365e-01 4.598262906074523926e-01
2.263319492340087891e-01 6.311114430427551270e-01
9.336264133453369141e-01 5.345790982246398926e-01
7.104228138923645020e-01 7.273494601249694824e-01
5.295022726058959961e-01 6.152918934822082520e-01
6.247415542602539062e-01 4.770108163356781006e-01
4.345758259296417236e-01 2.722508907318115234e-01
6.918328404426574707e-01 6.608681082725524902e-01
6.536315679550170898e-01 6.628440618515014648e-01
6.067296862602233887e-01 9.755934476852416992e-01
8.067057728767395020e-01 3.438791036605834961e-01
5.579470396041870117e-01 9.220445752143859863e-01
3.688199222087860107e-01 4.096412658691406250e-01
7.981142997741699219e-01 2.638854458928108215e-02
2.943227887153625488e-01 7.295938581228256226e-02
6.348460316658020020e-01 8.765573501586914062e-01
2.337596714496612549e-01 1.104181073606014252e-02
2.629733085632324219e-02 3.619001507759094238e-01
7.113627791404724121e-01 9.669569134712219238e-01
7.379556894302368164e-01 5.741599798202514648e-01
4.632548391819000244e-01 2.644614502787590027e-02
3.250712156295776367e-01 3.600378632545471191e-01
2.936988472938537598e-01 6.972609162330627441e-01
1.083041504025459290e-01 6.029120683670043945e-01
9.072151184082031250e-01 3.852235972881317139e-01
5.555796623229980469e-01 4.291497766971588135e-01
2.519396841526031494e-01 2.140260934829711914e-01
8.084215521812438965e-01 8.942314982414245605e-01
7.261525392532348633e-01 3.905659615993499756e-01
9.449899792671203613e-01 1.917501240968704224e-01
2.651340365409851074e-01 4.943405091762542725e-01
5.207604728639125824e-03 5.851926207542419434e-01
7.952396273612976074e-01 1.588952541351318359e-01
2.557665407657623291e-01 9.612224251031875610e-02
2.805905342102050781e-01 1.260556280612945557e-01
4.254757240414619446e-02 9.330786466598510742e-01
9.845597296953201294e-02 7.288151383399963379e-01
7.965807914733886719e-01 7.934857010841369629e-01
4.649049043655395508e-01 9.794875979423522949e-01
6.073776483535766602e-01 3.158965706825256348e-01
7.228345274925231934e-01 4.304986894130706787e-01
6.728173699229955673e-03 4.856265783309936523e-01
8.228553533554077148e-01 3.142864704132080078e-01
1.807896792888641357e-01 7.235902547836303711e-01
6.499035358428955078e-01 1.352655142545700073e-01
1.880073100328445435e-01 3.763737082481384277e-01
1.556635554879903793e-02 8.073052763938903809e-01
6.389747262001037598e-01 9.443537592887878418e-01
3.884931504726409912e-01 3.484475612640380859e-01
1.574068963527679443e-01 9.256904721260070801e-01
3.614089488983154297e-01 9.062753915786743164e-01
1.215286478400230408e-01 3.786216974258422852e-01
9.672001004219055176e-01 3.659439980983734131e-01
3.044873476028442383e-01 4.600271284580230713e-01
4.752885997295379639e-01 5.833498835563659668e-01
7.378472089767456055e-01 2.090650796890258789e-01
5.831460356712341309e-01 6.895641088485717773e-01
4.321894142776727676e-03 2.015053480863571167e-01
4.243754446506500244e-01 9.792330861091613770e-01
9.718717336654663086e-01 4.072415828704833984e-01
1.273878812789916992e-01 8.575491607189178467e-02
7.431092858314514160e-01 2.888315916061401367e-01
4.697961509227752686e-01 2.711139023303985596e-01
1.820205524563789368e-02 8.640448451042175293e-01
4.166887104511260986e-01 2.159073576331138611e-02
4.944027960300445557e-01 3.087511360645294189e-01
7.414022684097290039e-01 8.566036224365234375e-01
1.252468228340148926e-01 2.619018256664276123e-01
3.552221953868865967e-01 9.703037738800048828e-01
1.203915327787399292e-01 8.864293694496154785e-01
5.247620344161987305e-01 4.683506190776824951e-01
9.416579604148864746e-01 8.736061453819274902e-01
5.589920654892921448e-02 1.748035997152328491e-01
8.207466006278991699e-01 4.542621970176696777e-01
7.718728780746459961e-01 1.268982738256454468e-01
2.910870127379894257e-02 6.044893860816955566e-01
9.495781660079956055e-01 7.011778354644775391e-01
8.908016681671142578e-01 5.155335664749145508e-01
7.177918553352355957e-01 8.048607707023620605e-01
6.060240864753723145e-01 9.081852436065673828e-01
2.127911448478698730e-01 5.716808438301086426e-01
1.949584856629371643e-02 6.813799738883972168e-01
8.818703889846801758e-02 6.355869770050048828e-01
9.930865168571472168e-01 7.490437626838684082e-01
1.608292758464813232e-01 6.234285831451416016e-01
5.554776787757873535e-01 6.408651471138000488e-01
1.704916357994079590e-01 6.106671690940856934e-02
7.490924596786499023e-01 4.342389404773712158e-01
8.187586665153503418e-01 4.244481921195983887e-01
6.928179264068603516e-01 2.459760159254074097e-01
9.643056988716125488e-01 8.411332368850708008e-01
5.065696835517883301e-01 5.394457578659057617e-01
6.145755648612976074e-01 3.922085165977478027e-01
8.689628839492797852e-01 7.920793890953063965e-01
1.069983989000320435e-01 9.328411221504211426e-01
5.926054120063781738e-01 5.759214758872985840e-01
2.771770358085632324e-01 2.412136197090148926e-01
5.718390941619873047e-01 5.526522994041442871e-01
2.704977393150329590e-01 6.676501035690307617e-01
3.988055288791656494e-01 8.815826773643493652e-01
5.575875043869018555e-01 7.849563658237457275e-02
5.439411401748657227e-01 2.061988264322280884e-01
3.320439159870147705e-01 2.883952558040618896e-01
9.133325815200805664e-01 7.615564465522766113e-01
6.595219969749450684e-01 7.588669657707214355e-01
6.329446434974670410e-01 7.483500838279724121e-01
1.686324179172515869e-01 8.511754274368286133e-01
1.149465590715408325e-01 1.538458317518234253e-01
7.018083333969116211e-01 6.999943852424621582e-01
9.569521546363830566e-01 5.880479812622070312e-01
4.887444972991943359e-01 8.072102665901184082e-01
5.567784905433654785e-01 9.577381014823913574e-01
7.732151150703430176e-01 3.295190334320068359e-01
3.465248048305511475e-01 4.892616569995880127e-01
1.499903351068496704e-01 3.563705682754516602e-01
4.205534607172012329e-02 6.389464139938354492e-01
3.891405165195465088e-01 7.228573560714721680e-01
2.460168749094009399e-01 8.116481900215148926e-01
1.608518809080123901e-01 3.844330608844757080e-01
3.911979123950004578e-02 7.007184028625488281e-01
1.254737973213195801e-01 4.159336388111114502e-01
6.368757486343383789e-01 3.817639052867889404e-01
2.264024466276168823e-01 8.960105776786804199e-01
5.894120335578918457e-01 9.219923615455627441e-02
6.196183562278747559e-01 4.240158945322036743e-02
9.072062969207763672e-01 2.523272633552551270e-01
4.374592900276184082e-01 1.390282213687896729e-01
8.603432178497314453e-01 8.582565188407897949e-01
9.433757066726684570e-01 6.680625081062316895e-01
7.377189397811889648e-01 9.961175322532653809e-01
7.497899532318115234e-01 9.669533371925354004e-01
3.671913743019104004e-01 4.452433437108993530e-02
9.785012602806091309e-01 7.270880341529846191e-01
2.922239005565643311e-01 2.939027547836303711e-01
9.815527200698852539e-01 5.559989809989929199e-01
3.133963644504547119e-01 1.250238064676523209e-02
7.333546876907348633e-01 7.241040468215942383e-01
8.722866773605346680e-01 3.351125121116638184e-01
3.038679361343383789e-01 1.013759747147560120e-01
9.274865686893463135e-02 8.214675784111022949e-01
5.139334201812744141e-01 9.273070693016052246e-01
6.135110259056091309e-01 3.446681201457977295e-01
6.853020787239074707e-01 3.222417831420898438e-01
3.199027776718139648e-01 9.364833235740661621e-01
8.038109540939331055e-01 6.005447823554277420e-03
4.848565161228179932e-01 6.841526031494140625e-01
5.569899678230285645e-01 5.086067914962768555e-01
4.128181636333465576e-01 7.512191534042358398e-01
1.978622674942016602e-01 3.561954200267791748e-01
6.177262663841247559e-01 4.186516106128692627e-01
2.160755693912506104e-01 6.045715883374214172e-02
8.981755375862121582e-01 9.379592537879943848e-01
1.068104729056358337e-01 6.714879274368286133e-01
6.103861927986145020e-01 8.406272530555725098e-01
2.613693773746490479e-01 1.747847944498062134e-01
7.957516312599182129e-01 6.031832098960876465e-01
1.315598040819168091e-01 2.310377508401870728e-01
3.443619608879089355e-02 4.856298491358757019e-02
8.861927688121795654e-02 1.544894725084304810e-01
4.851894378662109375e-01 9.572427272796630859e-01
4.346075356006622314e-01 3.555400073528289795e-01
2.634214162826538086e-01 5.239713191986083984e-01
3.851836025714874268e-01 7.517189383506774902e-01
8.760408163070678711e-01 8.242980241775512695e-01
4.923000335693359375e-01 4.963466152548789978e-02
8.523649573326110840e-01 7.483993768692016602e-01
5.965314507484436035e-01 4.560592770576477051e-01
2.536788582801818848e-01 2.711563706398010254e-01
1.421713083982467651e-01 7.647832036018371582e-01
4.249337315559387207e-01 8.379530906677246094e-02
8.028864264488220215e-01 3.798048198223114014e-01
6.784440875053405762e-01 5.968254804611206055e-01
3.412188589572906494e-01 4.577343761920928955e-01
4.669307470321655273e-01 8.942541480064392090e-01
6.838806271553039551e-01 5.198568105697631836e-01
6.079851090908050537e-02 2.774228155612945557e-01
8.568969964981079102e-01 1.472840607166290283e-01
9.305068254470825195e-01 6.922192126512527466e-02
9.127547033131122589e-03 3.685381636023521423e-02
4.876594245433807373e-01 3.826212286949157715e-01
8.384584188461303711e-01 2.642378509044647217e-01
1.502172052860260010e-01 6.875749826431274414e-01
6.026821732521057129e-01 6.458434462547302246e-01
3.281040787696838379e-01 9.104912281036376953e-01
5.830249190330505371e-01 1.395511776208877563e-01
2.717703282833099365e-01 6.207816600799560547e-01
2.001043856143951416e-01 7.596287727355957031e-01
9.619628190994262695e-01 4.760726913809776306e-02
1.099005267024040222e-01 9.737489223480224609e-01
9.408015608787536621e-01 7.721861600875854492e-01
4.711351394653320312e-01 3.420294821262359619e-01
7.533425092697143555e-01 7.384126782417297363e-01
1.498615145683288574e-01 3.117822408676147461e-01
2.621990442276000977e-01 2.987679541110992432e-01
4.978925287723541260e-01 1.228076443076133728e-01
6.283715367317199707e-02 5.464895367622375488e-01
4.340343773365020752e-01 8.011660575866699219e-01
9.021544456481933594e-01 3.045039474964141846e-01
8.846383094787597656e-01 9.051473736763000488e-01
4.960018098354339600e-01 6.599431037902832031e-01
8.037058711051940918e-01 7.600368857383728027e-01
5.700370073318481445e-01 9.816458821296691895e-01
5.230585336685180664e-01 8.220102787017822266e-01
1.663467846810817719e-02 7.518810033798217773e-01
2.675229012966156006e-01 7.869732975959777832e-01
2.130454629659652710e-01 1.810529828071594238e-01
6.765242815017700195e-01 9.487611651420593262e-01
5.831307768821716309e-01 6.650372147560119629e-01
4.597274959087371826e-01 6.077149510383605957e-01
1.104007214307785034e-01 4.407064616680145264e-01
5.846905112266540527e-01 8.969081640243530273e-01
9.641951918601989746e-01 9.960021376609802246e-01
1.040239334106445312e-01 7.667047977447509766e-01
4.345670640468597412e-01 6.098515987396240234e-01
7.132357358932495117e-01 6.717739105224609375e-01
1.764007061719894409e-01 8.258383274078369141e-01
4.326013922691345215e-01 4.617075026035308838e-01
2.624730765819549561e-01 3.348121643066406250e-01
4.404452145099639893e-01 8.747848868370056152e-01
7.766726613044738770e-02 4.831475913524627686e-01
7.363182902336120605e-01 6.549582481384277344e-01
2.779438197612762451e-01 3.594766259193420410e-01
9.930799007415771484e-01 1.765641421079635620e-01
4.512491822242736816e-01 3.065187931060791016e-01
4.592131450772285461e-02 7.692868709564208984e-01
2.761916816234588623e-01 4.403960704803466797e-01
2.318630367517471313e-01 1.569369733333587646e-01
1.856814473867416382e-01 7.735909521579742432e-02
7.069738507270812988e-01 9.289231896400451660e-01
9.014164805412292480e-01 8.358253240585327148e-01
2.646733522415161133e-01 7.394959777593612671e-02
6.722725629806518555e-01 1.586877703666687012e-01
7.373163700103759766e-01 2.529319822788238525e-01
2.116084098815917969e-03 3.266038298606872559e-01
6.353359669446945190e-02 2.032424956560134888e-01
2.538441717624664307e-01 7.629929780960083008e-01
5.061498880386352539e-01 8.421876430511474609e-01
9.157630801200866699e-01 1.485323607921600342e-01
3.071423470973968506e-01 1.653882116079330444e-01
3.906957805156707764e-01 6.148471832275390625e-01
1.906840354204177856e-01 9.093828797340393066e-01
9.873557090759277344e-01 8.243000507354736328e-01
2.196284532546997070e-01 3.992573320865631104e-01
7.728338837623596191e-01 8.726020455360412598e-01
5.364521145820617676e-01 1.627762988209724426e-02
9.619325995445251465e-01 6.391002535820007324e-01
7.038726210594177246e-01 4.025082588195800781e-01
9.044244289398193359e-01 4.538362324237823486e-01
7.618854045867919922e-01 4.953370392322540283e-01
8.350223302841186523e-01 6.943317055702209473e-01
8.790798783302307129e-01 4.009130299091339111e-01
4.097298905253410339e-02 9.068579077720642090e-01
6.094601154327392578e-01 2.291961461305618286e-01
4.795967042446136475e-01 4.720301926136016846e-01
9.939792156219482422e-01 6.625471115112304688e-01
1.977325826883316040e-01 9.749252200126647949e-01
8.769171237945556641e-01 3.697691559791564941e-01
2.675986886024475098e-01 5.892835259437561035e-01
3.335379362106323242e-01 8.505259752273559570e-01
4.769641757011413574e-01 9.312183856964111328e-01
1.682728230953216553e-01 1.324491053819656372e-01
7.070775032043457031e-01 8.442382812500000000e-01
9.493075609207153320e-01 9.063941836357116699e-01
8.435511589050292969e-01 3.239709734916687012e-01
3.732133209705352783e-01 1.432590782642364502e-01
7.756643295288085938e-01 5.590026974678039551e-01
9.416375309228897095e-02 2.753831744194030762e-01
7.668863534927368164e-01 4.681974351406097412e-01
6.055507659912109375e-01 5.416350364685058594e-01
3.625023066997528076e-01 8.707421422004699707e-01
4.378849640488624573e-02 4.661170840263366699e-01
5.964292287826538086e-01 1.991973668336868286e-01
5.915732383728027344e-01 8.185273408889770508e-01
5.510627031326293945e-01 2.831214368343353271e-01
1.460852026939392090e-01 5.555082559585571289e-01
2.352628409862518311e-01 5.994458794593811035e-01
4.283485934138298035e-02 3.999193310737609863e-01
2.634164392948150635e-01 7.012860178947448730e-01
4.088841080665588379e-01 3.703501820564270020e-01
4.706776738166809082e-01 5.102282166481018066e-01
6.719999015331268311e-02 5.065151453018188477e-01
4.120720326900482178e-01 2.429564893245697021e-01
2.850517034530639648e-01 4.301051050424575806e-02
3.518356680870056152e-01 2.612382173538208008e-01
8.408301323652267456e-02 4.540729820728302002e-01
7.207646965980529785e-02 4.213950335979461670e-01
3.371647298336029053e-01 5.844759345054626465e-01
7.067504525184631348e-01 1.307782828807830811e-01
6.403336524963378906e-01 8.396528959274291992e-01
2.333904057741165161e-01 3.608056902885437012e-01
2.658177316188812256e-01 8.979623913764953613e-01
1.184545755386352539e-01 7.982937097549438477e-01
9.813432097434997559e-01 3.374867439270019531e-01
8.736883401870727539e-01 7.634595036506652832e-01
6.844972968101501465e-01 6.170644760131835938e-01
2.533847093582153320e-01 1.362927556037902832e-01
8.419276475906372070e-01 2.034856230020523071e-01
4.391448497772216797e-01 9.566967487335205078e-01
3.251770436763763428e-01 2.590462863445281982e-01
5.559136271476745605e-01 5.797113776206970215e-01
6.822595000267028809e-01 6.370969414710998535e-01
3.007587492465972900e-01 6.365934610366821289e-01
9.169312119483947754e-01 2.293170839548110962e-01
7.675090432167053223e-01 9.091291427612304688e-01
6.971032619476318359e-01 9.790037572383880615e-02
2.494271397590637207e-01 9.208579063415527344e-01
6.613178849220275879e-01 4.954626262187957764e-01
6.517117619514465332e-01 4.185151159763336182e-01
6.675105690956115723e-01 6.825047135353088379e-01
9.937974214553833008e-01 7.067708671092987061e-02
5.169689059257507324e-01 2.897379696369171143e-01
9.461224079132080078e-01 3.427527248859405518e-01
7.189062982797622681e-02 9.857288599014282227e-01
8.294065594673156738e-01 1.397002190351486206e-01
3.487415909767150879e-01 1.037152558565139771e-01
7.766883373260498047e-01 5.241361260414123535e-01
8.263231068849563599e-02 9.053911268711090088e-02
7.936431169509887695e-01 8.498554825782775879e-01
3.984311968088150024e-02 9.803842306137084961e-01
1.876305937767028809e-01 5.207055211067199707e-01
7.339037060737609863e-01 5.041122436523437500e-01
8.883813023567199707e-01 1.695348918437957764e-01
1.676025390625000000e-01 3.421547710895538330e-01
5.423898696899414062e-01 8.550056815147399902e-01
7.062454819679260254e-01 4.771544039249420166e-01
8.997629880905151367e-01 3.393052816390991211e-01
3.654234707355499268e-01 7.532100379467010498e-02
3.317840993404388428e-01 8.154793381690979004e-01
8.741269111633300781e-01 1.252031177282333374e-01
3.199000954627990723e-01 4.870178699493408203e-01
3.874921798706054688e-01 2.675388455390930176e-01
9.989525079727172852e-01 6.277011632919311523e-01
9.665838479995727539e-01 1.240103393793106079e-01
2.078354209661483765e-01 2.484361529350280762e-01
2.475692778825759888e-01 5.411167740821838379e-01
6.726574897766113281e-01 9.805021286010742188e-01
7.513257861137390137e-02 1.295675784349441528e-01
2.314272336661815643e-02 2.597149014472961426e-01
6.406124830245971680e-01 5.963074415922164917e-02
8.984605073928833008e-01 9.789051413536071777e-01
1.904443204402923584e-01 4.024814963340759277e-01
5.935356616973876953e-01 2.918258607387542725e-01
3.568456470966339111e-01 3.361893296241760254e-01
4.186032116413116455e-01 2.886075079441070557e-01
5.740372538566589355e-01 2.545017562806606293e-02
3.599563986063003540e-02 4.877351224422454834e-01
3.789538145065307617e-01 8.155096173286437988e-01
7.428362369537353516e-01 6.922032237052917480e-01
7.637200355529785156e-01 1.872400753200054169e-02
7.903550863265991211e-01 6.436542868614196777e-01
3.125014901161193848e-01 7.501359581947326660e-01
8.493521809577941895e-01 1.042362526059150696e-01
5.645701885223388672e-01 2.327313572168350220e-01
2.090202122926712036e-01 1.278181970119476318e-01
5.923032760620117188e-02 3.670636415481567383e-01
9.436159133911132812e-01 1.658227592706680298e-01
3.171913027763366699e-01 7.185914516448974609e-01
4.588028788566589355e-01 8.070178031921386719e-01
7.838692665100097656e-01 6.701129078865051270e-01
8.700445890426635742e-01 3.721023350954055786e-02
9.551080465316772461e-01 1.430175900459289551e-01
7.501758337020874023e-01 7.668724060058593750e-01
5.046254992485046387e-01 7.093489170074462891e-01
9.803994297981262207e-01 6.922306418418884277e-01
7.003424763679504395e-01 7.775542140007019043e-01
6.071877479553222656e-01 6.277244538068771362e-02
8.885037302970886230e-01 7.417656779289245605e-01
5.562110543251037598e-01 1.691768169403076172e-01
4.666932821273803711e-01 1.253019869327545166e-01
8.572722077369689941e-01 6.244359612464904785e-01
7.614901065826416016e-01 9.369648694992065430e-01
4.615069553256034851e-02 8.063299059867858887e-01
3.587769269943237305e-01 8.328268527984619141e-01
9.967402815818786621e-01 1.257462054491043091e-01
1.341844797134399414e-01 7.113425731658935547e-01
4.130814373493194580e-01 5.786931887269020081e-02
6.394002437591552734e-01 9.729700684547424316e-01
4.604858160018920898e-01 8.591598868370056152e-01
6.445721983909606934e-01 9.967821836471557617e-01
8.318247199058532715e-01 6.040301918983459473e-01
9.544983506202697754e-02 2.420418560504913330e-01
9.206916689872741699e-01 3.590216040611267090e-01
8.623674511909484863e-01 6.676096916198730469e-01
4.902146458625793457e-01 8.369337022304534912e-02
6.276351213455200195e-01 1.342143677175045013e-02
3.139753639698028564e-01 3.880018591880798340e-01
1.309805959463119507e-01 4.537552595138549805e-01
2.984765172004699707e-01 6.053442358970642090e-01
1.386166363954544067e-01 8.518318533897399902e-01
5.396596789360046387e-01 9.756903350353240967e-02
1.228348910808563232e-01 9.141453504562377930e-01
2.937508523464202881e-01 5.226261019706726074e-01
7.083886861801147461e-01 2.992252707481384277e-01
1.276258975267410278e-01 9.535978436470031738e-01
5.638973116874694824e-01 8.781536817550659180e-01
1.836357563734054565e-01 6.648093461990356445e-01
1.142800748348236084e-01 4.818640053272247314e-01
1.964005380868911743e-01 6.204560995101928711e-01
6.825007796287536621e-01 4.754664301872253418e-01
3.424844741821289062e-01 2.129567414522171021e-01
8.363458514213562012e-01 3.811700344085693359e-01
5.386528372764587402e-01 4.871347546577453613e-01
1.654433757066726685e-01 2.779809944331645966e-02
4.136979281902313232e-01 4.097265303134918213e-01
5.258462429046630859e-01 8.781803250312805176e-01
6.840330362319946289e-02 3.056694567203521729e-01
9.226144552230834961e-01 5.026356577873229980e-01
8.048382997512817383e-01 7.279415726661682129e-01
6.739172339439392090e-01 4.406824707984924316e-01
5.237403512001037598e-01 7.542397975921630859e-01
4.150896966457366943e-01 4.926003515720367432e-01
6.840260624885559082e-01 5.753625631332397461e-01
2.844226658344268799e-01 3.793994784355163574e-01
6.772131919860839844e-01 8.369465470314025879e-01
9.149736166000366211e-01 8.923124670982360840e-01
5.822113156318664551e-01 2.484599053859710693e-01
9.982907176017761230e-01 3.690741360187530518e-01
4.157016575336456299e-01 8.648518323898315430e-01
6.444152593612670898e-01 2.114051431417465210e-01
7.280684709548950195e-01 3.128212317824363708e-02
4.466352462768554688e-01 7.257054448127746582e-01
3.256241604685783386e-02 2.198939174413681030e-01
6.179537773132324219e-01 6.260274648666381836e-01
6.910699009895324707e-01 8.123497366905212402e-01
2.906433641910552979e-01 7.775986194610595703e-01
1.558335721492767334e-01 1.771936416625976562e-01
6.628111004829406738e-01 1.870223730802536011e-01
8.645272254943847656e-01 2.820778489112854004e-01
7.290717959403991699e-01 9.368182420730590820e-01
5.308946967124938965e-01 1.225177273154258728e-01
9.325667619705200195e-01 2.940828800201416016e-01
3.633598983287811279e-01 3.734220862388610840e-01
2.785433828830718994e-01 9.697598814964294434e-01
3.123826086521148682e-01 6.825580596923828125e-01
5.003405213356018066e-01 7.797374129295349121e-01
6.197649836540222168e-01 4.997296929359436035e-01
7.130356431007385254e-01 8.945977091789245605e-01
3.347598612308502197e-01 4.246726632118225098e-01
6.324825882911682129e-01 1.615501493215560913e-01
5.315337181091308594e-01 9.489387273788452148e-01
1.731000989675521851e-01 5.829574465751647949e-01
8.025320768356323242e-01 2.086825370788574219e-01
7.404381036758422852e-01 5.355722904205322266e-01
5.234562158584594727e-01 6.484354734420776367e-01
3.852423429489135742e-01 5.253707766532897949e-01
5.812560915946960449e-01 7.850860357284545898e-01
4.813654124736785889e-01 4.213714506477117538e-03
6.293050944805145264e-02 2.311273217201232910e-01
1.356880273669958115e-02 8.392978906631469727e-01
4.766772389411926270e-01 6.370786428451538086e-01
9.579825997352600098e-01 5.186306834220886230e-01
9.734810590744018555e-01 1.023480668663978577e-01
8.710229992866516113e-01 5.065531134605407715e-01
1.991490125656127930e-01 4.437738656997680664e-01
6.269218325614929199e-01 1.204394325613975525e-01
5.207209587097167969e-01 3.146890699863433838e-01
2.725585997104644775e-01 2.075534872710704803e-02
9.771111011505126953e-01 8.003116846084594727e-01
9.757870435714721680e-01 4.468637704849243164e-01
4.872572422027587891e-01 1.936815232038497925e-01
7.216308116912841797e-01 2.257000952959060669e-01
8.014933466911315918e-01 4.947108924388885498e-01
1.384524554014205933e-01 1.186302676796913147e-01
5.474955439567565918e-01 3.732928335666656494e-01
8.079131245613098145e-01 5.323520898818969727e-01
4.414849281311035156e-01 5.145450308918952942e-02
4.491991177201271057e-02 5.203470587730407715e-01
7.604328542947769165e-02 1.084121689200401306e-02
2.340924926102161407e-02 1.224850267171859741e-01
7.973577976226806641e-01 4.637679085135459900e-02
8.421251177787780762e-02 9.035279750823974609e-01
6.888080239295959473e-01 9.171705245971679688e-01
9.325805306434631348e-01 3.162777423858642578e-01
3.177858293056488037e-01 7.907591462135314941e-01
7.292195409536361694e-02 7.031033635139465332e-01
3.480016589164733887e-01 6.966499686241149902e-01
1.978975236415863037e-01 5.963050723075866699e-01
3.916553258895874023e-01 4.035956263542175293e-01
5.824964642524719238e-01 3.986174464225769043e-01
7.260508835315704346e-02 6.610696315765380859e-01
7.552106976509094238e-01 8.293759822845458984e-01
8.827801346778869629e-01 6.235554814338684082e-01
9.220030307769775391e-01 4.757950603961944580e-01
7.429266721010208130e-02 5.966507792472839355e-01
9.528015255928039551e-01 6.192390322685241699e-01
7.913011312484741211e-01 2.467181980609893799e-01
1.860291883349418640e-02 6.642062216997146606e-02
7.937985062599182129e-01 7.014350295066833496e-01
5.446336269378662109e-01 6.744936704635620117e-01
4.790247678756713867e-01 7.684506177902221680e-01
1.392349302768707275e-01 6.023142933845520020e-01
6.161940097808837891e-01 2.626006305217742920e-01
4.957132786512374878e-02 8.394545912742614746e-01
8.281800746917724609e-01 2.872160077095031738e-01
7.698117494583129883e-01 3.658404052257537842e-01
7.953148484230041504e-01 5.812222957611083984e-01
1.257956176996231079e-01 6.527613997459411621e-01
4.632296264171600342e-01 6.979137063026428223e-01
3.569742143154144287e-01 5.200660824775695801e-01
5.111835002899169922e-01 9.105005860328674316e-02
3.711533248424530029e-01 4.782958626747131348e-01
9.209817647933959961e-01 2.945683663710951805e-03
7.064652442932128906e-01 3.607663214206695557e-01
3.958711624145507812e-01 6.380070447921752930e-01
6.901366710662841797e-01 7.541592419147491455e-02
1.046821475028991699e-01 6.944432109594345093e-02
3.415387868881225586e-01 1.892578974366188049e-02
5.431123971939086914e-01 9.893590807914733887e-01
9.927330166101455688e-02 3.371940925717353821e-02
2.182976007461547852e-01 4.712204933166503906e-01
3.924709558486938477e-02 1.456126868724822998e-01
3.614359200000762939e-01 5.536602139472961426e-01
9.435092210769653320e-01 2.734987139701843262e-01
9.015132188796997070e-01 5.366537570953369141e-01
5.013588666915893555e-01 4.532246887683868408e-01
5.514745116233825684e-01 6.012085676193237305e-01
9.091988801956176758e-01 1.975483745336532593e-01
3.177742063999176025e-01 1.315061151981353760e-01
4.049251079559326172e-01 8.054593801498413086e-01
4.537371993064880371e-01 6.464360952377319336e-01
8.265890479087829590e-01 9.324208498001098633e-01
8.347154855728149414e-01 9.078140854835510254e-01
6.638939380645751953e-01 7.348556816577911377e-02
5.360509082674980164e-02 1.108443737030029297e-01
8.217593282461166382e-02 1.771064400672912598e-01
8.579390645027160645e-01 5.388401746749877930e-01
1.661096364259719849e-01 2.454389035701751709e-01
6.037301570177078247e-02 6.194818615913391113e-01
9.248481988906860352e-01 9.736135601997375488e-01
4.436233043670654297e-01 4.208620786666870117e-01
4.129668772220611572e-01 6.679505705833435059e-01
7.234461307525634766e-01 7.603596448898315430e-01
9.359338879585266113e-01 9.429724812507629395e-01
9.011840820312500000e-01 2.764877676963806152e-01
6.345953345298767090e-01 5.242717862129211426e-01
6.776507496833801270e-01 7.822707295417785645e-01
1.657989323139190674e-01 8.966155648231506348e-01
1.629970669746398926e-01 5.277658104896545410e-01
1.842708438634872437e-01 2.675721049308776855e-01
3.464987576007843018e-01 6.345373392105102539e-01
8.137135207653045654e-02 9.421100020408630371e-01
9.219360947608947754e-01 6.871337890625000000e-01
5.457914471626281738e-01 7.856305241584777832e-01
4.435851573944091797e-01 2.428856045007705688e-01
7.268004417419433594e-01 9.185909479856491089e-02
1.119261514395475388e-02 7.154401540756225586e-01
9.861885309219360352e-01 9.620264172554016113e-01
4.715443551540374756e-01 3.058909773826599121e-01
2.890536487102508545e-01 8.150107264518737793e-01
7.730628252029418945e-01 3.951624035835266113e-01
7.983022332191467285e-01 9.425081610679626465e-01
2.497139126062393188e-01 7.253491878509521484e-01
8.401343226432800293e-01 7.942387461662292480e-01
8.033709526062011719e-01 9.938099235296249390e-02
5.770938992500305176e-01 1.087171584367752075e-01
5.541726350784301758e-01 7.038422822952270508e-01
5.065359473228454590e-01 2.464090473949909210e-02
8.942928910255432129e-01 9.797365963459014893e-02
9.484078288078308105e-01 3.820911645889282227e-01
3.583272397518157959e-01 7.599110007286071777e-01
9.503147006034851074e-01 4.775165021419525146e-01
1.935031414031982422e-01 1.505074352025985718e-01
5.217810869216918945e-01 1.546509414911270142e-01
7.115809321403503418e-01 8.713603019714355469e-01
6.938601732254028320e-01 5.446380972862243652e-01
2.384447008371353149e-01 3.302139639854431152e-01
9.212182760238647461e-01 5.708852410316467285e-01
1.538581550121307373e-01 9.657684564590454102e-01
2.116165161132812500e-01 1.788325980305671692e-02
8.695309758186340332e-01 7.163668870925903320e-01
9.786337614059448242e-01 2.666403651237487793e-01
2.845768034458160400e-01 8.854553103446960449e-01
6.748955249786376953e-01 1.217562332749366760e-01
7.966049909591674805e-01 3.038860857486724854e-01
2.512845396995544434e-01 5.623715519905090332e-01
4.650446772575378418e-01 3.643351495265960693e-01
8.000939488410949707e-01 4.709121882915496826e-01
8.223565220832824707e-01 8.607701957225799561e-02
8.144683241844177246e-01 6.787589788436889648e-01
1.947438120841979980e-01 3.888439387083053589e-02
7.792473435401916504e-01 4.439401030540466309e-01
1.349587552249431610e-02 9.103776812553405762e-01
4.303255081176757812e-01 8.356428146362304688e-01
6.530806422233581543e-01 2.596691846847534180e-01
3.765299320220947266e-01 2.358880788087844849e-01
4.019412398338317871e-01 9.537289142608642578e-01
8.348854780197143555e-01 6.037487089633941650e-02
2.163832932710647583e-01 8.314669728279113770e-01
2.247311323881149292e-01 7.885354757308959961e-01
5.716326832771301270e-01 7.430920600891113281e-01
9.562709331512451172e-01 2.445602416992187500e-01
5.447060465812683105e-01 3.709638118743896484e-02
5.351161956787109375e-01 2.545152008533477783e-01
3.455368876457214355e-01 1.645090132951736450e-01
8.944073319435119629e-01 5.574286580085754395e-01
6.046271324157714844e-01 6.032188534736633301e-01
4.403225183486938477e-01 3.559830598533153534e-03
2.588980793952941895e-01 4.573220312595367432e-01
7.801350951194763184e-02 4.340597614645957947e-02
7.321549057960510254e-01 1.601242870092391968e-01
3.678568601608276367e-01 2.068878710269927979e-01
2.290946543216705322e-01 9.720015525817871094e-01
8.888990283012390137e-01 2.289315313100814819e-01
9.221239089965820312e-01 9.174276590347290039e-01
9.992713928222656250e-01 1.516528725624084473e-01
5.845912694931030273e-01 9.433964490890502930e-01
7.296894192695617676e-01 6.199533864855766296e-02
1.824166253209114075e-02 7.803695797920227051e-01
9.442877173423767090e-01 2.229117602109909058e-01
4.508542716503143311e-01 9.281581640243530273e-02
3.701984286308288574e-01 6.501678824424743652e-01
4.836397990584373474e-02 4.365592300891876221e-01
2.513463497161865234e-01 6.399917006492614746e-01
4.089857265353202820e-02 8.804540038108825684e-01
3.318253159523010254e-01 7.678583860397338867e-01
2.832565009593963623e-01 9.990388154983520508e-01
9.258834123611450195e-01 8.578792214393615723e-01
6.796987652778625488e-01 8.755090236663818359e-01
7.672759294509887695e-01 2.199623882770538330e-01
9.364956617355346680e-01 7.284060120582580566e-01
8.542200326919555664e-01 8.291286826133728027e-01
2.876994311809539795e-01 5.566219687461853027e-01
7.787566632032394409e-02 8.022705912590026855e-01
5.962960794568061829e-02 2.514349520206451416e-01
2.315916419029235840e-01 4.378342628479003906e-01
1.235254779458045959e-01 7.428977489471435547e-01
6.804478168487548828e-01 3.591478168964385986e-01
7.731032371520996094e-01 9.840150475502014160e-01
2.186097949743270874e-01 7.113708257675170898e-01
8.654717803001403809e-01 1.734948754310607910e-01
9.721650481224060059e-01 6.615602970123291016e-01
4.522570669651031494e-01 4.821274280548095703e-01
1.285653114318847656e-01 5.158053636550903320e-01
3.634834587574005127e-01 6.016508936882019043e-01
1.540678143501281738e-01 9.878926724195480347e-02
1.436743438243865967e-01 1.496712714433670044e-01
4.645738601684570312e-01 4.435517191886901855e-01
1.265424638986587524e-01 4.107961431145668030e-02
5.926504731178283691e-01 3.672614097595214844e-01
2.381088435649871826e-01 8.625177145004272461e-01
7.343360781669616699e-01 4.655633866786956787e-01
4.498785436153411865e-01 7.682081460952758789e-01
9.051765799522399902e-01 4.242503046989440918e-01
8.501353263854980469e-01 4.625281989574432373e-01
9.338762760162353516e-01 3.532719239592552185e-02
5.768076181411743164e-01 3.173625171184539795e-01
6.286728978157043457e-01 6.960740089416503906e-01
2.056522108614444733e-02 4.396520853042602539e-01
1.215044781565666199e-01 8.346248269081115723e-01
7.785930633544921875e-01 7.557850480079650879e-01
8.637848496437072754e-01 7.546162605285644531e-02
9.508084654808044434e-01 5.589503645896911621e-01
3.272041678428649902e-01 3.100834190845489502e-01
2.336305081844329834e-01 5.153676271438598633e-01
6.072514057159423828e-01 2.270351909101009369e-02
3.889466822147369385e-01 4.959098696708679199e-01
8.725482970476150513e-02 5.452376604080200195e-01
4.085142910480499268e-01 5.904806852340698242e-01
3.062718808650970459e-01 5.808981657028198242e-01
7.004105448722839355e-01 1.605622172355651855e-01
8.304271697998046875e-01 1.762832552194595337e-01
4.321630299091339111e-01 2.122904509305953979e-01
6.375558972358703613e-01 7.922160625457763672e-01
5.383488535881042480e-02 6.778843402862548828e-01
1.953343749046325684e-01 1.032059639692306519e-01
1.419170647859573364e-01 2.063375264406204224e-01
9.678160548210144043e-01 8.870090842247009277e-01
5.860514044761657715e-01 4.495314322412014008e-03
2.600109875202178955e-01 9.501428008079528809e-01
8.580944538116455078e-01 5.873228907585144043e-01
6.205318570137023926e-01 5.668562650680541992e-01
6.480113863945007324e-01 4.588660001754760742e-01
4.069187045097351074e-01 7.801877856254577637e-01
8.714885711669921875e-01 9.928299188613891602e-01
8.421927690505981445e-01 4.895443618297576904e-01
9.856248497962951660e-01 5.228777527809143066e-01
4.831670820713043213e-01 5.453068614006042480e-01
5.361394882202148438e-01 5.576926469802856445e-01
1.291047483682632446e-01 4.704882856458425522e-03
6.588255167007446289e-01 8.664908409118652344e-01
3.912374079227447510e-01 9.890171885490417480e-01
3.751566708087921143e-01 1.804039180278778076e-01
8.515353202819824219e-01 8.827375173568725586e-01
1.588079482316970825e-01 4.554002285003662109e-01
2.088988423347473145e-01 3.290334045886993408e-01
6.265379786491394043e-01 1.915395259857177734e-01
4.244408607482910156e-01 6.373684406280517578e-01
5.202656984329223633e-01 1.863334029912948608e-01
7.641702294349670410e-01 1.882093548774719238e-01
8.498111963272094727e-01 3.230881877243518829e-03
7.403703331947326660e-01 3.660200238227844238e-01
2.650184184312820435e-02 5.653285980224609375e-01
8.366034030914306641e-01 2.679556235671043396e-02
8.690037764608860016e-03 4.155710339546203613e-01
8.005121350288391113e-01 1.819933652877807617e-01
3.322725594043731689e-01 8.891445994377136230e-01
5.205472707748413086e-01 5.086299180984497070e-01
2.499878853559494019e-01 2.445746213197708130e-01
6.948914527893066406e-01 5.249136313796043396e-02
9.835342168807983398e-01 8.645296692848205566e-01
2.253754734992980957e-01 6.646832823753356934e-01
7.766348719596862793e-01 2.783580124378204346e-01
6.325415968894958496e-01 2.965852916240692139e-01
2.151108812540769577e-03 4.623426795005798340e-01
9.149957299232482910e-01 6.451613306999206543e-01
2.556154429912567139e-01 8.343362808227539062e-01
2.064888179302215576e-01 9.317319393157958984e-01
9.064458012580871582e-01 7.195950746536254883e-01
7.188909649848937988e-01 5.986280441284179688e-01
3.751876354217529297e-01 9.434322118759155273e-01
5.806444287300109863e-01 2.732619047164916992e-01
3.480017483234405518e-01 9.353753924369812012e-01
9.359380602836608887e-01 8.294857740402221680e-01
8.316637575626373291e-02 3.237752616405487061e-01
5.010917186737060547e-01 2.272379994392395020e-01
9.382379055023193359e-01 9.723965078592300415e-02
1.482278108596801758e-01 4.886538684368133545e-01
5.225554108619689941e-01 4.336290061473846436e-01
6.890525817871093750e-01 7.439839839935302734e-01
2.484386563301086426e-01 4.534134641289710999e-02
5.216488242149353027e-01 6.926640272140502930e-01
3.144424855709075928e-01 9.583000540733337402e-01
6.092761754989624023e-01 8.699038028717041016e-01
4.939155578613281250e-01 9.066380858421325684e-01
6.734850406646728516e-01 2.327981740236282349e-01
8.684635162353515625e-01 3.096688687801361084e-01
5.079426169395446777e-01 7.358654737472534180e-01
2.955734729766845703e-01 4.101562798023223877e-01
5.121352672576904297e-01 9.910741448402404785e-01
3.119474351406097412e-01 4.381896555423736572e-01
3.016280531883239746e-01 2.354045957326889038e-01
3.420356214046478271e-01 3.993255496025085449e-01
5.557137131690979004e-01 7.591020464897155762e-01
9.387516975402832031e-02 5.176829099655151367e-01
2.331764250993728638e-01 1.178274825215339661e-01
9.844146966934204102e-01 2.437958717346191406e-01
7.057149410247802734e-01 5.089271068572998047e-01
4.369852840900421143e-01 3.889531493186950684e-01
8.716690540313720703e-01 2.050850391387939453e-01
2.625100128352642059e-02 1.804568916559219360e-01
8.662332892417907715e-01 6.917093396186828613e-01
6.561931967735290527e-01 5.661214590072631836e-01
3.042122125625610352e-01 8.405478000640869141e-01
1.882259994745254517e-01 6.917754411697387695e-01
8.488885313272476196e-02 8.454595208168029785e-01
4.641066491603851318e-01 2.223946750164031982e-01
3.268716037273406982e-01 8.683924376964569092e-02
6.051604747772216797e-01 1.354151815176010132e-01
6.909855008125305176e-01 1.994322240352630615e-01
4.840636849403381348e-01 2.414687722921371460e-01
7.603976726531982422e-01 1.608119159936904907e-01
6.025645136833190918e-02 6.044832989573478699e-02
6.175494790077209473e-01 4.424459636211395264e-01
1.935597956180572510e-01 8.615407943725585938e-01
6.104193329811096191e-01 9.354105591773986816e-01
1.033066771924495697e-02 9.624989032745361328e-01
4.063041210174560547e-01 5.690482854843139648e-01
3.987482190132141113e-01 9.151887893676757812e-02
5.597863793373107910e-01 8.197172284126281738e-01
8.099572658538818359e-01 6.303820610046386719e-01
2.011475712060928345e-02 9.661363810300827026e-02
8.832203745841979980e-01 6.569291353225708008e-01
7.589023709297180176e-01 6.186431646347045898e-01
7.902764081954956055e-01 9.076755642890930176e-01
4.471980929374694824e-01 5.555094480514526367e-01
7.928190231323242188e-01 4.140387177467346191e-01
1.864036172628402710e-01 4.247742891311645508e-01
1.809584498405456543e-01 3.134356141090393066e-01
2.593292295932769775e-02 6.535434722900390625e-01
3.608541488647460938e-01 7.917089462280273438e-01
6.477206945419311523e-01 9.019517898559570312e-02
1.851103901863098145e-01 2.889882624149322510e-01
7.094905972480773926e-01 2.694961428642272949e-01
4.748451113700866699e-01 7.297136187553405762e-01
1.550672650337219238e-01 6.584926247596740723e-01
5.397986769676208496e-01 3.521422147750854492e-01
9.289360642433166504e-01 7.999571561813354492e-01
8.989049196243286133e-01 6.832827925682067871e-01
3.239820003509521484e-01 5.161074399948120117e-01
6.537241339683532715e-01 3.677158057689666748e-01
6.596314311027526855e-01 8.015516400337219238e-01
7.543988227844238281e-01 4.069988429546356201e-01
6.472491621971130371e-01 2.350948154926300049e-01
1.081556454300880432e-01 4.585856106132268906e-03
1.594412475824356079e-01 7.326880693435668945e-01
3.896301686763763428e-01 8.470695018768310547e-01
7.361420392990112305e-01 8.180872201919555664e-01
8.472754359245300293e-01 4.259150922298431396e-01
4.672208428382873535e-01 3.940896093845367432e-01
5.475433468818664551e-01 7.244892120361328125e-01
9.657815694808959961e-01 7.681683450937271118e-02
7.578274607658386230e-01 5.851645469665527344e-01
9.608352780342102051e-01 7.520626187324523926e-01
5.107087492942810059e-01 3.684428632259368896e-01
8.308082818984985352e-01 8.372179865837097168e-01
8.152366876602172852e-01 8.167183995246887207e-01
1.535744369029998779e-01 4.175901114940643311e-01
1.924979686737060547e-01 4.701436460018157959e-01
3.115153014659881592e-01 8.683206439018249512e-01
7.990753650665283203e-01 6.804672628641128540e-02
9.860351681709289551e-01 2.881023287773132324e-02
6.615275144577026367e-01 5.439482927322387695e-01
1.356371492147445679e-01 5.773902535438537598e-01
6.422529220581054688e-01 9.077226519584655762e-01
2.879569828510284424e-01 2.013634890317916870e-01
4.394183456897735596e-01 5.778777599334716797e-01
1.486452221870422363e-01 8.785459995269775391e-01
5.262053608894348145e-01 6.016112491488456726e-02
9.735076427459716797e-01 2.048660963773727417e-01
8.374063968658447266e-01 5.689421296119689941e-01
7.601981759071350098e-01 6.564528346061706543e-01
3.968607485294342041e-01 1.370743513107299805e-01
8.820148706436157227e-01 9.616258144378662109e-01
9.006461501121520996e-01 7.989920377731323242e-01
9.691993594169616699e-01 2.999600172042846680e-01
4.476473629474639893e-01 6.737111806869506836e-01
4.248605296015739441e-02 2.926337718963623047e-01
1.087596565485000610e-01 1.191518977284431458e-01
3.970260322093963623e-01 3.046474456787109375e-01
1.608222723007202148e-02 5.444461107254028320e-01
4.529380798339843750e-01 5.247004032135009766e-01
4.338081479072570801e-01 7.431218028068542480e-01
6.946847438812255859e-01 4.356501698493957520e-01
4.233324527740478516e-01 1.198742315173149109e-01
1.823789328336715698e-01 1.744207590818405151e-01
3.226982653141021729e-01 2.280629575252532959e-01
6.917753815650939941e-01 2.729873545467853546e-02
8.706616163253784180e-01 4.434807598590850830e-01
8.002912402153015137e-01 1.324280053377151489e-01
7.923081517219543457e-01 9.721449017524719238e-01
3.730260133743286133e-01 1.355113554745912552e-02
2.079842686653137207e-01 5.099784731864929199e-01
4.229427576065063477e-01 7.029137015342712402e-01
2.554166018962860107e-01 9.943479895591735840e-01
5.762858390808105469e-01 6.221088171005249023e-01
4.653019458055496216e-02 8.274584263563156128e-02
8.571788668632507324e-01 9.494315385818481445e-01
3.265076577663421631e-01 5.481961369514465332e-01
4.027435779571533203e-01 1.650514453649520874e-01
1.869878619909286499e-01 2.411603927612304688e-04
3.899692296981811523e-01 9.083570241928100586e-01
3.246241807937622070e-01 6.168306469917297363e-01
8.334484100341796875e-01 6.498124599456787109e-01
1.213631778955459595e-01 6.281315088272094727e-01
4.128675162792205811e-01 5.402393937110900879e-01
5.552971959114074707e-01 1.347567588090896606e-01
4.299997687339782715e-01 5.104593038558959961e-01
4.305452704429626465e-01 9.032775163650512695e-01
8.836684226989746094e-01 4.759166240692138672e-01
1.171073764562606812e-01 5.445044636726379395e-01
5.061297416687011719e-01 9.691991806030273438e-01
9.087637662887573242e-01 6.004964709281921387e-01
6.171581149101257324e-01 7.744827270507812500e-01
1.953458935022354126e-01 2.074059098958969116e-01
3.045533085241913795e-03 9.345613121986389160e-01
6.753885746002197266e-01 3.956060111522674561e-01
4.583914279937744141e-01 1.584709584712982178e-01
1.137898862361907959e-01 3.031911849975585938e-01
5.806086659431457520e-01 8.500186800956726074e-01
1.473442465066909790e-01 6.476058810949325562e-02
7.522729635238647461e-01 9.861472994089126587e-02
2.143310196697711945e-02 3.122307658195495605e-01
1.975177675485610962e-01 6.484986543655395508e-01
4.490684568881988525e-01 9.285879731178283691e-01
6.239209696650505066e-02 9.584624171257019043e-01
4.953303337097167969e-01 8.721140027046203613e-01
9.757926464080810547e-01 4.874017536640167236e-01
