8.420275449752807617e-01 7.587919235229492188e-01
1.879739314317703247e-01 7.935410737991333008e-01
7.393404841423034668e-01 8.073663711547851562e-01
2.075520008802413940e-01 4.280055165290832520e-01
9.670276641845703125e-01 9.804416298866271973e-01
1.291648149490356445e-01 2.662291526794433594e-01
6.432919502258300781e-01 8.837999701499938965e-01
7.180278301239013672e-01 9.960466027259826660e-01
7.919067144393920898e-01 4.251007139682769775e-01
6.869398355484008789e-01 4.495713114738464355e-01
1.322830319404602051e-01 8.258514404296875000e-01
7.440043985843658447e-02 6.405878067016601562e-01
9.260118007659912109e-01 1.824281364679336548e-01
2.391579300165176392e-01 4.494054913520812988e-01
5.559144616127014160e-01 9.824036359786987305e-01
4.256124496459960938e-01 3.603879511356353760e-01
6.672103404998779297e-01 3.722846210002899170e-01
9.668877124786376953e-01 2.899282872676849365e-01
2.402290105819702148e-01 9.217609763145446777e-01
9.499329924583435059e-01 1.928316801786422729e-01
6.911414265632629395e-01 3.447679579257965088e-01
4.402139224112033844e-03 1.462845802307128906e-01
9.521829485893249512e-01 9.412900805473327637e-01
1.937994062900543213e-01 8.309273719787597656e-01
6.395961642265319824e-01 2.582615315914154053e-01
1.070433929562568665e-01 3.468931317329406738e-01
8.152217864990234375e-01 1.997897028923034668e-01
5.655484795570373535e-01 4.816353917121887207e-01
5.567607283592224121e-01 6.909880042076110840e-01
1.765150725841522217e-01 1.292298734188079834e-01
1.497500240802764893e-01 7.161307930946350098e-01
9.919663667678833008e-01 2.161983773112297058e-02
9.460676908493041992e-01 2.427821457386016846e-01
2.447441220283508301e-01 5.697678327560424805e-01
2.778989970684051514e-01 8.532763123512268066e-01
1.054114997386932373e-01 7.062696218490600586e-01
4.494888186454772949e-01 2.816958129405975342e-01
2.239586561918258667e-01 8.046742081642150879e-01
7.157480120658874512e-01 6.960297822952270508e-01
5.988141894340515137e-01 9.407661110162734985e-02
5.420285463333129883e-01 6.428597569465637207e-01
9.326403737068176270e-01 2.136577968485653400e-04
3.390823304653167725e-01 9.660459160804748535e-01
8.014774918556213379e-01 5.633152127265930176e-01
2.235173285007476807e-01 3.146999180316925049e-01
6.800901889801025391e-02 3.676688075065612793e-01
4.526872634887695312e-01 9.274066686630249023e-01
4.477621018886566162e-01 2.056142538785934448e-01
2.778120934963226318e-01 2.985194921493530273e-01
9.042794108390808105e-01 9.301686286926269531e-01
6.244112849235534668e-01 7.121921181678771973e-01
4.735168516635894775e-01 1.668967306613922119e-01
2.835094630718231201e-01 1.631747186183929443e-01
5.160848498344421387e-01 2.958030402660369873e-01
6.140267848968505859e-01 8.441179990768432617e-01
2.552816569805145264e-01 3.495343625545501709e-01
1.784499734640121460e-02 3.962028026580810547e-02
4.454091787338256836e-01 5.002366304397583008e-01
6.303971409797668457e-01 5.768332481384277344e-01
2.686327099800109863e-01 9.031741023063659668e-01
7.528934478759765625e-01 4.385995566844940186e-01
6.062639951705932617e-01 1.799192130565643311e-01
9.580073356628417969e-01 1.646057814359664917e-01
4.217608869075775146e-01 2.847032248973846436e-01
4.304190631955862045e-03 9.738904237747192383e-01
1.008611917495727539e-01 3.239493072032928467e-01
3.564601242542266846e-01 4.895404279232025146e-01
4.622907340526580811e-01 6.686949729919433594e-01
8.609144687652587891e-01 8.916857838630676270e-01
9.141041636466979980e-01 6.704427599906921387e-01
9.130515158176422119e-02 6.145040988922119141e-01
9.303250312805175781e-01 6.347545981407165527e-01
5.654426813125610352e-01 9.294790625572204590e-01
8.396348357200622559e-01 1.181121394038200378e-01
1.993382871150970459e-01 3.583300411701202393e-01
1.703518927097320557e-01 1.989006847143173218e-01
3.113049268722534180e-01 3.918330669403076172e-01
1.942910403013229370e-01 3.145371675491333008e-01
4.579942226409912109e-01 8.004523515701293945e-01
1.633912026882171631e-01 9.890220761299133301e-01
6.872681975364685059e-01 7.256916761398315430e-01
1.189113035798072815e-01 2.973267436027526855e-01
1.827696859836578369e-01 2.872366011142730713e-01
5.724821686744689941e-01 2.412170767784118652e-01
5.050433874130249023e-01 8.648833632469177246e-01
4.304533302783966064e-01 3.144747614860534668e-01
8.004658222198486328e-01 7.722016572952270508e-01
7.019015550613403320e-01 9.807968735694885254e-01
8.338490724563598633e-01 3.011256158351898193e-01
5.420424938201904297e-01 4.538756012916564941e-01
3.998829722404479980e-01 2.141040563583374023e-01
1.003287732601165771e-01 2.246285378932952881e-01
1.361014544963836670e-01 7.397482395172119141e-01
9.309238195419311523e-01 6.060156971216201782e-02
7.121482491493225098e-01 8.674266338348388672e-01
8.256908059120178223e-01 8.451200127601623535e-01
2.404350489377975464e-01 8.916274309158325195e-01
2.740202248096466064e-01 3.217627406120300293e-01
9.321746975183486938e-02 3.713470697402954102e-01
1.123433187603950500e-01 1.061608567833900452e-01
8.355448842048645020e-01 2.269489914178848267e-01
9.529883861541748047e-01 7.195720076560974121e-01
1.329908985644578934e-02 4.531141817569732666e-01
3.424094915390014648e-01 2.479874938726425171e-01
9.733211398124694824e-01 8.989265561103820801e-01
9.586141109466552734e-01 8.500600457191467285e-01
8.535251021385192871e-01 7.153285741806030273e-01
2.659535109996795654e-01 6.661705374717712402e-01
7.811802625656127930e-01 4.204774647951126099e-02
9.943271875381469727e-01 7.789077758789062500e-01
6.178785562515258789e-01 2.287006080150604248e-01
2.044816762208938599e-01 7.127852439880371094e-01
1.066797152161598206e-01 2.489745467901229858e-01
1.498915404081344604e-01 7.652665972709655762e-01
2.923961281776428223e-01 3.531476557254791260e-01
3.699058294296264648e-01 5.356058478355407715e-01
6.751797795295715332e-01 4.211919307708740234e-01
3.908691406250000000e-01 5.522472262382507324e-01
5.596454739570617676e-01 8.944351077079772949e-01
3.222251534461975098e-01 9.948233366012573242e-01
2.799202501773834229e-01 6.360150575637817383e-01
3.077151626348495483e-02 3.098597526550292969e-01
1.311459988355636597e-01 9.216911196708679199e-01
6.587630510330200195e-01 4.578721821308135986e-01
7.816498279571533203e-01 2.020547725260257721e-02
7.282760739326477051e-01 1.355733573436737061e-01
2.153275310993194580e-01 5.703148841857910156e-01
2.521914541721343994e-01 2.386992275714874268e-01
5.256054997444152832e-01 8.512686192989349365e-02
3.032381087541580200e-02 7.660620808601379395e-01
3.516480028629302979e-01 3.760712742805480957e-01
3.942853510379791260e-01 2.645684406161308289e-03
3.659119009971618652e-01 1.596435904502868652e-01
9.337212443351745605e-01 6.975917816162109375e-01
7.591484189033508301e-01 6.898817420005798340e-01
8.662020564079284668e-01 5.904057025909423828e-01
8.256192207336425781e-01 7.100968360900878906e-01
7.568939924240112305e-01 7.759616971015930176e-01
9.587768912315368652e-01 8.147614002227783203e-01
2.249244749546051025e-01 9.446326494216918945e-01
3.186466097831726074e-01 1.721448451280593872e-01
8.545234799385070801e-02 9.137504100799560547e-01
3.337197378277778625e-02 1.589982211589813232e-01
1.303429454565048218e-01 4.945213794708251953e-01
3.057415364310145378e-03 6.553217172622680664e-01
3.617174625396728516e-01 6.000416874885559082e-01
4.342101216316223145e-01 1.866744011640548706e-01
7.027956843376159668e-01 2.420807480812072754e-01
3.916511237621307373e-01 8.845124840736389160e-01
9.855452179908752441e-01 3.753564655780792236e-01
5.949274897575378418e-01 9.949784278869628906e-01
5.989735126495361328e-01 3.260386586189270020e-01
3.637565299868583679e-02 3.819340169429779053e-01
8.899015188217163086e-01 4.195149615406990051e-02
8.064343333244323730e-01 7.941670417785644531e-01
4.364888668060302734e-01 4.331153333187103271e-01
5.790948867797851562e-01 2.666136622428894043e-01
3.720487654209136963e-01 6.744632124900817871e-01
1.823548674583435059e-01 2.408212423324584961e-01
5.960602760314941406e-01 7.811476588249206543e-01
4.497510790824890137e-01 5.877191945910453796e-02
1.110959649085998535e-01 6.599353998899459839e-02
9.072447419166564941e-01 6.289817690849304199e-01
1.072378233075141907e-01 1.365073472261428833e-01
4.748264253139495850e-01 8.839722275733947754e-01
3.013561666011810303e-01 4.908489882946014404e-01
5.679745078086853027e-01 8.150822520256042480e-01
7.931984663009643555e-01 4.626855254173278809e-01
9.197490662336349487e-02 4.503850936889648438e-01
8.993719518184661865e-02 2.884540855884552002e-01
9.806716442108154297e-01 1.637790948152542114e-01
5.029497742652893066e-01 9.245080351829528809e-01
8.601788878440856934e-01 8.286446928977966309e-01
7.357755303382873535e-01 9.077025949954986572e-02
2.910113520920276642e-02 8.400341272354125977e-01
8.476722836494445801e-01 8.663812279701232910e-01
5.944982171058654785e-01 9.284230470657348633e-01
4.379457831382751465e-01 6.841024756431579590e-01
6.805370450019836426e-01 9.627746343612670898e-01
3.522148355841636658e-02 1.545579172670841217e-02
3.849929869174957275e-01 7.634856700897216797e-01
5.171716809272766113e-01 8.452193737030029297e-01
6.218755245208740234e-01 3.813920915126800537e-01
6.718463301658630371e-01 7.425756752490997314e-02
3.279135376214981079e-02 1.180840581655502319e-01
1.263333559036254883e-01 5.511776804924011230e-01
7.845012545585632324e-01 5.061123371124267578e-01
3.110363483428955078e-01 3.191225528717041016e-01
9.255759716033935547e-01 2.188850790262222290e-01
1.981424838304519653e-01 7.568979859352111816e-01
3.511650487780570984e-02 9.505609869956970215e-01
5.627804398536682129e-01 5.730140209197998047e-01
4.712243378162384033e-01 8.387394547462463379e-01
9.675832986831665039e-01 3.414149582386016846e-01
1.668979674577713013e-01 9.967679530382156372e-02
6.503653526306152344e-01 2.890111804008483887e-01
8.123108148574829102e-01 9.778700470924377441e-01
3.645169138908386230e-01 7.024080306291580200e-02
8.819682598114013672e-01 6.964994072914123535e-01
3.866439163684844971e-01 1.391490697860717773e-01
6.971668004989624023e-01 2.419565990567207336e-02
1.725938171148300171e-01 5.343908071517944336e-01
4.468987584114074707e-01 5.303546786308288574e-01
9.052025079727172852e-01 5.196736454963684082e-01
2.400895953178405762e-01 4.974586665630340576e-01
3.596996366977691650e-01 1.242609396576881409e-01
7.879512310028076172e-01 6.863481998443603516e-01
8.505544066429138184e-01 4.308797419071197510e-01
4.851050302386283875e-02 8.942003846168518066e-01
7.996042966842651367e-01 5.358549356460571289e-01
9.425444006919860840e-01 5.985398292541503906e-01
3.120450377464294434e-01 2.417492568492889404e-01
2.592114806175231934e-01 1.066346466541290283e-02
6.860119104385375977e-01 8.845375776290893555e-01
1.317203789949417114e-01 8.988425135612487793e-01
7.358973026275634766e-01 2.792335450649261475e-01
8.385071158409118652e-01 7.888034582138061523e-01
7.384694218635559082e-01 5.586926937103271484e-01
3.443168401718139648e-01 4.552169442176818848e-01
2.907436788082122803e-01 9.722297191619873047e-01
4.006629884243011475e-01 8.001478314399719238e-01
3.033155500888824463e-01 5.866382718086242676e-01
7.449253797531127930e-01 9.728903174400329590e-01
3.304936289787292480e-01 8.928427100181579590e-01
7.111018896102905273e-01 6.433264166116714478e-02
6.139940023422241211e-01 1.137270480394363403e-01
9.808822274208068848e-01 2.348050326108932495e-01
5.358989834785461426e-01 5.628156289458274841e-02
2.445236295461654663e-01 6.226304769515991211e-01
3.398362994194030762e-01 5.671609640121459961e-01
1.741057634353637695e-01 4.608511924743652344e-01
5.657138228416442871e-01 7.755562663078308105e-01
2.143725156784057617e-01 7.316132783889770508e-01
2.108769714832305908e-01 1.581464856863021851e-01
1.426464617252349854e-01 6.919497251510620117e-02
5.493706464767456055e-01 8.669723272323608398e-01
4.811466112732887268e-02 1.950234323740005493e-01
3.164376365020871162e-03 3.635053932666778564e-01
8.953374028205871582e-01 5.409975051879882812e-01
2.236572355031967163e-01 4.632161557674407959e-01
7.445447444915771484e-01 2.731703594326972961e-02
9.489507675170898438e-01 3.740797638893127441e-01
6.276074051856994629e-01 7.795842885971069336e-01
4.357177913188934326e-01 8.183150291442871094e-01
8.702332377433776855e-01 1.114468127489089966e-01
7.808346748352050781e-01 9.976857900619506836e-01
5.790368318557739258e-01 6.520041823387145996e-01
5.998047590255737305e-01 4.568234086036682129e-02
5.152443051338195801e-02 7.878309488296508789e-01
1.745207756757736206e-01 3.331488668918609619e-01
7.656961679458618164e-03 1.112443208694458008e-01
7.768180966377258301e-02 8.310275673866271973e-01
8.123036623001098633e-01 6.723469123244285583e-03
1.173622459173202515e-01 7.756052613258361816e-01
6.194531917572021484e-01 4.725143313407897949e-01
5.997909903526306152e-01 5.273178219795227051e-01
4.712777435779571533e-01 2.817144095897674561e-01
8.898195624351501465e-01 3.413958549499511719e-01
3.307498991489410400e-01 7.402127385139465332e-01
3.079666495323181152e-01 1.060143932700157166e-01
9.896941184997558594e-01 7.399730086326599121e-01
9.021167755126953125e-01 1.148910745978355408e-01
9.646821022033691406e-01 7.832709550857543945e-01
9.319156408309936523e-01 3.047648966312408447e-01
7.576075196266174316e-01 5.503141507506370544e-02
6.992490291595458984e-01 9.373423457145690918e-01
8.093066811561584473e-01 8.193498849868774414e-01
6.598678231239318848e-01 4.868378639221191406e-01
8.325642943382263184e-01 5.384349226951599121e-01
8.305496722459793091e-02 1.415449231863021851e-01
6.538521051406860352e-01 4.065776988863945007e-02
1.126116588711738586e-01 3.269464895129203796e-02
8.926829695701599121e-01 8.964338898658752441e-01
5.343623757362365723e-01 2.502184808254241943e-01
7.677780813537538052e-04 2.773518860340118408e-01
4.504379630088806152e-01 6.383839249610900879e-01
5.945110917091369629e-01 4.028042256832122803e-01
5.815936252474784851e-02 2.494507730007171631e-01
1.925955116748809814e-01 9.161542654037475586e-01
4.858807325363159180e-01 6.628022789955139160e-01
8.766195774078369141e-01 8.597761988639831543e-01
7.437033653259277344e-01 3.729369640350341797e-01
5.935846567153930664e-01 2.121499627828598022e-01
6.190959215164184570e-01 3.506903052330017090e-01
2.559617161750793457e-01 7.563363760709762573e-02
1.471049636602401733e-01 1.354186981916427612e-01
6.713577508926391602e-01 8.665025830268859863e-01
4.967257678508758545e-01 4.290766119956970215e-01
7.307934761047363281e-01 7.433116436004638672e-01
4.863861501216888428e-01 3.137139379978179932e-01
6.555295586585998535e-01 9.123616218566894531e-01
6.747856736183166504e-01 2.108223438262939453e-01
1.054541766643524170e-01 9.870859980583190918e-01
1.122532188892364502e-01 4.248581230640411377e-01
1.430810242891311646e-01 6.721593737602233887e-01
5.197240710258483887e-01 6.242736577987670898e-01
1.744793951511383057e-01 7.151706814765930176e-01
6.312226057052612305e-01 6.441578865051269531e-01
5.935190320014953613e-01 7.309773564338684082e-02
7.456739544868469238e-01 8.403349518775939941e-01
6.723096370697021484e-01 9.426428675651550293e-01
3.253350257873535156e-01 4.717187285423278809e-01
6.839751601219177246e-01 8.156871795654296875e-01
5.039170980453491211e-01 3.403717279434204102e-01
7.527725696563720703e-01 6.692746281623840332e-01
1.432489603757858276e-01 3.145956993103027344e-01
4.549475908279418945e-01 8.628563880920410156e-01
1.585548818111419678e-01 4.739450290799140930e-02
5.821437835693359375e-01 8.941067457199096680e-01
6.646157503128051758e-01 1.009603962302207947e-01
9.736880064010620117e-01 3.960427939891815186e-01
9.528425335884094238e-02 4.013240039348602295e-01
9.940506815910339355e-01 8.510417938232421875e-01
4.579020738601684570e-01 2.541637420654296875e-01
6.869646906852722168e-01 3.061677515506744385e-01
1.603296995162963867e-01 1.904908753931522369e-02
2.597859799861907959e-01 3.871065676212310791e-01
2.477183938026428223e-01 8.184192776679992676e-01
7.896669507026672363e-01 2.254179865121841431e-01
8.703463077545166016e-01 1.435935646295547485e-01
4.009863734245300293e-01 8.324584364891052246e-01
1.579036861658096313e-01 6.346606016159057617e-01
4.712381362915039062e-01 4.424119889736175537e-01
9.833705425262451172e-01 8.766143321990966797e-01
1.320506073534488678e-02 5.509045720100402832e-01
8.717604279518127441e-01 6.266477704048156738e-01
8.537474274635314941e-01 4.016918689012527466e-02
1.890280097723007202e-01 9.722407460212707520e-01
2.879763953387737274e-02 2.251496315002441406e-01
5.030057430267333984e-01 8.929983377456665039e-01
1.057083159685134888e-01 9.258426427841186523e-01
7.546055316925048828e-02 3.132120240479707718e-03
6.998718380928039551e-01 1.557082533836364746e-01
9.242588877677917480e-01 5.678988099098205566e-01
8.586985468864440918e-01 4.614496231079101562e-01
7.194678783416748047e-01 9.100565314292907715e-01
1.746275424957275391e-01 3.744291663169860840e-01
3.724541366100311279e-01 7.209375500679016113e-01
2.720356583595275879e-01 5.782712101936340332e-01
4.305573105812072754e-01 4.611388146877288818e-01
8.973405957221984863e-01 9.643248915672302246e-01
2.876418530941009521e-01 2.429004460573196411e-01
1.323875337839126587e-01 4.618247449398040771e-01
6.042307019233703613e-01 6.365611553192138672e-01
2.496897131204605103e-01 1.037161573767662048e-01
3.943317830562591553e-01 9.703502058982849121e-01
2.269326746463775635e-01 6.363834440708160400e-02
4.367925226688385010e-01 7.773358225822448730e-01
8.693856596946716309e-01 5.601565241813659668e-01
5.058454871177673340e-01 4.655143320560455322e-01
8.246906995773315430e-01 2.660272270441055298e-02
1.288243979215621948e-01 7.021680474281311035e-01
6.389499306678771973e-01 5.479212403297424316e-01
6.776869297027587891e-01 5.283572077751159668e-01
3.045316636562347412e-01 6.669563651084899902e-01
1.404033750295639038e-01 9.845257997512817383e-01
2.721544504165649414e-01 9.898695945739746094e-01
7.250177860260009766e-01 6.407319307327270508e-01
5.396562218666076660e-01 3.618897795677185059e-01
4.950555562973022461e-01 9.590347409248352051e-01
4.108055830001831055e-01 2.575258910655975342e-01
6.516839265823364258e-01 2.317951172590255737e-01
3.626913726329803467e-01 9.934201240539550781e-01
8.208857178688049316e-01 8.755656480789184570e-01
1.771041005849838257e-01 6.082416176795959473e-01
7.698609232902526855e-01 9.148216992616653442e-02
2.858173549175262451e-01 5.501156449317932129e-01
9.574809670448303223e-01 7.423943281173706055e-01
1.590753644704818726e-01 7.943713068962097168e-01
6.089740991592407227e-01 6.024395823478698730e-01
5.281145572662353516e-01 5.678798556327819824e-01
3.773263692855834961e-01 3.385739922523498535e-01
9.769869446754455566e-01 4.532021880149841309e-01
8.970123529434204102e-01 3.723743855953216553e-01
6.517434120178222656e-01 3.558586537837982178e-01
3.558965027332305908e-02 5.595511794090270996e-01
9.999977350234985352e-01 6.306760311126708984e-01
9.937100410461425781e-01 9.537439942359924316e-01
1.869680136442184448e-01 1.359258871525526047e-02
9.141385555267333984e-01 7.896037101745605469e-01
6.651526689529418945e-01 9.888525009155273438e-01
7.142866402864456177e-02 4.411333203315734863e-01
1.062015444040298462e-01 6.585389375686645508e-01
5.465673804283142090e-01 8.411077260971069336e-01
9.125860929489135742e-01 2.830537855625152588e-01
7.976351976394653320e-01 2.966299951076507568e-01
8.264459967613220215e-01 9.029732942581176758e-01
6.389718651771545410e-01 9.400683045387268066e-01
6.748364567756652832e-01 6.012341976165771484e-01
6.849403977394104004e-01 6.674564480781555176e-01
7.214355468750000000e-01 6.705175042152404785e-01
3.080452978610992432e-01 8.173831701278686523e-01
8.922683000564575195e-01 4.184027016162872314e-01
9.457274079322814941e-01 6.766746044158935547e-01
4.275383949279785156e-01 6.411899924278259277e-01
3.008031845092773438e-01 1.913919448852539062e-01
5.990455746650695801e-01 6.787744164466857910e-01
3.823940157890319824e-01 3.681809306144714355e-01
3.576171994209289551e-01 7.386098504066467285e-01
9.244890511035919189e-02 8.246526122093200684e-02
8.701370954513549805e-01 2.019422203302383423e-01
5.156742334365844727e-01 1.585069894790649414e-01
8.072437644004821777e-01 2.399174571037292480e-01
3.878025114536285400e-01 6.256276369094848633e-01
3.072343170642852783e-01 5.489847660064697266e-01
2.234511375427246094e-01 9.715470075607299805e-01
9.950264692306518555e-01 7.066866755485534668e-01
3.880971968173980713e-01 6.984723210334777832e-01
3.396617621183395386e-02 4.237554371356964111e-01
9.619394540786743164e-01 4.215156137943267822e-01
8.194442987442016602e-01 3.406414985656738281e-01
1.197735220193862915e-01 6.011279225349426270e-01
1.747548580169677734e-01 6.467257738113403320e-01
2.742221951484680176e-02 7.366167306900024414e-01
8.855629563331604004e-01 2.714368999004364014e-01
5.769964456558227539e-01 1.708166673779487610e-02
2.781466841697692871e-01 6.930837035179138184e-01
4.374681413173675537e-01 8.876472115516662598e-01
1.210496053099632263e-01 9.514022469520568848e-01
3.274513483047485352e-01 7.984318733215332031e-01
3.276486396789550781e-01 1.512744128704071045e-01
2.583264708518981934e-01 1.766499727964401245e-01
5.592866539955139160e-01 6.640661954879760742e-01
4.918511807918548584e-01 1.412076950073242188e-01
7.896236181259155273e-01 6.292639970779418945e-01
9.415945410728454590e-01 4.420524537563323975e-01
7.373049259185791016e-01 5.285896658897399902e-01
5.693414062261581421e-02 5.473273992538452148e-01
6.665937602519989014e-02 3.407318294048309326e-01
9.455352425575256348e-01 8.695194125175476074e-01
5.680299997329711914e-01 4.163302183151245117e-01
4.286816418170928955e-01 7.296141982078552246e-01
4.690093994140625000e-01 2.139909379184246063e-02
8.144173026084899902e-01 6.903784275054931641e-01
7.956171631813049316e-01 5.930195450782775879e-01
6.346514821052551270e-01 6.161814332008361816e-01
4.268807470798492432e-01 5.568517446517944336e-01
3.227072656154632568e-01 1.232224032282829285e-01
7.957699894905090332e-01 9.180651903152465820e-01
6.514581441879272461e-01 7.822967171669006348e-01
8.364549279212951660e-01 1.435589790344238281e-01
1.263774186372756958e-01 7.994095087051391602e-01
9.696120023727416992e-02 6.814799308776855469e-01
2.370493263006210327e-01 6.797960400581359863e-01
4.788828194141387939e-01 5.510695576667785645e-01
4.692950546741485596e-01 9.919934272766113281e-01
7.457395792007446289e-01 6.082460880279541016e-01
7.429902553558349609e-01 1.721522510051727295e-01
3.887754380702972412e-01 9.640037268400192261e-02
5.415444374084472656e-01 4.920065999031066895e-01
4.155461192131042480e-01 5.763935297727584839e-02
5.845000147819519043e-01 7.303606271743774414e-01
5.053914785385131836e-01 7.904179692268371582e-01
4.973834455013275146e-01 6.338209509849548340e-01
9.812432527542114258e-02 5.257143378257751465e-01
7.925886660814285278e-02 1.979942470788955688e-01
3.891621232032775879e-01 1.844621896743774414e-01
2.032552361488342285e-01 6.491290926933288574e-01
3.437742292881011963e-01 9.787119179964065552e-02
9.373750090599060059e-01 1.022451445460319519e-01
3.715084865689277649e-03 5.882867053151130676e-02
7.674150466918945312e-01 5.329918265342712402e-01
5.799636840820312500e-01 3.410127758979797363e-01
8.378845453262329102e-01 6.260871291160583496e-01
5.925183296203613281e-01 1.251580715179443359e-01
7.239769101142883301e-01 3.142734467983245850e-01
6.542581319808959961e-01 5.925019383430480957e-01
5.539813637733459473e-01 2.180573195219039917e-01
3.066382184624671936e-02 8.650557398796081543e-01
4.661119282245635986e-01 7.659267634153366089e-02
1.037905290722846985e-01 1.768731176853179932e-01
1.794395148754119873e-01 6.843576431274414062e-01
5.143254399299621582e-01 3.871133625507354736e-01
5.455586314201354980e-02 1.273784786462783813e-01
9.265731573104858398e-01 9.239984750747680664e-01
8.632504343986511230e-01 1.658242344856262207e-01
1.158154681324958801e-01 6.328521966934204102e-01
5.742021799087524414e-01 9.610987901687622070e-01
3.437491059303283691e-01 9.376367330551147461e-01
2.413648813962936401e-01 8.571985363960266113e-01
2.999719083309173584e-01 7.605994939804077148e-01
9.628815650939941406e-01 5.026974678039550781e-01
6.349205970764160156e-02 5.193671584129333496e-01
4.822878539562225342e-02 7.000620365142822266e-01
9.803151488304138184e-01 2.575006484985351562e-01
4.250030517578125000e-01 3.912875056266784668e-01
1.595371812582015991e-01 2.948482632637023926e-01
7.016376852989196777e-01 4.731077849864959717e-01
8.719075322151184082e-01 9.729106426239013672e-01
3.159827888011932373e-01 2.185751199722290039e-01
7.765827775001525879e-01 2.580665349960327148e-01
3.975357413291931152e-01 4.571287333965301514e-01
3.364575207233428955e-01 7.758631110191345215e-01
4.354742765426635742e-01 9.121969938278198242e-01
4.248864352703094482e-01 1.108389496803283691e-01
4.375984072685241699e-01 2.843985706567764282e-02
8.026509881019592285e-01 3.236162066459655762e-01
5.796978995203971863e-02 9.266363978385925293e-01
4.097807407379150391e-01 6.674230098724365234e-01
4.197507500648498535e-01 8.258609473705291748e-02
4.755307137966156006e-01 9.146134257316589355e-01
5.320293307304382324e-01 9.006103277206420898e-01
5.018341541290283203e-01 2.486014515161514282e-01
4.992229044437408447e-01 8.030531927943229675e-03
3.553992807865142822e-01 6.384112238883972168e-01
7.429034113883972168e-01 7.117379903793334961e-01
1.646781563758850098e-01 8.255253434181213379e-01
2.270056754350662231e-01 8.317801356315612793e-01
5.180908441543579102e-01 1.864704042673110962e-01
9.711180329322814941e-01 5.758740305900573730e-01
6.344872117042541504e-01 8.529434800148010254e-01
9.681526422500610352e-01 4.811442270874977112e-02
3.354339599609375000e-01 6.019848585128784180e-01
1.100181229412555695e-02 3.438238501548767090e-01
5.404873490333557129e-01 9.998613595962524414e-01
2.158849984407424927e-01 5.359065532684326172e-01
9.034218192100524902e-01 8.256457000970840454e-02
2.982992827892303467e-01 7.877116203308105469e-01
7.587575912475585938e-01 3.172481954097747803e-01
7.011204361915588379e-01 7.525842785835266113e-01
7.008603215217590332e-02 7.703801393508911133e-01
3.845117986202239990e-01 4.904705584049224854e-01
8.596498370170593262e-01 6.791895031929016113e-01
7.679426670074462891e-01 8.051131367683410645e-01
2.671060264110565186e-01 6.055696606636047363e-01
7.030825614929199219e-01 4.993361234664916992e-01
3.920560777187347412e-01 2.911049723625183105e-01
5.527417659759521484e-01 3.334107100963592529e-01
4.848235249519348145e-01 1.160273924469947815e-01
7.113050222396850586e-01 4.195603132247924805e-01
4.085997939109802246e-01 5.265445113182067871e-01
7.144173979759216309e-01 5.647717714309692383e-01
8.739514350891113281e-01 7.424861192703247070e-02
6.128426194190979004e-01 8.853660225868225098e-01
7.077252864837646484e-01 2.204914093017578125e-01
7.855229377746582031e-01 8.373471498489379883e-01
3.648488223552703857e-01 7.751417756080627441e-01
7.045633196830749512e-01 7.116656303405761719e-01
4.063325226306915283e-01 4.243272244930267334e-01
6.368787884712219238e-01 6.783815622329711914e-01
2.959836721420288086e-01 6.225526332855224609e-01
3.303610384464263916e-01 4.210617020726203918e-02
9.122477769851684570e-01 3.713304921984672546e-02
1.292786300182342529e-01 1.761045306921005249e-02
8.156542181968688965e-01 5.116037130355834961e-01
3.556109964847564697e-01 8.532454967498779297e-01
5.391626954078674316e-01 5.267110466957092285e-01
3.247390091419219971e-01 5.090195536613464355e-01
7.234047651290893555e-01 4.393000602722167969e-01
1.487574279308319092e-01 4.388604760169982910e-01
2.502513229846954346e-01 5.193971395492553711e-01
4.796615540981292725e-01 7.018992304801940918e-01
5.030467510223388672e-01 5.583778768777847290e-02
6.798245906829833984e-01 7.641013860702514648e-01
3.687818720936775208e-02 3.408586382865905762e-01
3.554046154022216797e-02 8.426616340875625610e-02
7.010144591331481934e-01 6.378263235092163086e-01
9.466357827186584473e-01 7.477274537086486816e-02
4.570784270763397217e-01 4.691674411296844482e-01
6.808234453201293945e-01 1.224845871329307556e-01
6.681724786758422852e-01 8.382726311683654785e-01
7.878548502922058105e-01 1.541017740964889526e-01
4.041932821273803711e-01 7.416192889213562012e-01
5.796669051051139832e-03 8.744491636753082275e-02
5.206944942474365234e-01 4.203903079032897949e-01
1.822652481496334076e-02 7.058476209640502930e-01
3.215495049953460693e-01 6.230255961418151855e-01
6.685110181570053101e-02 4.067921936511993408e-01
5.545759201049804688e-01 2.804961800575256348e-02
7.924470305442810059e-01 7.623969018459320068e-02
1.025674492120742798e-01 8.300833702087402344e-01
4.933764412999153137e-02 4.402182996273040771e-01
7.658227086067199707e-01 2.896026968955993652e-01
1.953456848859786987e-01 5.103614330291748047e-01
8.777269124984741211e-01 5.054063200950622559e-01
6.160563230514526367e-01 3.085561841726303101e-02
9.207293391227722168e-01 3.544783294200897217e-01
3.768005371093750000e-01 5.759786367416381836e-01
9.729322791099548340e-01 7.001740336418151855e-01
7.600121498107910156e-01 7.440605163574218750e-01
8.800125867128372192e-02 7.954142093658447266e-01
2.711178064346313477e-01 8.791020512580871582e-01
1.407665014266967773e-01 1.813884824514389038e-01
2.286128848791122437e-01 2.308847159147262573e-01
7.415394186973571777e-01 3.446603417396545410e-01
8.135497570037841797e-01 6.164325475692749023e-01
5.818862915039062500e-01 1.796962916851043701e-01
2.488450706005096436e-01 7.872210741043090820e-01
5.644582211971282959e-02 7.201157510280609131e-02
6.425507068634033203e-01 1.661293953657150269e-02
3.785824403166770935e-02 5.103092789649963379e-01
4.850677847862243652e-01 4.339995235204696655e-02
1.615943908691406250e-01 9.311924576759338379e-01
2.774842977523803711e-01 8.234682083129882812e-01
8.140444010496139526e-02 9.532648324966430664e-01
2.869283556938171387e-01 3.896104693412780762e-01
8.597775101661682129e-01 9.133477210998535156e-01
9.184892773628234863e-01 8.815456628799438477e-01
2.602882683277130127e-02 1.955203264951705933e-01
1.178879886865615845e-01 2.063247114419937134e-01
9.367508292198181152e-01 5.419306755065917969e-01
2.330520600080490112e-01 6.497867703437805176e-01
6.680063605308532715e-01 3.275537788867950439e-01
5.351040363311767578e-01 1.276257634162902832e-01
5.647166371345520020e-01 1.418037265539169312e-01
1.857607811689376831e-01 5.811424180865287781e-02
8.016222119331359863e-01 1.047766134142875671e-01
2.121253013610839844e-01 9.234383469447493553e-04
2.150285989046096802e-01 8.957330137491226196e-02
1.531129628419876099e-01 9.525776505470275879e-01
5.440767407417297363e-01 4.091961979866027832e-01
5.356240868568420410e-01 9.364885091781616211e-01
8.161711692810058594e-02 5.601906776428222656e-01
6.711358428001403809e-01 1.081880461424589157e-02
9.742958545684814453e-01 8.546256273984909058e-02
3.800012469291687012e-01 4.182109534740447998e-01
7.747843861579895020e-01 3.345274329185485840e-01
6.242968440055847168e-01 7.120205163955688477e-01
5.396860837936401367e-01 6.031914949417114258e-01
8.571774363517761230e-01 6.497849225997924805e-01
2.036534100770950317e-01 1.307414770126342773e-01
2.147222310304641724e-01 7.781088948249816895e-01
6.623653769493103027e-01 7.049261331558227539e-01
8.690596818923950195e-01 3.837939500808715820e-01
3.600296974182128906e-01 4.056367278099060059e-01
8.995008468627929688e-01 6.000790596008300781e-01
6.551686525344848633e-01 6.622295379638671875e-01
3.046503067016601562e-01 6.911588907241821289e-01
1.083124196156859398e-03 4.237199723720550537e-01
8.457201719284057617e-01 8.099641203880310059e-01
6.064136028289794922e-01 8.106523156166076660e-01
3.933381140232086182e-01 6.492679119110107422e-01
9.474485516548156738e-01 7.656009793281555176e-01
7.016354203224182129e-01 8.395664095878601074e-01
4.931890666484832764e-01 2.694947719573974609e-01
4.496291577816009521e-01 4.109625816345214844e-01
3.003179728984832764e-01 4.555141031742095947e-01
7.229896187782287598e-01 3.815765380859375000e-01
5.300590991973876953e-01 9.620479345321655273e-01
1.872579157352447510e-01 8.785520792007446289e-01
6.838085651397705078e-01 9.084004759788513184e-01
3.946094810962677002e-01 2.807500585913658142e-02
5.792620778083801270e-01 5.893640518188476562e-01
2.890943586826324463e-01 1.785275712609291077e-02
2.440920844674110413e-02 9.252044558525085449e-01
1.258574724197387695e-01 8.648308515548706055e-01
2.553391456604003906e-01 5.429180264472961426e-01
7.685431241989135742e-01 6.053560376167297363e-01
1.390674803406000137e-02 8.860007524490356445e-01
5.950923562049865723e-01 1.512191146612167358e-01
9.090439677238464355e-01 6.651022704318165779e-04
6.472516059875488281e-01 4.378384351730346680e-01
2.346636652946472168e-01 1.951758377254009247e-02
6.205411553382873535e-01 9.194967150688171387e-01
8.702253699302673340e-01 2.378893047571182251e-01
5.204994678497314453e-01 6.639816761016845703e-01
8.436288833618164062e-01 3.215159475803375244e-01
1.537482738494873047e-01 3.659482300281524658e-01
9.819774031639099121e-01 6.682406663894653320e-01
8.903828859329223633e-01 4.866578876972198486e-01
2.349426448345184326e-01 3.805435299873352051e-01
8.227542042732238770e-01 9.598530828952789307e-02
7.809377908706665039e-01 7.553762197494506836e-01
4.190720021724700928e-01 9.840022325515747070e-01
8.373526334762573242e-01 6.871230155229568481e-02
7.665721774101257324e-01 4.562990963459014893e-01
2.893652021884918213e-01 5.433442816138267517e-02
1.708249151706695557e-01 1.647245734930038452e-01
3.207085132598876953e-01 2.282870933413505554e-02
9.920425415039062500e-01 5.395988821983337402e-01
4.903613030910491943e-01 8.521722257137298584e-02
6.454436182975769043e-01 4.020529687404632568e-01
5.066639780998229980e-01 9.815486073493957520e-01
7.644271850585937500e-01 1.602609157562255859e-01
9.915184974670410156e-01 5.905292630195617676e-01
9.123466014862060547e-01 7.616987228393554688e-01
2.770960032939910889e-01 4.260114729404449463e-01
4.767152667045593262e-02 4.074411094188690186e-02
6.316724419593811035e-01 1.853590309619903564e-01
4.093111455440521240e-01 1.672827452421188354e-01
7.241501212120056152e-01 8.238013386726379395e-01
8.663322925567626953e-01 4.138502776622772217e-01
9.197815060615539551e-01 4.413649439811706543e-01
5.935035347938537598e-01 4.542911052703857422e-01
2.411361336708068848e-01 1.532637923955917358e-01
6.693670153617858887e-01 6.302206516265869141e-01
4.776111841201782227e-01 7.883948087692260742e-01
6.258052587509155273e-01 4.352195858955383301e-01
4.483126401901245117e-01 1.397356688976287842e-01
1.040180493146181107e-02 3.994027972221374512e-01
8.882680535316467285e-01 8.153393268585205078e-01
4.295734465122222900e-01 8.510149717330932617e-01
5.147376060485839844e-01 5.453829765319824219e-01
9.013255238533020020e-01 3.114020824432373047e-01
6.803261637687683105e-01 5.611571669578552246e-01
2.702903449535369873e-01 7.510850429534912109e-01
5.580641627311706543e-01 2.991796135902404785e-01
1.339115053415298462e-01 5.172758102416992188e-01
1.406801212579011917e-02 5.897218585014343262e-01
5.775710344314575195e-01 7.570269703865051270e-01
7.218555212020874023e-01 2.010797560214996338e-01
3.530425727367401123e-01 2.180308848619461060e-01
9.824877381324768066e-01 4.851997792720794678e-01
7.245239615440368652e-01 7.761939167976379395e-01
4.771245718002319336e-01 4.792573451995849609e-01
1.407061964273452759e-01 2.191105931997299194e-01
6.374742984771728516e-01 3.225751221179962158e-01
4.884608685970306396e-01 3.650019466876983643e-01
3.553858399391174316e-01 1.619062013924121857e-02
2.394695729017257690e-01 4.182561635971069336e-01
5.172486901283264160e-01 7.293152809143066406e-01
7.750063538551330566e-01 9.490205645561218262e-01
3.391466438770294189e-01 3.426661491394042969e-01
7.932128906250000000e-01 1.833431571722030640e-01
4.566335976123809814e-01 1.155385375022888184e-01
3.045985698699951172e-01 8.818769454956054688e-01
5.681065320968627930e-01 5.700299143791198730e-02
3.474615514278411865e-01 6.730869412422180176e-01
3.650927245616912842e-01 8.058215975761413574e-01
8.707156777381896973e-02 4.900361597537994385e-01
8.537571430206298828e-01 4.734084475785493851e-03
2.469286769628524780e-01 3.105732500553131104e-01
8.384510129690170288e-02 5.884282588958740234e-01
3.609164617955684662e-03 9.167397022247314453e-01
7.855433039367198944e-03 8.132756948471069336e-01
9.042889475822448730e-01 1.408741176128387451e-01
2.858263440430164337e-02 6.704822778701782227e-01
9.483371376991271973e-01 4.736530482769012451e-01
6.958562731742858887e-01 8.861845731735229492e-02
5.194626450538635254e-01 4.976910054683685303e-01
8.410466909408569336e-01 2.617200314998626709e-01
9.050740003585815430e-01 8.526505827903747559e-01
1.253863424062728882e-01 1.531756818294525146e-01
4.582034945487976074e-01 3.235662281513214111e-01
7.772229909896850586e-01 3.894648551940917969e-01
8.826063573360443115e-02 2.353737317025661469e-02
1.450576819479465485e-02 5.168116688728332520e-01
1.842616200447082520e-01 8.521464467048645020e-02
4.404867887496948242e-01 9.908686280250549316e-01
3.257540464401245117e-01 6.558253765106201172e-01
8.999623358249664307e-02 8.859634399414062500e-01
2.188615314662456512e-02 6.186586022377014160e-01
6.789143085479736328e-01 1.446129977703094482e-01
9.801433086395263672e-01 1.200226843357086182e-01
5.822228640317916870e-02 8.164619207382202148e-01
5.597311258316040039e-01 3.840156793594360352e-01
4.567999541759490967e-01 7.201859354972839355e-01
7.569041848182678223e-01 1.234235689043998718e-01
6.117106676101684570e-01 2.643272280693054199e-01
3.762654662132263184e-01 2.088659703731536865e-01
8.512396216392517090e-01 4.860155284404754639e-01
3.328972160816192627e-01 3.989401757717132568e-01
9.712507724761962891e-01 2.326797926798462868e-03
4.727685749530792236e-01 6.223332285881042480e-01
3.790829479694366455e-01 9.319831132888793945e-01
8.910721540451049805e-01 6.578769683837890625e-01
5.437094569206237793e-01 2.709768712520599365e-01
4.925901815295219421e-02 2.835542857646942139e-01
2.799295783042907715e-01 2.665795683860778809e-01
9.340502023696899414e-01 3.277926146984100342e-01
3.551693558692932129e-01 3.267473876476287842e-01
6.028357893228530884e-02 6.061924099922180176e-01
6.437528133392333984e-01 8.163490295410156250e-01
2.826352119445800781e-01 5.126747488975524902e-01
4.257727861404418945e-01 9.516136646270751953e-01
8.247533440589904785e-01 4.194131493568420410e-01
5.243648886680603027e-01 2.771049179136753082e-02
4.512380361557006836e-01 3.832584619522094727e-01
8.560569286346435547e-01 5.210071206092834473e-01
7.163322567939758301e-01 1.725310087203979492e-01
5.897313356399536133e-01 8.628523945808410645e-01
5.502944588661193848e-01 7.356068491935729980e-01
4.934798479080200195e-01 8.212906718254089355e-01
8.185855150222778320e-01 4.809868633747100830e-01
8.741593956947326660e-01 9.349977970123291016e-01
2.303860783576965332e-01 5.960957407951354980e-01
8.660549521446228027e-01 7.349356412887573242e-01
9.201393127441406250e-01 7.300798296928405762e-01
1.205533929169178009e-02 4.835871756076812744e-01
4.163137376308441162e-01 4.910198450088500977e-01
3.428052365779876709e-01 3.018493056297302246e-01
3.956428468227386475e-01 3.904824554920196533e-01
6.065856218338012695e-01 4.230620861053466797e-01
2.227300554513931274e-01 2.019437104463577271e-01
5.931814014911651611e-02 9.703713059425354004e-01
7.440474629402160645e-01 9.258664846420288086e-01
7.408218830823898315e-02 1.045729443430900574e-01
9.124421477317810059e-01 4.750902950763702393e-01
4.581342935562133789e-01 7.547373175621032715e-01
4.471147358417510986e-01 2.330246418714523315e-01
3.264111876487731934e-01 7.243227213621139526e-02
8.986479043960571289e-01 2.097178250551223755e-01
4.141857102513313293e-02 6.396496891975402832e-01
3.334337770938873291e-01 2.703763842582702637e-01
7.236431241035461426e-01 9.489242434501647949e-01
2.072017937898635864e-01 4.923617541790008545e-01
4.048703312873840332e-01 6.087116599082946777e-01
4.594921171665191650e-01 3.543331623077392578e-01
2.103210836648941040e-01 8.981551527976989746e-01
9.998844265937805176e-01 3.112873136997222900e-01
5.493758916854858398e-01 1.589618027210235596e-01
7.500328123569488525e-03 2.330819368362426758e-01
4.524481296539306641e-01 5.637304782867431641e-01
2.623274028301239014e-01 4.497317969799041748e-01
2.230564206838607788e-01 3.458201885223388672e-01
1.902284920215606689e-01 5.846604704856872559e-01
2.086704373359680176e-01 4.103941842913627625e-02
2.806330621242523193e-01 2.140405774116516113e-01
1.445056051015853882e-01 5.385785698890686035e-01
6.803752779960632324e-01 7.879425287246704102e-01
8.632532954216003418e-01 2.834215462207794189e-01
6.421379446983337402e-01 2.062483280897140503e-01
4.480036348104476929e-02 5.849967598915100098e-01
2.863478362560272217e-01 1.354998052120208740e-01
3.533298671245574951e-01 5.206082463264465332e-01
2.120587974786758423e-01 3.925231397151947021e-01
6.518160104751586914e-01 7.414136528968811035e-01
1.620577424764633179e-01 8.766365051269531250e-01
5.812721252441406250e-01 2.967349886894226074e-01
4.803611636161804199e-01 2.232976108789443970e-01
9.719362258911132812e-01 5.249031186103820801e-01
3.699459135532379150e-01 9.624947905540466309e-01
7.973159849643707275e-02 5.237178131937980652e-02
7.438892722129821777e-01 2.382408678531646729e-01
9.344529509544372559e-01 5.077759027481079102e-01
7.263498306274414062e-01 5.932298898696899414e-01
9.115715026855468750e-01 3.925453722476959229e-01
6.397567689418792725e-02 2.243679165840148926e-01
8.375655412673950195e-01 9.367100000381469727e-01
4.092798531055450439e-01 1.317954957485198975e-01
6.358384490013122559e-01 6.766881793737411499e-02
9.607660174369812012e-01 1.337828636169433594e-01
2.635348141193389893e-01 9.505920410156250000e-01
9.469526410102844238e-01 2.086018398404121399e-02
6.308604478836059570e-01 5.167616009712219238e-01
8.042184710502624512e-01 3.970774710178375244e-01
3.420814573764801025e-01 9.163511991500854492e-01
3.783263266086578369e-01 2.483914941549301147e-01
5.869367122650146484e-01 3.722418248653411865e-01
5.521637201309204102e-01 1.876613646745681763e-01
1.576938480138778687e-01 8.548913598060607910e-01
6.382163166999816895e-01 9.545665234327316284e-02
3.069232702255249023e-01 9.597589373588562012e-01
4.815438687801361084e-01 3.973716199398040771e-01
1.036037355661392212e-01 7.464026212692260742e-01
9.858162999153137207e-01 8.224588632583618164e-01
3.113468885421752930e-01 8.485698699951171875e-01
8.252245783805847168e-01 6.579845547676086426e-01
2.708553969860076904e-01 7.267203330993652344e-01
6.154749393463134766e-01 7.495320439338684082e-01
6.765139102935791016e-02 3.138039708137512207e-01
5.711862444877624512e-01 6.175164580345153809e-01
5.105911493301391602e-01 6.918841600418090820e-01
4.292944371700286865e-01 6.049404144287109375e-01
6.599521040916442871e-01 1.626496762037277222e-01
8.668447285890579224e-02 7.195218205451965332e-01
3.213678598403930664e-01 3.579869568347930908e-01
3.724690377712249756e-01 4.523055255413055420e-01
8.552811741828918457e-01 3.510430157184600830e-01
7.915955781936645508e-01 8.722247481346130371e-01
9.721305966377258301e-01 6.202593445777893066e-01
4.141093790531158447e-01 7.735393643379211426e-01
5.363245010375976562e-01 7.051456570625305176e-01
5.875247120857238770e-01 4.967582225799560547e-01
9.583459496498107910e-01 2.130831182003021240e-01
6.046915054321289062e-01 9.556188583374023438e-01
2.061885297298431396e-01 6.162802577018737793e-01
6.580840349197387695e-01 5.163977146148681641e-01
8.983159661293029785e-01 7.104605436325073242e-01
1.986433565616607666e-01 1.781645119190216064e-01
4.397628009319305420e-01 1.596998870372772217e-01
9.767705202102661133e-01 9.333075881004333496e-01
4.903763532638549805e-01 7.574255466461181641e-01
9.531231522560119629e-01 6.474373936653137207e-01
6.944501399993896484e-01 3.887419998645782471e-01
7.350892424583435059e-01 4.708270728588104248e-01
7.167755365371704102e-01 2.639711797237396240e-01
7.601783871650695801e-01 9.348973631858825684e-01
5.255587697029113770e-01 8.153657913208007812e-01
4.647474884986877441e-01 9.585827589035034180e-01
6.830559670925140381e-02 7.487009763717651367e-01
3.409814536571502686e-01 8.711639642715454102e-01
9.625766873359680176e-01 3.116932213306427002e-01
6.285874247550964355e-01 1.491301953792572021e-01
7.514318823814392090e-01 4.075517654418945312e-01
5.179228186607360840e-01 1.130558028817176819e-01
6.720876097679138184e-01 2.651537656784057617e-01
2.099162042140960693e-01 6.816235184669494629e-01
1.896606236696243286e-01 2.132011502981185913e-01
8.771386742591857910e-01 7.821693420410156250e-01
4.946425259113311768e-01 5.017741918563842773e-01
7.563124299049377441e-01 6.372280716896057129e-01
1.369850635528564453e-01 1.022715643048286438e-01
7.223058938980102539e-01 4.671430215239524841e-02
8.948281407356262207e-01 1.713038533926010132e-01
8.175949454307556152e-01 1.595864444971084595e-01
9.299287796020507812e-01 8.054277896881103516e-01
6.806909292936325073e-02 8.597975969314575195e-01
2.383012771606445312e-01 7.329851388931274414e-01
1.622750759124755859e-01 4.836573302745819092e-01
6.839551329612731934e-01 1.884266138076782227e-01
9.234830737113952637e-01 8.331779241561889648e-01
8.363182544708251953e-01 7.049595564603805542e-02
5.266427993774414062e-01 7.683764100074768066e-01
9.298179149627685547e-01 9.667704701423645020e-01
6.970252990722656250e-01 5.933381915092468262e-01
7.383300662040710449e-01 4.996768832206726074e-01
7.720897197723388672e-01 2.065237909555435181e-01
4.981949552893638611e-02 9.908167123794555664e-01
7.888594269752502441e-01 7.221950292587280273e-01
1.460633277893066406e-01 4.067141413688659668e-01
5.826194584369659424e-02 7.210602760314941406e-01
5.485414266586303711e-01 7.926651835441589355e-01
5.746786668896675110e-02 4.887200295925140381e-01
3.808920085430145264e-01 8.471933007240295410e-01
6.214075088500976562e-01 4.973215758800506592e-01
1.517069935798645020e-01 5.752483010292053223e-01
1.673459708690643311e-01 2.644852995872497559e-01
8.397318720817565918e-01 5.601592063903808594e-01
1.712237447500228882e-01 4.280188679695129395e-01
8.323041796684265137e-01 5.880680084228515625e-01
3.523437678813934326e-01 1.828239262104034424e-01
5.695708990097045898e-01 4.482177197933197021e-01
1.153744533658027649e-01 5.739054083824157715e-01
9.039841890335083008e-01 2.428147047758102417e-01
2.021422386169433594e-01 4.702558219432830811e-01
4.097284376621246338e-01 5.747602581977844238e-01
1.378014683723449707e-01 3.429734408855438232e-01
8.252167105674743652e-01 3.618717193603515625e-01
8.216434121131896973e-01 4.493891596794128418e-01
5.291676521301269531e-01 3.230442702770233154e-01
7.490805983543395996e-01 2.010907977819442749e-01
1.001722514629364014e-01 8.548426032066345215e-01
2.481088973581790924e-02 7.983647584915161133e-01
4.918079674243927002e-01 7.325898408889770508e-01
1.848695874214172363e-01 4.011057615280151367e-01
1.823462396860122681e-01 5.614104270935058594e-01
1.920371949672698975e-01 9.418339133262634277e-01
1.531047821044921875e-01 2.384607046842575073e-01
6.286034733057022095e-02 6.721251606941223145e-01
7.717303931713104248e-03 1.765737831592559814e-01
8.483327627182006836e-01 9.686009883880615234e-01
2.553640305995941162e-01 4.398369416594505310e-02
5.635673999786376953e-01 5.495474338531494141e-01
3.928170502185821533e-01 5.543532222509384155e-02
7.913007140159606934e-01 6.578646898269653320e-01
6.243711113929748535e-01 9.685009717941284180e-01
2.465372681617736816e-01 2.764289975166320801e-01
2.294125705957412720e-01 1.177371069788932800e-01
7.603285908699035645e-01 8.575614690780639648e-01
6.018038392066955566e-01 5.567072033882141113e-01
2.893926799297332764e-01 8.488586544990539551e-02
1.758153587579727173e-01 7.489910125732421875e-01
1.231942921876907349e-01 3.806915283203125000e-01
4.100007712841033936e-01 8.639301061630249023e-01
2.134978324174880981e-01 2.841258049011230469e-01
2.758536040782928467e-01 4.702501296997070312e-01
7.411499619483947754e-01 6.959105841815471649e-03
2.506327927112579346e-01 7.064951658248901367e-01
7.440429329872131348e-01 8.824502825736999512e-01
8.333912491798400879e-01 3.897716104984283447e-01
7.808996438980102539e-01 9.705786705017089844e-01
1.370487362146377563e-01 6.372711062431335449e-01
7.745053768157958984e-01 4.855875968933105469e-01
4.833595156669616699e-01 5.205824971199035645e-01
1.081198677420616150e-01 4.772464334964752197e-01
8.176406025886535645e-01 9.484279751777648926e-01
4.877454936504364014e-01 1.927716135978698730e-01
3.258006870746612549e-01 5.306604504585266113e-01
3.602457344532012939e-01 4.483011737465858459e-02
4.083630442619323730e-01 9.195566177368164062e-01
3.075130879878997803e-01 2.841700613498687744e-01
9.493440985679626465e-01 2.757658958435058594e-01
9.311218857765197754e-01 1.474371701478958130e-01
9.325454831123352051e-01 4.035351872444152832e-01
3.652533292770385742e-01 8.984109759330749512e-01
4.585821032524108887e-01 5.942612886428833008e-01
2.727554738521575928e-01 1.110391169786453247e-01
2.912449836730957031e-01 9.173544645309448242e-01
3.179595768451690674e-01 4.296323359012603760e-01
2.778855711221694946e-02 2.618257999420166016e-01
5.620729923248291016e-01 1.028841286897659302e-01
7.089293599128723145e-01 1.087179258465766907e-01
2.092874944210052490e-01 2.448055893182754517e-01
2.711110413074493408e-01 7.871333956718444824e-01
8.164499402046203613e-01 7.402978539466857910e-01
3.092801272869110107e-01 9.384889006614685059e-01
8.113185167312622070e-01 2.666796445846557617e-01
8.838725090026855469e-01 4.460712429136037827e-03
3.390233516693115234e-01 7.027611136436462402e-01
5.854230523109436035e-01 7.021474838256835938e-01
2.014551311731338501e-01 8.601723313331604004e-01
9.019732475280761719e-01 5.723830461502075195e-01
6.832249462604522705e-02 1.636179387569427490e-01
7.694352269172668457e-01 8.991321325302124023e-01
5.197356939315795898e-01 2.182389199733734131e-01
4.112487733364105225e-01 3.427846729755401611e-01
7.638849616050720215e-01 5.725419521331787109e-01
4.188439548015594482e-01 2.283273339271545410e-01
8.758364915847778320e-01 3.098169565200805664e-01
7.899865508079528809e-01 1.259044557809829712e-01
7.075739502906799316e-01 5.305086374282836914e-01
8.853299021720886230e-01 7.472686171531677246e-01
9.605210423469543457e-01 5.560821890830993652e-01
6.112976670265197754e-01 2.965280413627624512e-01
5.023737549781799316e-01 5.968105196952819824e-01
6.937330365180969238e-01 2.811571061611175537e-01
4.909131824970245361e-01 5.762597918510437012e-01
1.147342845797538757e-02 9.994189739227294922e-01
3.050615191459655762e-01 7.244721651077270508e-01
9.449244737625122070e-01 9.043889641761779785e-01
8.405189514160156250e-01 1.838674098253250122e-01
3.463722169399261475e-01 8.252401351928710938e-01
5.646883249282836914e-01 5.268585681915283203e-01
4.171842336654663086e-01 7.035097479820251465e-01
2.531622052192687988e-01 2.005832046270370483e-01
6.243811249732971191e-01 9.975261688232421875e-01
3.945765495300292969e-01 3.142497539520263672e-01
8.175615966320037842e-02 2.639753520488739014e-01
7.731646299362182617e-01 3.642821907997131348e-01
8.857213258743286133e-01 4.513403177261352539e-01
3.644509315490722656e-01 2.825876474380493164e-01
5.813192725181579590e-01 8.379564285278320312e-01
7.089503407478332520e-01 3.544287085533142090e-01
