3.919569849967956543e-01 3.828271925449371338e-01
4.192364513874053955e-01 4.225429594516754150e-01
3.918785750865936279e-01 4.044794142246246338e-01
4.114576876163482666e-01 1.840572059154510498e-01
3.829408288002014160e-01 7.729097008705139160e-01
1.586094051599502563e-01 2.546357810497283936e-01
1.831373423337936401e-01 7.393833994865417480e-01
7.157107591629028320e-01 7.726120948791503906e-01
6.994862556457519531e-01 7.899817824363708496e-01
1.823502480983734131e-01 5.928646922111511230e-01
6.959159970283508301e-01 1.989843249320983887e-01
9.619019627571105957e-01 9.309574365615844727e-01
7.247409820556640625e-01 4.247313737869262695e-01
6.854797005653381348e-01 1.219892781227827072e-02
8.129379153251647949e-01 2.693636119365692139e-01
1.782596558332443237e-01 8.145864605903625488e-01
9.065279960632324219e-01 1.338074952363967896e-01
1.212688758969306946e-01 4.382175803184509277e-01
5.226764082908630371e-01 3.143691420555114746e-01
7.815947532653808594e-01 7.688763141632080078e-01
3.785818219184875488e-01 3.266008794307708740e-01
6.831608414649963379e-01 5.030959248542785645e-01
8.814573287963867188e-02 3.147268593311309814e-01
5.356822609901428223e-01 9.537474513053894043e-01
6.736196875572204590e-01 6.281255483627319336e-01
1.570621579885482788e-01 7.289451360702514648e-02
5.443126559257507324e-01 8.331255316734313965e-01
8.498528599739074707e-01 1.880095154047012329e-02
4.688308537006378174e-01 7.061289548873901367e-01
8.551487922668457031e-01 1.783188134431838989e-01
5.393034219741821289e-01 8.613936901092529297e-01
3.178540244698524475e-02 3.162422776222229004e-01
3.145551979541778564e-01 2.871218621730804443e-01
6.014042496681213379e-01 4.982444345951080322e-01
5.157979726791381836e-01 9.226516485214233398e-01
3.418380916118621826e-01 9.187853336334228516e-01
2.317269593477249146e-01 6.508433222770690918e-01
4.408532083034515381e-01 8.730529546737670898e-01
3.574094176292419434e-01 6.255747675895690918e-01
9.255264997482299805e-01 5.385996103286743164e-01
3.500414490699768066e-01 8.839767575263977051e-01
7.001747488975524902e-01 7.426553368568420410e-01
5.093041062355041504e-01 6.405116319656372070e-01
7.990306615829467773e-01 3.832914531230926514e-01
4.464722573757171631e-01 1.634547412395477295e-01
5.592144131660461426e-01 6.017194986343383789e-01
9.377391934394836426e-01 1.767439693212509155e-01
7.472228407859802246e-01 9.740835428237915039e-01
3.311211764812469482e-01 4.521540105342864990e-01
5.806143879890441895e-01 6.454168558120727539e-01
6.823709011077880859e-01 6.910126805305480957e-01
7.289454340934753418e-01 8.432567119598388672e-01
3.771671354770660400e-01 7.150372266769409180e-01
7.871173024177551270e-01 1.377344280481338501e-01
4.193768203258514404e-01 5.656133890151977539e-01
2.614817619323730469e-01 8.395076990127563477e-01
9.634683132171630859e-01 2.520482540130615234e-01
4.918485581874847412e-01 5.242651104927062988e-01
2.594243586063385010e-01 6.854868531227111816e-01
8.105291128158569336e-01 9.208941459655761719e-01
1.561763882637023926e-01 8.039641380310058594e-01
1.481045782566070557e-01 3.568826615810394287e-01
1.520925015211105347e-01 1.013416796922683716e-01
8.031511306762695312e-01 5.655386447906494141e-01
8.836860656738281250e-01 9.577855467796325684e-01
1.223847866058349609e-01 7.627205252647399902e-01
9.550011157989501953e-01 3.512324094772338867e-01
5.131200551986694336e-01 3.392612934112548828e-01
2.034662067890167236e-01 8.325520753860473633e-01
8.863502740859985352e-01 6.970959901809692383e-01
5.571569204330444336e-01 2.207242250442504883e-01
9.305621981620788574e-01 8.559536933898925781e-01
3.595015108585357666e-01 8.452489972114562988e-01
2.343594580888748169e-01 5.953540205955505371e-01
8.437966108322143555e-01 4.871753454208374023e-01
6.570023894309997559e-01 3.717353343963623047e-01
4.263561964035034180e-01 2.752445638179779053e-01
6.756438016891479492e-01 5.875227972865104675e-02
4.099093973636627197e-01 7.367205619812011719e-01
4.369766414165496826e-01 3.333591818809509277e-01
2.718136310577392578e-01 8.887313604354858398e-01
8.097341060638427734e-01 1.087435036897659302e-01
8.961241841316223145e-01 5.905840992927551270e-01
2.782053351402282715e-01 3.022786416113376617e-02
3.120400309562683105e-01 9.790170937776565552e-02
7.552746683359146118e-02 8.628176450729370117e-01
7.437649369239807129e-01 3.616445064544677734e-01
4.020351171493530273e-01 6.592155694961547852e-01
4.271795451641082764e-01 5.321433544158935547e-01
4.750056192278862000e-02 3.785887062549591064e-01
4.890410602092742920e-01 6.853146553039550781e-01
4.465379118919372559e-01 6.747794151306152344e-01
1.686220318078994751e-01 3.354176580905914307e-01
1.213189586997032166e-01 5.168729424476623535e-01
6.935507059097290039e-01 3.687990903854370117e-01
1.332429945468902588e-01 5.387588143348693848e-01
1.526361983269453049e-02 6.275540590286254883e-01
1.114767417311668396e-01 2.200846672058105469e-01
9.465221166610717773e-01 1.128955557942390442e-01
9.949002265930175781e-01 7.861992716789245605e-02
8.746009469032287598e-01 7.311636805534362793e-01
8.874657750129699707e-01 8.541395068168640137e-01
4.999555051326751709e-01 4.926429986953735352e-01
1.821301877498626709e-01 5.449910163879394531e-01
6.626383066177368164e-01 3.369173705577850342e-01
8.409438729286193848e-01 7.745652794837951660e-01
6.742140054702758789e-01 8.804828524589538574e-01
3.616847693920135498e-01 2.208582013845443726e-01
1.863284409046173096e-01 4.901820421218872070e-01
3.009057044982910156e-01 5.690681338310241699e-01
6.408767104148864746e-01 7.291224598884582520e-01
6.836881041526794434e-01 8.537284284830093384e-02
4.259110093116760254e-01 9.438967704772949219e-01
4.970702826976776123e-01 9.027937650680541992e-01
5.626357197761535645e-01 9.460788369178771973e-01
9.749442338943481445e-01 1.922126263380050659e-01
6.229919195175170898e-01 8.512879014015197754e-01
2.540066838264465332e-01 3.499802350997924805e-01
6.384531855583190918e-01 3.948269486427307129e-01
8.002566695213317871e-01 4.762895405292510986e-01
3.028469383716583252e-01 4.491393566131591797e-01
8.168554306030273438e-01 2.416383624076843262e-01
2.731805201619863510e-03 2.287432849407196045e-01
3.343288600444793701e-01 2.705201804637908936e-01
1.114030461758375168e-02 1.455808430910110474e-01
6.087367534637451172e-01 7.865003496408462524e-02
6.820454001426696777e-01 9.061164855957031250e-01
6.431549787521362305e-01 5.450680851936340332e-01
8.614367842674255371e-01 9.450882077217102051e-01
7.913234829902648926e-01 8.018146455287933350e-02
2.980396449565887451e-01 7.219544053077697754e-01
5.989256501197814941e-01 5.818964913487434387e-02
8.734097480773925781e-01 4.725568592548370361e-01
4.758158624172210693e-01 9.845575690269470215e-01
6.483294963836669922e-01 2.327965199947357178e-01
9.801031947135925293e-01 3.536590337753295898e-01
4.765720367431640625e-01 2.709144949913024902e-01
2.637532353401184082e-01 7.376794815063476562e-01
9.671361446380615234e-01 3.933273553848266602e-01
1.324005126953125000e-01 6.336851716041564941e-01
1.630861908197402954e-01 2.892181575298309326e-01
6.656342148780822754e-01 5.682889819145202637e-01
1.041167303919792175e-01 7.364942431449890137e-01
8.876085281372070312e-01 3.299013376235961914e-01
8.079193234443664551e-01 3.487780392169952393e-01
4.826917052268981934e-01 7.816409468650817871e-01
5.580424070358276367e-01 3.776873052120208740e-01
9.708272665739059448e-02 6.012352705001831055e-01
7.908384203910827637e-01 4.430135786533355713e-01
4.487408399581909180e-01 7.949151992797851562e-01
4.566292166709899902e-01 2.873514890670776367e-01
9.020433574914932251e-02 1.263495068997144699e-02
4.751591011881828308e-02 4.082725942134857178e-01
3.576605916023254395e-01 6.907870173454284668e-01
6.616054773330688477e-01 7.908681035041809082e-01
3.804555833339691162e-01 4.290972352027893066e-01
1.518438011407852173e-02 2.847059667110443115e-01
7.405461668968200684e-01 3.062749207019805908e-01
9.970829486846923828e-01 6.551117897033691406e-01
3.018449842929840088e-01 6.242418289184570312e-01
6.926954984664916992e-01 1.335447281599044800e-01
3.111066995188593864e-03 9.948747754096984863e-01
2.421757131814956665e-01 4.167027771472930908e-01
7.161394357681274414e-01 6.099614873528480530e-02
9.941132068634033203e-01 7.730500102043151855e-01
3.905285298824310303e-01 1.090055983513593674e-02
2.736217677593231201e-01 2.384369522333145142e-01
4.381593465805053711e-01 8.473297953605651855e-01
5.440960526466369629e-01 1.583806723356246948e-01
7.504534721374511719e-01 8.479398488998413086e-02
6.042804121971130371e-01 8.777472376823425293e-01
5.919911861419677734e-01 8.074298501014709473e-01
4.951017796993255615e-01 3.023096621036529541e-01
6.440338492393493652e-01 5.145621299743652344e-02
5.072718858718872070e-01 1.423362344503402710e-01
8.249764442443847656e-01 4.583931267261505127e-01
3.878575563430786133e-01 7.430245876312255859e-01
5.016908645629882812e-01 1.204707846045494080e-01
7.719901800155639648e-01 1.600507199764251709e-01
6.591065526008605957e-01 3.063253462314605713e-01
5.921890139579772949e-01 9.456830024719238281e-01
9.490467309951782227e-01 6.822244822978973389e-02
7.530899047851562500e-01 3.924017548561096191e-01
2.325394153594970703e-01 9.677470922470092773e-01
2.155193388462066650e-01 6.028025597333908081e-02
9.925337433815002441e-01 4.301513731479644775e-01
2.239363640546798706e-02 1.674856692552566528e-01
9.091168045997619629e-01 2.233826220035552979e-01
6.643072366714477539e-01 4.600761830806732178e-01
1.883553117513656616e-01 1.337774246931076050e-01
4.510940015316009521e-01 9.710665345191955566e-01
4.645195603370666504e-01 7.575561404228210449e-01
9.202814102172851562e-01 2.697520554065704346e-01
7.003968954086303711e-01 8.364289402961730957e-01
5.539315938949584961e-01 7.784235477447509766e-01
7.329976558685302734e-01 6.728122234344482422e-01
8.477285504341125488e-01 2.654109597206115723e-01
4.472131431102752686e-01 4.500803537666797638e-03
9.872567057609558105e-01 4.950138032436370850e-01
1.416356563568115234e-01 3.662164881825447083e-02
7.240791320800781250e-01 1.570256054401397705e-01
5.262485742568969727e-01 5.162298679351806641e-01
3.268023729324340820e-01 6.974528431892395020e-01
9.132368564605712891e-01 8.834916353225708008e-01
3.609506785869598389e-01 2.962615787982940674e-01
6.065864488482475281e-02 7.177823185920715332e-01
3.771141767501831055e-01 8.228495717048645020e-02
2.307117879390716553e-01 5.282340049743652344e-01
9.613087177276611328e-01 5.161685943603515625e-01
4.312549233436584473e-01 7.675229310989379883e-01
1.354309022426605225e-01 8.995262384414672852e-01
3.023473918437957764e-01 8.685231208801269531e-01
7.469121217727661133e-01 2.807530201971530914e-02
9.366396814584732056e-03 3.497144281864166260e-01
2.460044175386428833e-01 7.197411060333251953e-01
7.941744327545166016e-01 4.126758277416229248e-01
7.213875651359558105e-01 3.967552185058593750e-01
6.585368514060974121e-01 1.494007408618927002e-01
9.380764365196228027e-01 3.709402382373809814e-01
8.094187378883361816e-01 7.458143830299377441e-01
2.485017478466033936e-01 3.187527060508728027e-01
2.044578492641448975e-01 3.689412772655487061e-01
4.592332243919372559e-01 3.607376515865325928e-01
1.976269185543060303e-01 8.339907974004745483e-02
7.507997751235961914e-01 3.315779864788055420e-01
6.806303858757019043e-01 3.002899587154388428e-01
4.417134821414947510e-01 2.174551039934158325e-01
8.183851838111877441e-01 8.424323797225952148e-01
6.950908303260803223e-01 8.605061173439025879e-01
9.716960787773132324e-01 1.257606297731399536e-01
5.325041413307189941e-01 7.197780609130859375e-01
6.983184814453125000e-01 4.638252556324005127e-01
1.817780286073684692e-01 3.026510179042816162e-01
4.384289681911468506e-02 1.067341268062591553e-01
9.581795334815979004e-01 4.571035876870155334e-02
8.248019814491271973e-01 4.264366030693054199e-01
5.055420398712158203e-01 5.549584627151489258e-01
1.186744943261146545e-01 3.875027000904083252e-01
1.137711256742477417e-01 6.205644607543945312e-01
7.113587856292724609e-01 3.273211717605590820e-01
7.165604829788208008e-02 1.200230643153190613e-01
7.011750340461730957e-01 2.886595577001571655e-02
7.454320043325424194e-02 4.392404258251190186e-01
5.364701747894287109e-01 3.925406932830810547e-01
8.832028508186340332e-01 4.752754047513008118e-02
9.511056542396545410e-02 1.819401681423187256e-01
4.023789167404174805e-01 8.158323764801025391e-01
9.520342350006103516e-01 1.999284178018569946e-01
9.653652310371398926e-01 4.742942452430725098e-01
3.683122396469116211e-01 9.868982434272766113e-01
1.164182499051094055e-01 9.453213810920715332e-01
3.212549388408660889e-01 3.353883326053619385e-01
7.713617682456970215e-01 5.001457929611206055e-01
3.657283186912536621e-01 1.504107415676116943e-01
9.728227257728576660e-01 8.435282856225967407e-02
1.725344508886337280e-01 9.012010693550109863e-01
7.910837531089782715e-01 6.421772837638854980e-01
3.853723704814910889e-01 9.391092061996459961e-01
4.898823499679565430e-01 8.721546083688735962e-02
2.435314208269119263e-01 9.976989030838012695e-01
5.875025689601898193e-02 9.806813597679138184e-01
1.417977809906005859e-01 6.894944310188293457e-01
2.572821974754333496e-01 6.518706679344177246e-01
4.589390009641647339e-02 4.914353489875793457e-01
1.023289933800697327e-01 2.545864582061767578e-01
6.859742999076843262e-01 3.434427976608276367e-01
9.924973249435424805e-01 1.171823441982269287e-01
1.752836704254150391e-01 3.796484768390655518e-01
1.348954886198043823e-01 1.179948449134826660e-01
1.978845000267028809e-01 6.241714954376220703e-01
7.975721359252929688e-01 2.745748870074748993e-02
3.526860773563385010e-01 4.069456756114959717e-01
2.023479938507080078e-01 1.816184818744659424e-01
2.007344067096710205e-01 4.110308289527893066e-01
3.411273658275604248e-01 3.143131136894226074e-01
5.122982859611511230e-01 2.016603201627731323e-01
5.754325985908508301e-01 3.054670691490173340e-01
7.477741837501525879e-01 7.243266701698303223e-01
8.378143906593322754e-01 2.075607925653457642e-01
5.654782056808471680e-01 9.096999168395996094e-01
7.344251871109008789e-01 7.511877417564392090e-01
2.644490003585815430e-01 7.790907621383666992e-01
4.810469225049018860e-02 5.273036360740661621e-01
9.190761297941207886e-02 9.169474244117736816e-01
8.372084051370620728e-02 6.361347436904907227e-01
2.633260190486907959e-01 9.480234980583190918e-01
4.151241779327392578e-01 6.133431196212768555e-01
4.998854994773864746e-01 6.201803088188171387e-01
8.744982481002807617e-01 4.227855205535888672e-01
2.011872828006744385e-01 4.667782485485076904e-01
4.293966889381408691e-01 7.804891467094421387e-02
8.062828332185745239e-02 8.288695812225341797e-01
9.974100440740585327e-02 7.717156410217285156e-01
4.060990810394287109e-01 7.874721288681030273e-01
1.883343905210494995e-01 6.689672470092773438e-01
1.575420647859573364e-01 7.368981242179870605e-01
4.570652544498443604e-01 3.251759409904479980e-01
6.179398894309997559e-01 2.325273491442203522e-02
6.741182804107666016e-01 5.978428721427917480e-01
5.143979191780090332e-01 8.401050567626953125e-01
5.341054201126098633e-01 7.036253064870834351e-02
8.451952934265136719e-01 2.349456995725631714e-01
1.019196659326553345e-01 8.018770813941955566e-01
1.908718943595886230e-01 7.077205181121826172e-01
7.196257114410400391e-01 9.722815155982971191e-01
7.515816092491149902e-01 4.838300943374633789e-01
2.553152441978454590e-01 3.102664276957511902e-02
4.274841547012329102e-01 6.603075861930847168e-01
4.662576019763946533e-01 1.198723092675209045e-01
3.577855229377746582e-01 5.802550315856933594e-01
7.842674851417541504e-01 3.326228559017181396e-01
3.953624367713928223e-01 2.666888535022735596e-01
6.314926147460937500e-01 7.742021679878234863e-01
4.170724451541900635e-01 9.810950756072998047e-01
7.614206671714782715e-01 7.572793364524841309e-01
2.328832000494003296e-01 8.330301046371459961e-01
5.827919840812683105e-01 7.610849738121032715e-01
8.125363588333129883e-01 9.941676855087280273e-01
6.127486824989318848e-01 9.883576035499572754e-01
4.338465929031372070e-01 3.767897188663482666e-01
1.983409672975540161e-01 2.102234363555908203e-01
5.157889127731323242e-01 8.025509119033813477e-01
3.478265702724456787e-01 1.198346614837646484e-01
3.219077587127685547e-01 2.475414872169494629e-01
3.033875226974487305e-01 8.030092120170593262e-01
8.202142715454101562e-01 6.133924722671508789e-01
9.999017119407653809e-01 3.798653185367584229e-01
8.588350415229797363e-01 9.037444591522216797e-01
1.418823599815368652e-01 3.972252905368804932e-01
2.242615073919296265e-02 2.060043960809707642e-01
2.998719811439514160e-01 3.067476451396942139e-01
2.974694669246673584e-01 1.414846628904342651e-01
5.262538194656372070e-01 2.398407310247421265e-01
8.626153469085693359e-01 4.531275629997253418e-01
8.847852945327758789e-01 7.798690795898437500e-01
3.508436977863311768e-01 9.416323304176330566e-01
1.532784849405288696e-01 1.418190002441406250e-01
9.247983694076538086e-01 4.015960991382598877e-01
1.711057275533676147e-01 1.633914411067962646e-01
7.143747210502624512e-01 5.224689841270446777e-01
6.489796042442321777e-01 4.437066018581390381e-01
8.494891524314880371e-01 4.225149452686309814e-01
9.331364631652832031e-01 7.566052675247192383e-01
2.843374311923980713e-01 2.684344351291656494e-01
1.037610173225402832e-01 3.406995534896850586e-01
4.924080520868301392e-02 9.458594322204589844e-01
7.524353861808776855e-01 2.281450480222702026e-01
7.709400653839111328e-01 6.826731562614440918e-01
7.438418269157409668e-01 1.262156069278717041e-01
1.764513254165649414e-01 5.349894985556602478e-02
8.487083911895751953e-01 1.498767733573913574e-01
6.589525341987609863e-01 2.445724792778491974e-02
2.998073399066925049e-01 6.713314652442932129e-01
2.120183259248733521e-01 1.529219895601272583e-01
6.613989472389221191e-01 8.426114916801452637e-01
3.898476660251617432e-01 1.202106550335884094e-01
6.298738121986389160e-01 6.037214398384094238e-01
2.200834602117538452e-01 3.938155174255371094e-01
8.300635218620300293e-01 3.184519410133361816e-01
9.261270165443420410e-01 7.988726496696472168e-01
5.291111767292022705e-02 8.546987771987915039e-01
1.211624592542648315e-02 6.830648779869079590e-01
3.382639586925506592e-02 5.902552604675292969e-01
2.721857726573944092e-01 9.983892440795898438e-01
1.141723096370697021e-01 7.149429917335510254e-01
8.308309316635131836e-01 8.798884153366088867e-01
2.731037326157093048e-02 4.319677650928497314e-01
9.472587704658508301e-01 6.214300990104675293e-01
3.075352869927883148e-02 6.465590000152587891e-01
9.452012777328491211e-01 9.797642230987548828e-01
9.031605124473571777e-01 1.997477859258651733e-01
2.648807466030120850e-01 3.944379687309265137e-01
8.833069205284118652e-01 4.987861812114715576e-01
3.548615276813507080e-01 7.615073919296264648e-01
6.582674384117126465e-01 2.007688432931900024e-01
4.192520678043365479e-02 7.949389815330505371e-01
1.706143468618392944e-01 6.963328719139099121e-01
8.307084441184997559e-01 5.889502763748168945e-01
5.934348106384277344e-01 4.387745857238769531e-01
7.511474490165710449e-01 6.963102817535400391e-01
8.724373579025268555e-01 7.533339858055114746e-01
7.306854240596294403e-03 3.166072368621826172e-01
8.214790821075439453e-01 6.842206418514251709e-02
8.274618387222290039e-01 5.366628766059875488e-01
9.178251028060913086e-01 8.343976140022277832e-01
6.574895977973937988e-01 9.661466628313064575e-02
7.569688558578491211e-02 2.283629626035690308e-01
2.084795534610748291e-01 5.850692391395568848e-01
9.965551495552062988e-01 5.300291776657104492e-01
9.162184000015258789e-01 9.568922519683837891e-01
7.274475693702697754e-01 4.822107255458831787e-01
8.913824558258056641e-01 6.135572791099548340e-01
4.031018912792205811e-01 3.592513799667358398e-01
3.987548947334289551e-01 4.899113252758979797e-02
5.924219489097595215e-01 2.697369754314422607e-01
3.692941367626190186e-01 4.826519638299942017e-02
3.970833718776702881e-01 2.091853916645050049e-01
5.997201800346374512e-01 4.105840623378753662e-01
7.713572978973388672e-01 1.087876036763191223e-01
9.009249210357666016e-01 4.443051218986511230e-01
9.070953726768493652e-01 1.083934679627418518e-01
9.620237946510314941e-01 8.515468239784240723e-01
6.452516913414001465e-01 7.520969510078430176e-01
4.113631844520568848e-01 6.968490481376647949e-01
4.797918349504470825e-02 1.384701281785964966e-01
6.465705633163452148e-01 5.150770545005798340e-01
8.428829312324523926e-01 9.835733771324157715e-01
7.665625214576721191e-02 2.634813487529754639e-01
2.273245602846145630e-01 9.610275179147720337e-02
2.597180604934692383e-01 5.184445977210998535e-01
9.161369800567626953e-01 2.986873686313629150e-01
1.263118684291839600e-01 8.034228086471557617e-01
9.669129252433776855e-01 9.026193022727966309e-01
5.423656702041625977e-01 1.308692544698715210e-01
1.106160357594490051e-01 9.963185340166091919e-02
9.222861379384994507e-02 4.597400426864624023e-01
3.771327733993530273e-01 8.599256873130798340e-01
1.129567325115203857e-01 2.326970733702182770e-02
6.754996180534362793e-01 7.609156370162963867e-01
6.388017535209655762e-01 1.759180724620819092e-01
7.060375213623046875e-01 1.692513972520828247e-01
4.014214575290679932e-01 8.336905390024185181e-02
5.747448801994323730e-01 7.206482291221618652e-01
6.399120688438415527e-01 7.985462993383407593e-02
5.560421943664550781e-01 5.737577080726623535e-01
6.451013684272766113e-01 5.760118961334228516e-01
5.683127045631408691e-01 4.473973810672760010e-01
7.725264430046081543e-01 2.721674442291259766e-01
3.518743813037872314e-01 6.552929878234863281e-01
8.695048093795776367e-01 5.607452988624572754e-01
2.983379065990447998e-01 9.870750904083251953e-01
5.331102609634399414e-01 4.277013242244720459e-01
1.345626711845397949e-01 3.180529177188873291e-01
2.581371068954467773e-01 4.629832208156585693e-01
8.902747631072998047e-01 4.062475860118865967e-01
8.422672748565673828e-01 5.092392489314079285e-02
2.183497697114944458e-01 4.513832330703735352e-01
9.082841873168945312e-01 1.749564707279205322e-01
1.558471471071243286e-01 5.343657732009887695e-01
5.111788511276245117e-01 4.092508852481842041e-01
8.663737773895263672e-01 3.656865358352661133e-01
2.271530181169509888e-01 2.732145786285400391e-01
8.941414952278137207e-01 3.043885827064514160e-01
1.474569831043481827e-02 8.467420935630798340e-01
5.319099426269531250e-01 6.630845665931701660e-01
4.750033915042877197e-01 8.615313768386840820e-01
8.977217078208923340e-01 8.199707269668579102e-01
9.037114381790161133e-01 4.771030843257904053e-01
4.711478054523468018e-01 7.354826927185058594e-01
1.105272769927978516e-01 1.444391608238220215e-01
9.953939914703369141e-01 7.199872136116027832e-01
3.475615978240966797e-01 7.282558679580688477e-01
4.432187676429748535e-01 2.496926039457321167e-01
2.347992658615112305e-01 7.638052105903625488e-01
8.329017758369445801e-01 7.134701013565063477e-01
1.504672169685363770e-01 7.742884755134582520e-01
3.576368689537048340e-01 2.662891447544097900e-01
8.856310844421386719e-01 6.532847285270690918e-01
9.280186891555786133e-01 9.184894561767578125e-01
8.189341425895690918e-01 3.003206253051757812e-01
7.744222879409790039e-02 4.086336195468902588e-01
4.913086891174316406e-01 2.140183448791503906e-01
2.865501344203948975e-01 7.032017111778259277e-01
3.421656787395477295e-01 5.156448483467102051e-01
6.071221828460693359e-01 5.477610826492309570e-01
4.673089981079101562e-01 3.994966149330139160e-01
5.335528776049613953e-02 9.100803174078464508e-03
4.696700572967529297e-01 1.459973305463790894e-01
8.229299783706665039e-01 6.431507468223571777e-01
6.787956357002258301e-01 7.212311625480651855e-01
9.804410338401794434e-01 8.183071613311767578e-01
7.812157273292541504e-01 7.290633916854858398e-01
8.613767623901367188e-01 1.285641491413116455e-01
5.085248351097106934e-01 4.700132310390472412e-01
1.077487394213676453e-01 4.983101785182952881e-01
7.073787599802017212e-02 5.864289402961730957e-01
2.928426861763000488e-01 1.733974516391754150e-01
2.843942940235137939e-01 5.908055305480957031e-01
3.351514935493469238e-01 5.508592724800109863e-01
1.906130909919738770e-01 8.759600520133972168e-01
7.436169683933258057e-02 9.439935684204101562e-01
4.464650154113769531e-02 2.509297430515289307e-01
9.752588272094726562e-01 1.598087549209594727e-01
3.211193978786468506e-01 1.331828385591506958e-01
5.804798007011413574e-01 5.652459263801574707e-01
4.508264958858489990e-01 6.952029466629028320e-01
1.193765327334403992e-01 9.165639281272888184e-01
7.045510411262512207e-01 9.096710681915283203e-01
4.706023037433624268e-01 9.216822981834411621e-01
4.770874679088592529e-01 2.395977228879928589e-01
8.326295018196105957e-01 6.767627000808715820e-01
6.115100383758544922e-01 3.820934295654296875e-01
2.674969136714935303e-01 2.999033331871032715e-01
9.632494449615478516e-01 5.821918845176696777e-01
7.783575654029846191e-01 3.663204908370971680e-01
5.330127477645874023e-01 8.888127803802490234e-01
2.243264205753803253e-02 8.853501081466674805e-01
3.089419007301330566e-02 3.594769835472106934e-01
9.828879833221435547e-01 8.609604835510253906e-01
5.742552876472473145e-01 8.561626672744750977e-01
8.624802827835083008e-01 6.712360978126525879e-01
7.454674243927001953e-01 5.226413011550903320e-01
5.601778626441955566e-01 6.935101747512817383e-01
6.373119950294494629e-01 3.348519206047058105e-01
6.200090646743774414e-01 2.087519764900207520e-01
3.713095188140869141e-01 2.405443191528320312e-01
2.170409560203552246e-01 7.989088892936706543e-01
7.721230983734130859e-01 3.900134935975074768e-02
4.709818586707115173e-02 8.764095902442932129e-01
2.507497966289520264e-01 1.643399745225906372e-01
7.332101464271545410e-01 1.956554353237152100e-01
1.294892579317092896e-01 2.589035332202911377e-01
6.808258891105651855e-01 5.327864289283752441e-01
9.058387875556945801e-01 6.838485002517700195e-01
3.985059857368469238e-01 4.571014046669006348e-01
6.075410842895507812e-01 1.809619814157485962e-01
7.097090482711791992e-01 2.928521335124969482e-01
1.097531691193580627e-01 5.450310707092285156e-01
3.151259850710630417e-03 5.650283098220825195e-01
2.810555398464202881e-01 5.335216522216796875e-01
7.600480914115905762e-01 5.518255829811096191e-01
4.901703894138336182e-01 9.498946070671081543e-01
2.088584750890731812e-01 6.487474311143159866e-03
5.111595392227172852e-01 9.156775474548339844e-02
5.979532599449157715e-01 9.063606858253479004e-01
4.708671569824218750e-01 2.334975451231002808e-02
1.693423241376876831e-01 5.719171166419982910e-01
5.749006271362304688e-01 7.989172823727130890e-03
2.426878660917282104e-01 8.627292513847351074e-01
6.406664848327636719e-01 2.765709161758422852e-01
1.836797147989273071e-01 4.253414571285247803e-01
9.020764827728271484e-01 3.639676868915557861e-01
9.644577503204345703e-01 7.913066148757934570e-01
4.186404347419738770e-01 4.078257083892822266e-02
3.118562996387481689e-01 4.164797663688659668e-01
2.685015797615051270e-01 5.528635978698730469e-01
2.537828981876373291e-01 2.705593109130859375e-01
6.154726147651672363e-01 7.058547735214233398e-01
8.189243674278259277e-01 8.150633573532104492e-01
2.915034592151641846e-01 2.017302513122558594e-01
5.124582052230834961e-01 1.667846590280532837e-01
8.879320025444030762e-01 2.286121807992458344e-02
3.886196315288543701e-01 6.298437714576721191e-01
9.559020996093750000e-01 6.864138245582580566e-01
8.755884766578674316e-01 2.298045903444290161e-01
5.475142598152160645e-01 3.449293673038482666e-01
8.381330966949462891e-01 9.480448812246322632e-02
9.009824991226196289e-01 9.932311177253723145e-01
6.093752384185791016e-01 7.549074888229370117e-01
2.226905524730682373e-01 7.170939445495605469e-01
7.063839435577392578e-01 2.392378002405166626e-01
7.558966279029846191e-01 4.427159726619720459e-01
8.308901786804199219e-01 3.536959588527679443e-01
8.590887188911437988e-01 5.180160403251647949e-01
6.478957533836364746e-01 9.555894732475280762e-01
2.200540155172348022e-01 4.946601688861846924e-01
8.384189605712890625e-01 9.575498700141906738e-01
1.981988251209259033e-01 7.832804322242736816e-01
5.373790264129638672e-01 4.963419139385223389e-01
7.387918829917907715e-01 1.211127033457159996e-03
1.051340922713279724e-01 2.917088866233825684e-01
3.700741827487945557e-01 9.638868570327758789e-01
6.167991161346435547e-01 9.266511797904968262e-01
5.042028427124023438e-01 4.982686415314674377e-02
4.749725162982940674e-01 6.550269722938537598e-01
9.446528553962707520e-01 2.772353291511535645e-01
2.256023138761520386e-01 2.862099558115005493e-02
8.477970957756042480e-01 5.473738908767700195e-01
6.468994617462158203e-01 8.701958060264587402e-01
5.444990396499633789e-01 2.710893452167510986e-01
2.075276076793670654e-01 2.976145744323730469e-01
8.215174674987792969e-01 3.835967481136322021e-01
9.149577021598815918e-01 6.280929446220397949e-01
4.331957697868347168e-01 1.900376230478286743e-01
2.514609396457672119e-01 8.051758408546447754e-01
7.637609243392944336e-01 5.793566703796386719e-01
3.715041279792785645e-01 8.919706940650939941e-01
8.545400202274322510e-02 3.793191313743591309e-01
4.321306943893432617e-03 1.916978359222412109e-01
7.924787402153015137e-01 6.653601527214050293e-01
4.090541601181030273e-01 2.352543771266937256e-01
1.809139847755432129e-01 7.694318890571594238e-01
6.123694777488708496e-01 5.201361179351806641e-01
5.085447430610656738e-01 9.670430421829223633e-01
2.893708050251007080e-01 7.546889185905456543e-01
3.426493406295776367e-01 7.272825390100479126e-02
9.250382184982299805e-01 9.966912865638732910e-01
8.132342696189880371e-01 5.078842043876647949e-01
5.732454657554626465e-01 8.786852359771728516e-01
7.210882902145385742e-01 3.598499894142150879e-01
6.085622310638427734e-01 5.759342908859252930e-01
6.581466197967529297e-01 9.786494374275207520e-01
6.275472044944763184e-01 2.421214878559112549e-01
5.051258206367492676e-01 2.027124539017677307e-02
4.717537760734558105e-01 4.724510610103607178e-01
4.001034498214721680e-01 9.621514081954956055e-01
3.043735623359680176e-01 2.148952148854732513e-02
1.299470812082290649e-01 1.608925312757492065e-01
2.800442874431610107e-01 9.861864894628524780e-02
9.508945345878601074e-01 9.525294303894042969e-01
7.981128692626953125e-01 5.415996313095092773e-01
3.230888843536376953e-01 3.876902163028717041e-02
2.106762304902076721e-02 7.978502511978149414e-01
9.508019089698791504e-01 4.286733269691467285e-01
9.512217640876770020e-01 8.266738057136535645e-01
8.198410868644714355e-01 3.009277582168579102e-02
5.816721320152282715e-01 9.757538437843322754e-01
2.770533561706542969e-01 8.588461875915527344e-01
7.354897856712341309e-01 2.660472393035888672e-01
5.090029835700988770e-01 7.537415623664855957e-01
9.092707037925720215e-01 7.408930659294128418e-01
9.839679002761840820e-01 6.261827945709228516e-01
9.835442900657653809e-01 3.172101974487304688e-01
5.398661494255065918e-01 1.085774526000022888e-01
9.607886672019958496e-01 7.320360541343688965e-01
8.086558431386947632e-02 4.675743728876113892e-02
2.728535830974578857e-01 1.565824747085571289e-01
7.509000301361083984e-01 6.186367869377136230e-01
5.435203313827514648e-01 3.452749177813529968e-02
3.527495265007019043e-01 2.672128193080425262e-02
5.825729370117187500e-01 3.745793402194976807e-01
2.318001836538314819e-01 4.365951120853424072e-01
7.298478484153747559e-01 2.294681668281555176e-01
2.922125533223152161e-02 7.487662434577941895e-01
2.581295371055603027e-01 5.784736871719360352e-01
5.669052600860595703e-01 4.574935510754585266e-02
2.286852002143859863e-01 9.404329657554626465e-01
5.217932462692260742e-01 5.868058800697326660e-01
6.319307088851928711e-01 1.280569732189178467e-01
8.590604662895202637e-01 3.019598126411437988e-01
9.963407516479492188e-01 9.134480357170104980e-01
6.039487123489379883e-01 6.723995208740234375e-01
1.615065634250640869e-01 4.627565145492553711e-01
5.752810239791870117e-01 7.360342890024185181e-02
3.646347224712371826e-01 3.512817323207855225e-01
7.524548768997192383e-01 9.502807259559631348e-01
1.957788318395614624e-01 3.396901488304138184e-01
3.300502300262451172e-01 9.887511730194091797e-01
7.758188247680664062e-01 8.769514560699462891e-01
8.096444606781005859e-01 7.117568254470825195e-01
5.711259245872497559e-01 5.377056598663330078e-01
6.230458021163940430e-01 3.070404231548309326e-01
9.139762818813323975e-02 4.833179414272308350e-01
3.467274606227874756e-01 1.962907463312149048e-01
9.608311206102371216e-02 8.819963932037353516e-01
4.767485857009887695e-01 3.160210251808166504e-01
8.105601072311401367e-01 1.565932184457778931e-01
8.734877109527587891e-01 8.116986155509948730e-01
2.660596668720245361e-01 4.980089068412780762e-01
7.482420802116394043e-01 6.487985849380493164e-01
4.934619069099426270e-01 7.261015176773071289e-01
7.736541628837585449e-01 4.663580656051635742e-01
7.499915361404418945e-01 1.590587049722671509e-01
5.012353658676147461e-01 8.709049224853515625e-01
9.269415736198425293e-01 8.965703099966049194e-02
2.871216535568237305e-01 6.416717171669006348e-02
5.595303177833557129e-01 4.866443872451782227e-01
2.434573173522949219e-01 2.371842116117477417e-01
5.678873881697654724e-02 3.346547484397888184e-02
6.107825040817260742e-01 1.039136797189712524e-01
9.748233556747436523e-01 2.284402996301651001e-01
1.782562136650085449e-01 1.057485863566398621e-01
5.105589032173156738e-01 9.904781579971313477e-01
5.339884161949157715e-01 5.440866351127624512e-01
1.418360322713851929e-01 6.019971966743469238e-01
7.130956649780273438e-02 7.374967336654663086e-01
7.051348686218261719e-02 7.902738451957702637e-01
7.936490178108215332e-01 8.534901142120361328e-01
3.272430300712585449e-01 5.890498161315917969e-01
2.303495630621910095e-02 4.672120325267314911e-03
6.187454462051391602e-01 4.523721337318420410e-01
4.879690408706665039e-01 5.974485278129577637e-01
2.137068808078765869e-01 2.262826412916183472e-01
5.881375670433044434e-01 2.508778870105743408e-02
9.236478805541992188e-01 6.654458045959472656e-01
4.096897784620523453e-03 5.976584553718566895e-01
3.542610406875610352e-01 9.820550680160522461e-02
5.811073184013366699e-01 3.429266214370727539e-01
3.360041379928588867e-01 8.069760799407958984e-01
8.739288449287414551e-01 1.103136986494064331e-01
8.565921187400817871e-01 8.270530104637145996e-01
9.630590677261352539e-01 2.962920963764190674e-01
2.364088147878646851e-01 9.174842834472656250e-01
4.921145737171173096e-01 4.419145286083221436e-01
4.187366962432861328e-01 3.053122162818908691e-01
3.273252546787261963e-01 6.597622036933898926e-01
3.432143330574035645e-01 1.549294888973236084e-01
1.679672896862030029e-01 6.166062951087951660e-01
1.406309008598327637e-01 7.222186923027038574e-01
8.000448346138000488e-01 2.256000787019729614e-01
7.809463143348693848e-01 9.255974292755126953e-01
7.061953097581863403e-02 3.556260466575622559e-01
5.827152132987976074e-01 6.867651343345642090e-01
3.677465617656707764e-01 5.146425962448120117e-01
8.689087033271789551e-01 8.762276172637939453e-01
4.427059590816497803e-01 4.908515810966491699e-01
5.933099240064620972e-02 1.630758941173553467e-01
7.881297469139099121e-01 3.009049594402313232e-01
3.689555823802947998e-01 8.148990273475646973e-01
2.296808511018753052e-01 5.630345344543457031e-01
6.462597250938415527e-01 1.473868032917380333e-03
7.235262989997863770e-01 8.810808658599853516e-01
8.285948038101196289e-01 1.324306279420852661e-01
1.246519461274147034e-01 8.703651428222656250e-01
2.959447354078292847e-02 5.536344051361083984e-01
6.102828979492187500e-01 2.559740543365478516e-01
1.074215471744537354e-01 5.793942809104919434e-01
9.683772921562194824e-02 1.244368031620979309e-01
1.629850566387176514e-01 9.950108528137207031e-01
8.404680490493774414e-01 7.474927902221679688e-01
1.522129774093627930e-01 4.414998292922973633e-01
2.252326905727386475e-02 5.147144794464111328e-01
4.562256932258605957e-01 9.299312531948089600e-02
8.441851288080215454e-02 5.607537031173706055e-01
7.585691213607788086e-01 6.470143795013427734e-02
3.705735802650451660e-01 1.833131760358810425e-01
2.071924954652786255e-01 2.542310655117034912e-01
7.930113375186920166e-02 8.998966962099075317e-02
6.770205497741699219e-01 2.265866100788116455e-01
3.226749598979949951e-02 5.946225672960281372e-02
7.558979988098144531e-01 7.912348508834838867e-01
1.331115365028381348e-01 1.909581869840621948e-01
3.236458599567413330e-01 6.302813291549682617e-01
8.585042357444763184e-01 3.378552496433258057e-01
4.352323710918426514e-01 4.539225995540618896e-01
7.100426554679870605e-01 9.063398092985153198e-02
3.683786094188690186e-01 3.790279626846313477e-01
4.828892275691032410e-02 6.610232591629028320e-01
7.566454261541366577e-02 5.392001867294311523e-01
7.460838556289672852e-01 5.972952246665954590e-01
5.408754944801330566e-01 6.236467361450195312e-01
5.724694728851318359e-01 5.129834413528442383e-01
9.936921596527099609e-01 7.479777336120605469e-01
9.978209137916564941e-01 4.569309949874877930e-01
4.387184679508209229e-01 3.994525671005249023e-01
2.763843834400177002e-01 4.156698584556579590e-01
1.329013798385858536e-02 2.504094839096069336e-01
7.803413271903991699e-01 9.624658226966857910e-01
2.174394950270652771e-02 3.288614004850387573e-02
3.360836803913116455e-01 3.789891004562377930e-01
2.410497069358825684e-01 1.360279470682144165e-01
6.500346660614013672e-01 9.179822802543640137e-01
3.492190539836883545e-01 4.406243860721588135e-01
4.834315776824951172e-01 5.666086077690124512e-01
2.687894701957702637e-01 6.159160137176513672e-01
1.301845908164978027e-01 9.957751631736755371e-01
9.811338782310485840e-01 6.989174485206604004e-01
3.044854104518890381e-01 9.338665604591369629e-01
4.585338234901428223e-01 4.344282448291778564e-01
7.309637665748596191e-01 8.099199533462524414e-01
4.351964890956878662e-01 8.174958825111389160e-01
2.460897415876388550e-01 5.881272628903388977e-02
7.048550844192504883e-01 6.023895740509033203e-01
9.434926509857177734e-01 5.509281158447265625e-01
4.273320734500885010e-01 1.481358334422111511e-02
4.058350026607513428e-01 8.454046845436096191e-01
6.729848384857177734e-01 2.572538852691650391e-01
9.324771165847778320e-01 5.010893344879150391e-01
6.241124868392944336e-01 9.554780721664428711e-01
1.583282351493835449e-01 6.537547111511230469e-01
8.016812205314636230e-01 8.919921517372131348e-01
2.533479630947113037e-01 8.391446620225906372e-02
1.714681535959243774e-01 8.503271937370300293e-01
1.030330806970596313e-01 5.656609311699867249e-02
8.970659375190734863e-01 2.502536773681640625e-01
3.687423765659332275e-01 4.504219889640808105e-01
1.363852918148040771e-01 2.847177088260650635e-01
1.952191740274429321e-01 5.170661807060241699e-01
9.699977636337280273e-01 6.027986407279968262e-01
4.564593434333801270e-01 5.967103838920593262e-01
4.483179450035095215e-01 9.377984404563903809e-01
4.100924357771873474e-02 2.810349166393280029e-01
2.415205538272857666e-01 3.778415322303771973e-01
2.759006023406982422e-01 4.388924539089202881e-01
6.039933562278747559e-01 3.344143927097320557e-01
8.813248872756958008e-01 2.749030888080596924e-01
4.590438008308410645e-01 5.630139708518981934e-01
2.253497242927551270e-01 3.417399227619171143e-01
3.320142924785614014e-01 4.861972928047180176e-01
1.085320711135864258e-01 8.411912322044372559e-01
6.058334708213806152e-01 7.289098501205444336e-01
3.183095455169677734e-01 7.418764829635620117e-01
8.595241904258728027e-01 5.877926349639892578e-01
4.295982122421264648e-01 1.337778568267822266e-01
7.587034702301025391e-01 2.928534150123596191e-01
9.718885421752929688e-01 9.897399544715881348e-01
5.657370090484619141e-01 2.577392756938934326e-01
8.046017289161682129e-01 7.847308516502380371e-01
2.706008553504943848e-01 1.215891912579536438e-01
2.736494839191436768e-01 9.200037717819213867e-01
1.276261508464813232e-01 7.289968430995941162e-02
5.597378611564636230e-01 6.553496718406677246e-01
3.123085945844650269e-02 9.229538440704345703e-01
7.049607038497924805e-01 4.946941435337066650e-01
9.464274644851684570e-01 8.848444819450378418e-01
1.540185660123825073e-01 4.163833260536193848e-01
3.667050004005432129e-01 5.412029027938842773e-01
8.938009142875671387e-01 8.954165577888488770e-01
2.300168722867965698e-01 1.902204751968383789e-01
8.056249022483825684e-01 9.588602185249328613e-01
7.168974727392196655e-03 4.102514386177062988e-01
3.895535469055175781e-01 3.003559410572052002e-01
2.859241068363189697e-01 3.357313871383666992e-01
4.885350763797760010e-01 4.094452559947967529e-01
8.839964270591735840e-01 1.581521183252334595e-01
5.269632935523986816e-01 7.740984559059143066e-01
9.896066784858703613e-01 9.631610512733459473e-01
2.371997088193893433e-01 8.883790969848632812e-01
8.545703291893005371e-01 7.075887322425842285e-01
5.366224050521850586e-01 4.584514200687408447e-01
3.242085874080657959e-01 6.077886000275611877e-02
5.458874106407165527e-01 3.100484907627105713e-01
9.908192753791809082e-01 4.428588598966598511e-02
7.236636281013488770e-01 5.558437108993530273e-01
5.834633111953735352e-01 7.864308357238769531e-01
5.957248806953430176e-01 6.213473081588745117e-01
5.378096699714660645e-01 9.216907024383544922e-01
3.963086009025573730e-01 5.430409312248229980e-01
8.697028160095214844e-01 1.969592422246932983e-01
2.359571009874343872e-01 6.212843060493469238e-01
1.328853368759155273e-01 2.252455800771713257e-01
7.019008994102478027e-01 4.410922825336456299e-01
1.431451141834259033e-01 5.002996921539306641e-01
4.246707856655120850e-01 1.112675517797470093e-01
5.854801535606384277e-01 1.489583998918533325e-01
7.282646298408508301e-01 5.783911347389221191e-01
9.350281357765197754e-01 4.656168520450592041e-01
2.173522412776947021e-01 1.177999153733253479e-01
5.713486671447753906e-01 1.005582734942436218e-01
1.856296062469482422e-01 2.615793049335479736e-01
3.894741237163543701e-01 5.020120739936828613e-01
7.773541212081909180e-01 2.069360315799713135e-01
8.470696806907653809e-01 7.964492440223693848e-01
5.345304012298583984e-01 1.428414043039083481e-02
6.919236183166503906e-01 3.975171148777008057e-01
7.570144534111022949e-01 8.540085554122924805e-01
9.678931236267089844e-01 6.658224463462829590e-01
5.627114176750183105e-01 4.144258499145507812e-01
8.877847790718078613e-01 3.843766152858734131e-01
5.626926422119140625e-01 1.854162365198135376e-01
7.125235795974731445e-01 6.781428456306457520e-01
9.438530802726745605e-01 1.941440626978874207e-02
1.644025892019271851e-01 4.882062971591949463e-01
2.270950563251972198e-02 8.463499695062637329e-02
8.810241222381591797e-01 8.167134970426559448e-02
8.633743971586227417e-02 2.063201665878295898e-01
2.855362892150878906e-01 3.692331016063690186e-01
6.262397170066833496e-01 4.823152124881744385e-01
4.649336934089660645e-01 6.285969018936157227e-01
1.221437901258468628e-01 3.625897169113159180e-01
3.248456716537475586e-01 2.189419865608215332e-01
9.907648712396621704e-02 6.983966231346130371e-01
6.666406989097595215e-01 1.200591996312141418e-01
1.064863950014114380e-01 4.209035634994506836e-01
2.086148709058761597e-01 8.628950715065002441e-01
5.090834498405456543e-01 6.746833324432373047e-01
5.327511429786682129e-01 6.948693990707397461e-01
9.344528317451477051e-01 2.277646213769912720e-01
6.833378076553344727e-01 8.162148594856262207e-01
5.511148571968078613e-01 8.069548010826110840e-01
2.054750621318817139e-01 5.488956570625305176e-01
7.284175604581832886e-02 6.946872472763061523e-01
4.834630787372589111e-01 1.767137050628662109e-01
9.137333631515502930e-01 7.125588059425354004e-01
1.990745961666107178e-01 9.779800772666931152e-01
9.385803937911987305e-01 3.245092332363128662e-01
7.278658747673034668e-01 4.136653244495391846e-02
8.887186050415039062e-01 5.457503199577331543e-01
6.400424838066101074e-01 8.186597824096679688e-01
3.816923499107360840e-01 9.148862361907958984e-01
9.568483829498291016e-01 7.615247368812561035e-01
2.864848375320434570e-01 4.905269443988800049e-01
4.551591575145721436e-01 5.367152094841003418e-01
8.157230019569396973e-01 1.950729936361312866e-01
6.825298666954040527e-01 6.642665863037109375e-01
7.869434952735900879e-01 6.161740422248840332e-01
6.361421942710876465e-01 6.344321966171264648e-01
9.693467617034912109e-01 5.518007874488830566e-01
5.979498028755187988e-01 2.926636338233947754e-01
9.864723086357116699e-01 2.700868844985961914e-01
4.213640391826629639e-01 4.732796847820281982e-01
1.564323753118515015e-01 8.741528391838073730e-01
5.164054036140441895e-01 2.825257778167724609e-01
1.559867262840270996e-01 9.248768091201782227e-01
2.827165834605693817e-02 9.661566019058227539e-01
4.624078869819641113e-01 8.934112191200256348e-01
2.787117362022399902e-01 9.667707681655883789e-01
2.267735004425048828e-01 3.096239566802978516e-01
9.121540784835815430e-01 3.428375124931335449e-01
4.476935267448425293e-01 4.771802946925163269e-02
7.735604047775268555e-01 9.973985552787780762e-01
9.289527535438537598e-01 4.319531917572021484e-01
3.296252787113189697e-01 8.718735575675964355e-01
3.163717389106750488e-01 3.586274087429046631e-01
7.310802936553955078e-01 1.001019999384880066e-01
3.453524708747863770e-01 6.133397109806537628e-03
8.882546424865722656e-01 9.258494377136230469e-01
9.110562801361083984e-01 6.379650533199310303e-02
5.869737267494201660e-01 4.740791320800781250e-01
7.343441247940063477e-02 6.642196178436279297e-01
6.161301136016845703e-01 1.553347408771514893e-01
7.452680170536041260e-02 5.069957375526428223e-01
4.300575256347656250e-01 6.308463811874389648e-01
1.695641279220581055e-01 9.716065526008605957e-01
3.067225515842437744e-01 5.190843343734741211e-01
1.870511919260025024e-01 3.285973891615867615e-02
4.112009704113006592e-01 3.389277160167694092e-01
5.501051619648933411e-02 1.855411529541015625e-01
5.990643799304962158e-02 6.093096733093261719e-01
8.717710971832275391e-01 9.862346649169921875e-01
3.779996335506439209e-01 6.682055592536926270e-01
3.686067759990692139e-01 4.799528419971466064e-01
1.881993934512138367e-02 1.148787215352058411e-01
4.773788154125213623e-01 8.100390434265136719e-01
3.962130844593048096e-01 1.563211232423782349e-01
3.621887266635894775e-01 7.908032536506652832e-01
1.951542943716049194e-01 9.373764991760253906e-01
2.586166858673095703e-01 2.021123319864273071e-01
1.659402847290039062e-01 2.222240567207336426e-01
5.916785821318626404e-02 4.723009169101715088e-01
3.250950276851654053e-01 8.355862498283386230e-01
2.856082618236541748e-01 8.218232989311218262e-01
4.868488907814025879e-01 3.491154015064239502e-01
5.503679513931274414e-01 7.465161085128784180e-01
5.503175854682922363e-01 9.850531220436096191e-01
4.746727645397186279e-01 6.392670422792434692e-02
1.702339351177215576e-01 1.550286915153264999e-02
7.616419196128845215e-01 4.135548472404479980e-01
3.087665140628814697e-01 8.988412022590637207e-01
8.524011373519897461e-01 6.368784904479980469e-01
9.048314094543457031e-01 5.195122957229614258e-01
5.877348184585571289e-01 2.288810014724731445e-01
8.631788492202758789e-01 6.169691085815429688e-01
2.516521839424967766e-03 8.154653906822204590e-01
1.559390127658843994e-01 9.511422514915466309e-01
1.400086432695388794e-01 8.336411714553833008e-01
6.350448727607727051e-01 8.923128247261047363e-01
3.123308066278696060e-03 9.355821013450622559e-01
6.924206018447875977e-01 2.711599767208099365e-01
1.250942945480346680e-01 6.565126776695251465e-01
2.877490818500518799e-01 7.821262478828430176e-01
5.840443372726440430e-01 1.881964653730392456e-01
4.296703040599822998e-01 8.994217514991760254e-01
9.339316487312316895e-01 5.930500626564025879e-01
3.247955739498138428e-01 1.750055104494094849e-01
9.338381886482238770e-02 9.780502915382385254e-01
4.784560948610305786e-02 2.145748287439346313e-01
3.072137832641601562e-01 3.855570554733276367e-01
8.621507883071899414e-01 6.203908473253250122e-02
7.972717881202697754e-01 1.805215775966644287e-01
6.529999971389770508e-01 4.875513315200805664e-01
1.052398830652236938e-01 6.683298349380493164e-01
4.167529344558715820e-01 9.173445105552673340e-01
1.735706478357315063e-01 1.862289309501647949e-01
5.864133834838867188e-01 5.999085903167724609e-01
4.081884026527404785e-02 6.875066757202148438e-01
5.220791101455688477e-01 3.700377047061920166e-01
8.492725491523742676e-01 8.511579036712646484e-01
3.011094331741333008e-01 4.706235229969024658e-01
2.125186175107955933e-01 7.466608285903930664e-01
6.820597648620605469e-01 1.681528836488723755e-01
2.081247121095657349e-01 9.034312963485717773e-01
5.964978337287902832e-01 8.348724246025085449e-01
4.631506800651550293e-01 1.954744160175323486e-01
4.034406319260597229e-02 4.476130604743957520e-01
9.376701116561889648e-01 1.468417942523956299e-01
3.726293742656707764e-01 5.635333061218261719e-01
1.764359325170516968e-02 4.812770783901214600e-01
6.914569735527038574e-01 5.629879236221313477e-01
2.807188630104064941e-01 6.511882543563842773e-01
9.480310678482055664e-01 6.477801799774169922e-01
6.526743173599243164e-01 6.570868492126464844e-01
6.245068907737731934e-01 3.625264167785644531e-01
8.358315825462341309e-01 9.194887876510620117e-01
9.814004898071289062e-01 1.254107523709535599e-02
2.033161818981170654e-01 6.502601504325866699e-01
5.037085413932800293e-01 2.580095529556274414e-01
2.904078662395477295e-01 2.250324785709381104e-01
4.776302874088287354e-01 8.324810266494750977e-01
7.529072761535644531e-01 9.169688820838928223e-01
9.204666018486022949e-01 3.621158376336097717e-02
4.298086762428283691e-01 5.893681645393371582e-01
3.248336315155029297e-01 7.735809087753295898e-01
6.397245079278945923e-02 2.945668697357177734e-01
4.490001127123832703e-02 7.663471102714538574e-01
7.826615571975708008e-01 8.134527802467346191e-01
5.768906474113464355e-01 1.273817270994186401e-01
5.772491544485092163e-02 3.298447132110595703e-01
7.161011099815368652e-01 7.168417572975158691e-01
7.990916371345520020e-01 6.902926564216613770e-01
6.411144137382507324e-01 6.753622889518737793e-01
6.381961107254028320e-01 4.171663224697113037e-01
7.091233134269714355e-01 9.458891749382019043e-01
3.189165592193603516e-01 9.561243653297424316e-01
4.046816825866699219e-01 8.785509467124938965e-01
9.960757493972778320e-01 8.848032355308532715e-01
4.183958470821380615e-01 5.044975280761718750e-01
7.276916503906250000e-01 9.221865534782409668e-01
5.879545584321022034e-02 6.978859752416610718e-02
3.517432510852813721e-01 6.041931509971618652e-01
4.602647423744201660e-01 5.113405585289001465e-01
9.697247743606567383e-01 4.368577599525451660e-01
6.196141242980957031e-01 7.984116077423095703e-01
6.191469356417655945e-02 9.038932323455810547e-01
6.866270303726196289e-01 9.817001819610595703e-01
9.144339561462402344e-01 7.732717394828796387e-01
7.738773822784423828e-01 2.458641231060028076e-01
7.119458317756652832e-01 6.420580148696899414e-01
7.596186995506286621e-01 8.308127522468566895e-01
9.073889255523681641e-01 5.707678198814392090e-01
6.780674457550048828e-01 9.432892203330993652e-01
4.349305927753448486e-01 7.281952500343322754e-01
7.569206357002258301e-01 8.873648047447204590e-01
5.382301211357116699e-01 1.972814649343490601e-01
6.494043469429016113e-01 7.023736238479614258e-01
6.153252720832824707e-01 6.432906985282897949e-01
4.436222091317176819e-02 8.251354694366455078e-01
2.807609923183917999e-02 7.171379327774047852e-01
7.835685014724731445e-01 5.249015688896179199e-01
2.206321805715560913e-01 6.839107871055603027e-01
7.861993312835693359e-01 5.863384604454040527e-01
6.780074238777160645e-01 4.236475527286529541e-01
1.300807595252990723e-01 9.732141494750976562e-01
8.485304117202758789e-01 3.912965059280395508e-01
