4.975976645946502686e-01 4.413968622684478760e-01
5.127897262573242188e-01 7.590297460556030273e-01
2.198247462511062622e-01 3.635798096656799316e-01
9.375242590904235840e-01 9.081502556800842285e-01
2.216275334358215332e-01 9.774530678987503052e-02
5.385743975639343262e-01 1.216330453753471375e-01
3.673339486122131348e-01 7.979445457458496094e-01
4.124106168746948242e-01 6.337022781372070312e-01
8.002923130989074707e-01 3.639808297157287598e-01
2.077754139900207520e-01 2.500579357147216797e-01
1.773582696914672852e-01 2.521453499794006348e-01
5.974605083465576172e-01 7.116406410932540894e-02
4.261542260646820068e-01 4.912541508674621582e-01
1.135143358260393143e-02 7.340880632400512695e-01
7.804471254348754883e-02 3.883923888206481934e-01
2.602930963039398193e-01 3.850431144237518311e-01
8.426039814949035645e-01 5.555210113525390625e-01
9.470031261444091797e-01 7.306528091430664062e-02
6.555904150009155273e-01 4.646112918853759766e-01
2.218667715787887573e-01 9.243773818016052246e-01
5.872796177864074707e-01 6.935678720474243164e-01
6.310459971427917480e-01 1.389113962650299072e-01
8.118261098861694336e-01 7.919784188270568848e-01
4.824852645397186279e-01 8.710918426513671875e-01
6.580805778503417969e-01 5.290535688400268555e-01
8.754113912582397461e-01 7.493302226066589355e-01
8.037453517317771912e-03 6.821289062500000000e-01
4.011392593383789062e-01 2.851437926292419434e-01
5.079268217086791992e-01 4.773572385311126709e-01
7.500866055488586426e-01 7.888987660408020020e-01
5.435377359390258789e-01 1.967335492372512817e-01
6.644624471664428711e-01 1.746386587619781494e-01
2.304996103048324585e-01 6.911214590072631836e-01
7.190894484519958496e-01 2.418266050517559052e-02
9.032760858535766602e-01 8.603165149688720703e-01
2.546660006046295166e-01 3.389939367771148682e-01
9.144058227539062500e-01 7.780093699693679810e-02
7.689300179481506348e-02 9.759318828582763672e-02
4.455896317958831787e-01 8.861191272735595703e-01
3.921768963336944580e-01 5.459555983543395996e-01
6.941307783126831055e-01 3.083836734294891357e-01
2.423352301120758057e-01 1.745301932096481323e-01
2.370419502258300781e-01 5.911052599549293518e-02
3.379478752613067627e-01 6.926971673965454102e-01
2.769910395145416260e-01 4.751184582710266113e-01
5.342154502868652344e-01 4.779734313488006592e-01
4.837832748889923096e-01 4.074694514274597168e-01
5.967561602592468262e-01 2.608094811439514160e-01
1.711962670087814331e-01 3.466635942459106445e-01
4.861008524894714355e-01 7.739079743623733521e-02
5.043391585350036621e-01 2.987266778945922852e-01
6.518983840942382812e-01 2.836330831050872803e-01
6.632294654846191406e-01 3.129837512969970703e-01
8.691732883453369141e-01 1.718727499246597290e-01
7.867670655250549316e-01 3.603223860263824463e-01
7.577112913131713867e-01 3.032591007649898529e-02
7.605740427970886230e-01 1.044789776206016541e-01
9.326437711715698242e-01 8.475126624107360840e-01
9.749824404716491699e-01 8.616532087326049805e-01
1.070973649621009827e-01 1.605312526226043701e-01
9.749147891998291016e-01 1.662225127220153809e-01
3.243680596351623535e-01 9.027768373489379883e-01
4.983948469161987305e-01 3.286235928535461426e-01
5.761518478393554688e-01 2.386269569396972656e-01
1.077579706907272339e-01 6.137020587921142578e-01
2.725124359130859375e-01 5.575649142265319824e-01
6.157333254814147949e-01 5.907580852508544922e-01
6.450517773628234863e-01 6.722961068153381348e-01
5.136134028434753418e-01 2.142632454633712769e-01
1.251066476106643677e-01 7.579861879348754883e-01
1.806911975145339966e-01 7.877755165100097656e-02
6.090831011533737183e-02 8.704642653465270996e-01
5.714919418096542358e-02 9.133920669555664062e-01
8.248235583305358887e-01 1.884995698928833008e-01
8.564835190773010254e-01 6.970353126525878906e-01
5.511011481285095215e-01 9.749392271041870117e-01
7.922811508178710938e-01 7.235652208328247070e-01
9.790607690811157227e-01 1.119503602385520935e-01
3.858861327171325684e-01 5.965370535850524902e-01
3.129656910896301270e-01 2.760133445262908936e-01
6.589209437370300293e-01 5.283048152923583984e-01
9.044926762580871582e-01 8.715837597846984863e-01
8.616350889205932617e-01 7.440699934959411621e-01
4.038752317428588867e-01 7.915406823158264160e-01
9.717166423797607422e-01 3.169051408767700195e-01
2.066417187452316284e-01 7.499158382415771484e-01
4.460219442844390869e-01 7.120751142501831055e-01
7.018243670463562012e-01 2.100992053747177124e-01
7.667170166969299316e-01 2.952520847320556641e-01
8.417287468910217285e-01 1.671656072139739990e-01
3.142884969711303711e-01 4.869897291064262390e-02
2.717442810535430908e-01 4.534704089164733887e-01
1.381661593914031982e-01 5.017798021435737610e-02
7.835832983255386353e-02 7.486047148704528809e-01
8.363323211669921875e-01 5.811711549758911133e-01
8.036927580833435059e-01 3.423715829849243164e-01
1.631450653076171875e-02 8.627588152885437012e-01
2.489076741039752960e-02 9.162054061889648438e-01
4.178118407726287842e-01 1.098135784268379211e-01
6.569255590438842773e-01 7.064181566238403320e-01
2.913873493671417236e-01 1.718924492597579956e-01
1.832314208149909973e-02 2.432759851217269897e-01
6.392101645469665527e-01 5.062561631202697754e-01
7.729942351579666138e-02 5.959973335266113281e-01
6.023373007774353027e-01 3.535646498203277588e-01
2.371088564395904541e-01 2.874493896961212158e-01
8.094615489244461060e-02 5.523282662034034729e-02
5.984537005424499512e-01 4.753110110759735107e-01
2.419966161251068115e-01 6.961005926132202148e-02
2.330987304449081421e-01 6.034995913505554199e-01
2.954250574111938477e-01 7.307130694389343262e-01
4.707643985748291016e-01 8.978744745254516602e-01
2.070220857858657837e-01 2.796462923288345337e-02
9.542754888534545898e-01 3.564953207969665527e-01
4.672572016716003418e-01 6.305886507034301758e-01
8.368974328041076660e-01 8.027860522270202637e-01
4.088769853115081787e-01 3.958794176578521729e-01
4.321834444999694824e-01 9.218940138816833496e-01
9.077678918838500977e-01 9.107583165168762207e-01
3.165364265441894531e-01 9.835799932479858398e-01
2.248015403747558594e-01 9.802395105361938477e-01
9.721276164054870605e-02 8.852158784866333008e-01
9.407461881637573242e-01 2.526678144931793213e-01
4.684617519378662109e-01 1.737504899501800537e-01
3.788150548934936523e-01 7.012725472450256348e-01
9.301323443651199341e-02 6.741713285446166992e-01
1.276482045650482178e-01 7.702222466468811035e-01
9.665453433990478516e-01 3.879322111606597900e-01
8.956016302108764648e-01 9.727132916450500488e-01
7.301898598670959473e-01 1.425539553165435791e-01
4.504578709602355957e-01 6.619448661804199219e-01
5.523937344551086426e-01 4.531049728393554688e-01
6.681110858917236328e-01 2.085020989179611206e-01
7.127237319946289062e-01 9.968749880790710449e-01
3.986202478408813477e-01 1.371011883020401001e-01
3.672051131725311279e-01 4.226261377334594727e-01
2.142031341791152954e-01 5.675638318061828613e-01
1.614633053541183472e-01 1.378360092639923096e-01
6.025074124336242676e-01 1.490952968597412109e-01
5.872750878334045410e-01 5.612877011299133301e-01
2.809540629386901855e-01 4.288850724697113037e-01
4.235748052597045898e-01 3.744297027587890625e-01
1.357940882444381714e-01 8.763113617897033691e-01
8.245111107826232910e-01 4.349562823772430420e-01
1.944041848182678223e-01 2.893230319023132324e-01
7.795093059539794922e-01 9.333182573318481445e-01
1.921319365501403809e-01 3.396047055721282959e-01
2.123649120330810547e-01 7.111678719520568848e-01
2.217975258827209473e-01 8.844746947288513184e-01
2.420078814029693604e-01 3.331702649593353271e-01
6.480351686477661133e-01 7.954104542732238770e-01
9.505139589309692383e-01 3.700996041297912598e-01
9.027540087699890137e-01 9.627618640661239624e-02
2.281496375799179077e-01 9.215347766876220703e-01
5.231518149375915527e-01 4.711753726005554199e-01
5.402231216430664062e-02 3.784151673316955566e-01
7.727851271629333496e-01 2.407034039497375488e-01
9.135839343070983887e-01 3.248337283730506897e-02
9.204785227775573730e-01 2.397135645151138306e-01
1.289140284061431885e-01 6.955402493476867676e-01
1.980829685926437378e-01 9.263447523117065430e-01
4.458377361297607422e-01 5.438407659530639648e-01
6.351364254951477051e-01 7.752068638801574707e-01
6.184586882591247559e-02 7.028991580009460449e-01
5.132532119750976562e-01 9.953282475471496582e-01
1.410286128520965576e-01 9.258394837379455566e-01
4.412318468093872070e-01 6.489910483360290527e-01
5.469152927398681641e-01 4.055636525154113770e-01
6.559568643569946289e-02 4.097498953342437744e-01
7.196069359779357910e-01 5.254891514778137207e-02
5.961314439773559570e-01 8.391306400299072266e-01
1.983079314231872559e-01 7.302556633949279785e-01
8.138953149318695068e-02 3.513438105583190918e-01
6.273371577262878418e-01 7.279829382896423340e-01
6.545989513397216797e-01 8.939391374588012695e-01
4.727728366851806641e-01 4.715141654014587402e-01
2.266956269741058350e-01 5.338146090507507324e-01
3.917432427406311035e-01 4.262234568595886230e-01
9.554218053817749023e-01 1.373406201601028442e-01
6.966530084609985352e-01 6.849068999290466309e-01
7.281695604324340820e-01 8.041306138038635254e-01
4.093483835458755493e-02 4.126661121845245361e-01
7.541121840476989746e-01 4.533609449863433838e-01
2.376013696193695068e-01 7.619615793228149414e-01
9.889308214187622070e-01 6.712003946304321289e-01
6.028001308441162109e-01 5.599250644445419312e-02
4.599828124046325684e-01 5.859963893890380859e-01
5.327388048171997070e-01 2.576494812965393066e-01
8.740869760513305664e-01 6.382688283920288086e-01
1.591446399688720703e-01 6.668825745582580566e-01
8.083809614181518555e-01 5.950207710266113281e-01
6.665028929710388184e-01 1.015283390879631042e-01
3.888507187366485596e-01 8.578303456306457520e-01
9.568287730216979980e-01 1.441359519958496094e-03
3.606384098529815674e-01 1.344976574182510376e-01
5.668542385101318359e-01 8.342903852462768555e-02
1.192929446697235107e-01 4.996252357959747314e-01
3.635521829128265381e-01 1.507986932992935181e-01
6.209619045257568359e-01 3.722501397132873535e-01
2.789671123027801514e-01 6.661157608032226562e-01
8.342179059982299805e-01 2.835493981838226318e-01
8.482990860939025879e-01 9.263394027948379517e-02
9.692717194557189941e-01 6.276159286499023438e-01
9.370372891426086426e-01 6.669957041740417480e-01
6.111412644386291504e-01 3.888647258281707764e-01
8.472027182579040527e-01 1.822647750377655029e-01
7.419621944427490234e-01 6.712793111801147461e-01
7.088714838027954102e-01 5.667261481285095215e-01
7.021343111991882324e-01 4.717036783695220947e-01
1.871486604213714600e-01 4.533850550651550293e-01
5.437228083610534668e-01 3.077547252178192139e-01
7.862123250961303711e-01 2.726210653781890869e-01
8.071424365043640137e-01 1.436503529548645020e-01
9.010487198829650879e-01 4.662248194217681885e-01
7.470234036445617676e-01 3.000758290290832520e-01
6.416696310043334961e-01 6.278477311134338379e-01
3.217443525791168213e-01 2.880723588168621063e-02
7.373744845390319824e-01 6.444104313850402832e-01
8.390008807182312012e-01 5.344172120094299316e-01
2.240893989801406860e-01 1.507676392793655396e-01
1.854779422283172607e-01 8.318601250648498535e-01
3.800853490829467773e-01 6.199935674667358398e-01
2.492233663797378540e-01 5.817434787750244141e-01
7.614780068397521973e-01 8.680469989776611328e-01
8.783870339393615723e-01 1.964780390262603760e-01
2.554218769073486328e-01 7.294310331344604492e-01
3.099131286144256592e-01 5.118022561073303223e-01
9.572401046752929688e-01 7.769891023635864258e-01
4.642084836959838867e-01 1.381507515907287598e-01
7.947245240211486816e-01 9.975450634956359863e-01
8.548151254653930664e-01 8.333671092987060547e-01
7.676175981760025024e-02 5.869071483612060547e-01
5.391478538513183594e-01 3.504478335380554199e-01
7.125766873359680176e-01 7.672222256660461426e-01
5.836344361305236816e-01 5.199652910232543945e-01
9.660750031471252441e-01 6.694893240928649902e-01
3.838161230087280273e-01 3.302082121372222900e-01
8.775374889373779297e-01 2.275736331939697266e-01
8.533957600593566895e-01 6.319478154182434082e-01
1.332761943340301514e-01 3.020207881927490234e-01
2.830656468868255615e-01 1.076488569378852844e-01
6.446627378463745117e-01 7.421137690544128418e-01
6.071638315916061401e-02 5.563086271286010742e-01
1.805039048194885254e-01 8.749548196792602539e-01
5.205912590026855469e-01 4.028989672660827637e-01
5.594779253005981445e-01 4.319297671318054199e-01
5.531052350997924805e-01 7.714842557907104492e-01
1.645638793706893921e-01 2.388422340154647827e-01
7.534444928169250488e-01 7.452960610389709473e-01
5.267218947410583496e-01 9.277029633522033691e-01
7.388553023338317871e-01 1.816218793392181396e-01
9.348195195198059082e-01 6.297520399093627930e-01
7.301349192857742310e-02 9.711166620254516602e-01
6.418768167495727539e-01 6.755840778350830078e-02
9.415704011917114258e-01 1.777309924364089966e-01
2.515966296195983887e-01 9.496005177497863770e-01
7.834513187408447266e-01 5.750426650047302246e-01
1.917074918746948242e-01 6.192843317985534668e-01
6.859776973724365234e-01 4.320210963487625122e-02
5.828393623232841492e-02 6.110957860946655273e-01
3.074578940868377686e-01 4.141453802585601807e-01
8.376811742782592773e-01 3.851399719715118408e-01
4.874646961688995361e-01 2.263313978910446167e-01
6.961101293563842773e-01 2.575355172157287598e-01
6.715406179428100586e-01 4.939150214195251465e-01
1.398123204708099365e-01 3.515607714653015137e-01
3.225215673446655273e-01 8.700901865959167480e-01
9.414885640144348145e-01 9.217637032270431519e-02
1.717924773693084717e-01 8.025898933410644531e-01
1.048319414258003235e-01 9.410616159439086914e-01
2.813837826251983643e-01 1.554947942495346069e-01
8.280690312385559082e-01 6.231703162193298340e-01
1.080159991979598999e-01 1.362427920103073120e-01
6.272107362747192383e-02 2.613463997840881348e-01
2.363545149564743042e-01 2.441508769989013672e-01
7.188363671302795410e-01 2.359939664602279663e-01
1.916862577199935913e-01 4.811000227928161621e-01
6.932618021965026855e-01 1.416870355606079102e-01
2.312753945589065552e-01 7.820176482200622559e-01
5.673943161964416504e-01 9.198952913284301758e-01
9.039101600646972656e-01 2.455121427774429321e-01
6.912692189216613770e-01 5.196279883384704590e-01
5.371574163436889648e-01 5.472905039787292480e-01
8.561711311340332031e-01 4.554154276847839355e-01
9.521307349205017090e-01 9.416200518608093262e-01
3.752816319465637207e-01 2.288060784339904785e-01
1.820638775825500488e-01 6.990147829055786133e-01
3.542192876338958740e-01 4.651761353015899658e-01
1.649389714002609253e-01 2.772436849772930145e-02
7.127730250358581543e-01 9.184007644653320312e-01
4.020437300205230713e-01 6.427679061889648438e-01
9.634103178977966309e-01 8.131310343742370605e-01
1.399984061717987061e-01 8.306929469108581543e-02
2.085951268672943115e-01 2.719042599201202393e-01
1.637776009738445282e-02 7.458081245422363281e-01
2.868271768093109131e-01 6.709071397781372070e-01
8.673886656761169434e-01 2.834890186786651611e-01
4.677181243896484375e-01 8.340379595756530762e-01
2.810723334550857544e-02 7.759757805615663528e-03
2.134540528059005737e-01 9.643515348434448242e-01
7.850834131240844727e-01 2.030498534440994263e-01
3.190945982933044434e-01 7.825112342834472656e-01
7.737179398536682129e-01 5.194738507270812988e-01
5.543068796396255493e-02 4.989294111728668213e-01
6.936914920806884766e-01 4.756988957524299622e-02
7.674790620803833008e-01 9.864407181739807129e-01
2.582983374595642090e-01 6.478959321975708008e-01
8.044901490211486816e-01 5.014605522155761719e-01
3.906810283660888672e-01 2.083504199981689453e-01
3.138887882232666016e-02 8.251506090164184570e-01
2.038740515708923340e-01 5.183885693550109863e-01
9.467157721519470215e-01 3.352083563804626465e-01
3.092129230499267578e-01 3.817233741283416748e-01
7.624030113220214844e-01 9.581370949745178223e-01
9.046190977096557617e-01 7.761071324348449707e-01
8.760647177696228027e-01 1.126042529940605164e-01
9.148145318031311035e-01 7.119025588035583496e-01
4.141243100166320801e-01 5.446813106536865234e-01
6.462692618370056152e-01 1.165468804538249969e-02
8.088885545730590820e-01 9.792315959930419922e-01
6.204636096954345703e-01 5.016593635082244873e-02
9.771558046340942383e-01 5.961352586746215820e-02
2.004586905241012573e-01 1.503487080335617065e-01
8.876883983612060547e-01 8.102309703826904297e-01
8.990843892097473145e-01 2.088542729616165161e-01
3.204880356788635254e-01 7.588192224502563477e-01
5.845709443092346191e-01 7.840055227279663086e-01
8.975747823715209961e-01 5.914596319198608398e-01
3.583495616912841797e-01 9.395837783813476562e-03
4.621454477310180664e-01 9.875966310501098633e-01
9.917794466018676758e-01 9.033707976341247559e-01
3.698109686374664307e-01 5.794432759284973145e-01
4.259923696517944336e-01 1.448225881904363632e-02
6.010729670524597168e-01 8.224126696586608887e-01
1.803872175514698029e-02 6.107369065284729004e-01
2.596352696418762207e-01 4.336078185588121414e-03
6.243897676467895508e-01 6.260896921157836914e-01
7.151462435722351074e-01 1.947264075279235840e-01
6.859232187271118164e-01 5.723710060119628906e-01
2.738072276115417480e-01 3.232124149799346924e-01
4.207966923713684082e-01 8.395680785179138184e-01
7.716495990753173828e-01 4.768565297126770020e-01
9.506104588508605957e-01 5.076197981834411621e-01
9.654191136360168457e-01 3.440055996179580688e-02
4.651061892509460449e-01 3.622389733791351318e-01
1.514425408095121384e-02 6.591933965682983398e-02
3.729188069701194763e-02 1.215755846351385117e-02
8.819341063499450684e-01 3.108747005462646484e-01
4.953396618366241455e-01 5.107828974723815918e-01
1.641290783882141113e-01 5.550992488861083984e-01
9.573748707771301270e-01 8.092952966690063477e-01
8.275610804557800293e-01 9.104983806610107422e-01
9.013425707817077637e-01 1.904366165399551392e-02
6.683419942855834961e-01 6.791225075721740723e-01
7.781373262405395508e-01 1.059173792600631714e-01
7.285597920417785645e-01 5.856632590293884277e-01
3.660368323326110840e-01 6.891283988952636719e-01
1.425567865371704102e-01 5.334124565124511719e-01
7.240273356437683105e-01 5.057125687599182129e-01
4.878767728805541992e-01 6.021710038185119629e-01
8.535643815994262695e-01 2.232373133301734924e-02
5.492836833000183105e-01 5.993414521217346191e-01
2.748478353023529053e-01 2.216872572898864746e-01
1.422317326068878174e-01 3.240067064762115479e-01
1.984991580247879028e-01 7.787716984748840332e-01
6.572811603546142578e-01 5.668197870254516602e-01
7.174332141876220703e-01 8.118192851543426514e-02
5.939714312553405762e-01 8.547876477241516113e-01
6.195690035820007324e-01 4.533334374427795410e-01
9.636998176574707031e-03 8.512718081474304199e-01
1.012228801846504211e-01 5.552163720130920410e-01
8.194556236267089844e-01 7.509687542915344238e-01
4.479494094848632812e-01 1.720605045557022095e-01
4.244475364685058594e-01 9.234009385108947754e-01
6.609457731246948242e-01 6.473005414009094238e-01
9.808713197708129883e-02 4.661678075790405273e-01
3.239625692367553711e-01 1.094122081995010376e-01
8.028020262718200684e-01 1.202608719468116760e-01
4.458343386650085449e-01 4.731822907924652100e-01
4.361139833927154541e-01 4.038574993610382080e-01
5.126929879188537598e-01 6.792570352554321289e-01
5.655804872512817383e-01 3.116107881069183350e-01
8.541598320007324219e-01 5.028605461120605469e-01
9.065592288970947266e-01 6.617698073387145996e-01
7.425348162651062012e-01 1.324349790811538696e-01
5.937927961349487305e-01 2.435866445302963257e-01
6.416360139846801758e-01 1.788076758384704590e-01
4.050211310386657715e-01 3.276864886283874512e-01
9.514409303665161133e-01 9.652750492095947266e-01
5.966032743453979492e-01 4.189870953559875488e-01
8.101568222045898438e-01 9.111322164535522461e-01
8.276401162147521973e-01 3.673883154988288879e-02
6.814428567886352539e-01 7.522001862525939941e-01
2.802827060222625732e-01 6.729013472795486450e-02
5.947932004928588867e-01 1.331403199583292007e-02
5.168830156326293945e-01 9.410659223794937134e-02
1.674042791128158569e-01 8.346613049507141113e-01
9.070287942886352539e-01 5.801750421524047852e-01
1.050944328308105469e-01 1.976949572563171387e-01
9.702968001365661621e-01 4.360189139842987061e-01
9.702252745628356934e-01 7.401827573776245117e-01
6.069325804710388184e-01 6.697459220886230469e-01
1.790785193443298340e-01 5.320197343826293945e-01
6.238765120506286621e-01 5.701772570610046387e-01
5.928575396537780762e-01 5.886386632919311523e-01
1.508277952671051025e-01 8.554567694664001465e-01
4.020940065383911133e-01 1.914324611425399780e-01
1.767383664846420288e-01 9.049147367477416992e-01
4.274423047900199890e-02 8.432633876800537109e-01
4.345264136791229248e-01 2.473042160272598267e-01
4.949173927307128906e-01 8.070380091667175293e-01
3.724631071090698242e-01 9.409939646720886230e-01
2.669792473316192627e-01 2.853002548217773438e-01
8.308910131454467773e-01 9.290170073509216309e-01
5.078426748514175415e-02 7.511855959892272949e-01
1.727085001766681671e-02 9.617586731910705566e-01
2.652090787887573242e-01 1.530464440584182739e-01
3.621686100959777832e-01 7.810527086257934570e-01
9.059873819351196289e-01 6.491171717643737793e-01
2.827296406030654907e-02 2.696490287780761719e-01
6.572638750076293945e-01 9.135494232177734375e-01
8.461275696754455566e-01 4.727187156677246094e-01
8.198760151863098145e-01 8.617123961448669434e-01
2.300055772066116333e-01 4.775369167327880859e-02
7.712876200675964355e-01 9.075191617012023926e-01
6.811779737472534180e-01 6.101570725440979004e-01
7.925206422805786133e-02 2.336240857839584351e-01
3.874079138040542603e-02 7.954000830650329590e-01
8.578551560640335083e-02 4.723737835884094238e-01
4.826438724994659424e-01 9.810706377029418945e-01
9.834890365600585938e-01 2.478132247924804688e-01
7.201806902885437012e-01 4.908752739429473877e-01
7.684637308120727539e-01 4.167410135269165039e-01
1.270491629838943481e-01 2.722173184156417847e-02
3.926983475685119629e-01 7.429794669151306152e-01
7.996798753738403320e-01 2.665932103991508484e-02
2.388637363910675049e-01 1.988045573234558105e-01
9.928457140922546387e-01 8.916253447532653809e-01
9.566144347190856934e-01 5.354635119438171387e-01
7.311964407563209534e-03 7.118707895278930664e-01
9.427495002746582031e-01 8.671618700027465820e-01
7.603641748428344727e-01 8.333198428153991699e-01
9.142858386039733887e-01 8.001738190650939941e-01
8.397052288055419922e-01 1.344995051622390747e-01
7.451595664024353027e-01 4.090615808963775635e-01
7.618953585624694824e-01 6.246015429496765137e-02
7.954466342926025391e-01 3.219052255153656006e-01
7.846208214759826660e-01 5.567836761474609375e-01
8.771767020225524902e-01 5.363332629203796387e-01
6.888026744127273560e-02 6.465227603912353516e-01
7.478393316268920898e-01 2.268984168767929077e-02
8.263692855834960938e-01 6.224326323717832565e-03
3.292720615863800049e-01 7.106812000274658203e-01
8.725911974906921387e-01 8.790287375450134277e-01
7.150304317474365234e-01 4.332447350025177002e-01
9.089732170104980469e-01 6.912065744400024414e-01
4.176889955997467041e-01 6.028778553009033203e-01
2.603093385696411133e-01 8.137016296386718750e-01
8.947353065013885498e-02 2.810683250427246094e-01
7.556082606315612793e-01 7.889418005943298340e-01
8.506946563720703125e-01 3.194069862365722656e-01
7.390091568231582642e-02 8.849502801895141602e-01
4.868028759956359863e-01 2.564657926559448242e-01
4.016030132770538330e-01 1.256046891212463379e-01
2.102684229612350464e-01 3.758912384510040283e-01
2.504702508449554443e-01 5.577395558357238770e-01
6.519511938095092773e-01 4.173647165298461914e-01
3.451466560363769531e-03 8.064793944358825684e-01
4.952198266983032227e-01 7.037748098373413086e-01
2.446887791156768799e-01 6.739601492881774902e-01
2.570908665657043457e-01 4.859700500965118408e-01
1.436553299427032471e-01 9.849373102188110352e-01
5.768961310386657715e-01 8.002007603645324707e-01
7.959434986114501953e-01 7.578355669975280762e-01
1.749352924525737762e-02 7.592886090278625488e-01
2.066910117864608765e-01 8.451359868049621582e-01
4.187464118003845215e-01 2.355774343013763428e-01
1.368480827659368515e-02 6.500561833381652832e-01
5.073370933532714844e-01 8.068880438804626465e-01
2.858524620532989502e-01 9.626622796058654785e-01
9.913246631622314453e-01 4.541496746242046356e-03
6.307395696640014648e-01 7.339162826538085938e-01
6.260133981704711914e-01 9.483019262552261353e-02
5.401999354362487793e-01 1.721440851688385010e-01
5.615519285202026367e-01 1.105029731988906860e-01
6.321265101432800293e-01 8.277672529220581055e-01
4.753189682960510254e-01 4.128764867782592773e-01
5.328046679496765137e-01 6.978733539581298828e-01
1.264209002256393433e-01 4.114430546760559082e-01
4.399279654026031494e-01 7.988359928131103516e-01
9.112071245908737183e-02 1.459350436925888062e-01
6.677994132041931152e-01 9.266115427017211914e-01
9.793241024017333984e-01 7.755001187324523926e-01
2.167516015470027924e-02 9.091010093688964844e-01
4.142933785915374756e-01 8.521804213523864746e-02
3.974105417728424072e-01 4.061449170112609863e-01
2.701554000377655029e-01 7.470336556434631348e-02
4.467623680830001831e-02 5.306263566017150879e-01
1.181059284135699272e-03 3.156336545944213867e-01
7.570768147706985474e-02 3.219526112079620361e-01
1.300710439682006836e-01 9.368678331375122070e-01
8.250041007995605469e-01 6.140057444572448730e-01
8.585447669029235840e-01 4.137446582317352295e-01
6.559923291206359863e-01 4.055624604225158691e-01
2.667443156242370605e-01 6.255725622177124023e-01
3.500510752201080322e-01 3.575041592121124268e-01
9.007104635238647461e-01 3.877573907375335693e-01
8.593054413795471191e-01 6.793514490127563477e-01
6.813164353370666504e-01 8.200735449790954590e-01
5.030052065849304199e-01 1.587377786636352539e-01
6.781990528106689453e-01 9.932946562767028809e-01
8.453813791275024414e-01 2.475731521844863892e-01
4.482795298099517822e-01 3.243962526321411133e-01
2.540493011474609375e-02 5.797272324562072754e-01
5.977222323417663574e-01 9.499320387840270996e-02
3.573076128959655762e-01 9.359128475189208984e-01
3.319164216518402100e-01 8.880896568298339844e-01
3.866804838180541992e-01 4.752947390079498291e-02
9.781754612922668457e-01 1.597573757171630859e-01
2.961540818214416504e-01 2.140464931726455688e-01
2.066424787044525146e-01 5.891773104667663574e-01
4.967231154441833496e-01 7.346746921539306641e-01
9.792124480009078979e-02 4.278632998466491699e-01
2.112850546836853027e-01 4.439371824264526367e-01
9.470189809799194336e-01 2.974321842193603516e-01
9.488323330879211426e-01 6.456913948059082031e-01
6.094136834144592285e-01 9.879078865051269531e-01
7.759866118431091309e-01 1.846474856138229370e-01
8.614562749862670898e-01 9.257850050926208496e-01
6.002959609031677246e-01 8.869050741195678711e-01
3.434831500053405762e-01 5.400759354233741760e-02
1.810633689165115356e-01 1.557603925466537476e-01
9.105276465415954590e-01 9.394676238298416138e-02
5.513866543769836426e-01 4.941198527812957764e-01
5.217289328575134277e-01 2.634068727493286133e-01
9.135245084762573242e-01 1.773127615451812744e-01
9.354070425033569336e-01 1.056664511561393738e-01
2.099600583314895630e-01 2.116736471652984619e-01
1.726072132587432861e-01 5.063307881355285645e-01
5.382311344146728516e-01 8.320807814598083496e-01
7.095283865928649902e-01 8.169306516647338867e-01
8.035542964935302734e-01 9.456355571746826172e-01
1.491137295961380005e-01 6.321440935134887695e-01
4.289198517799377441e-01 8.326464146375656128e-02
7.819399982690811157e-02 8.279496431350708008e-01
9.512920975685119629e-01 5.626190900802612305e-01
1.900890320539474487e-01 9.708496928215026855e-01
7.553578913211822510e-02 4.425304532051086426e-01
5.135433077812194824e-01 7.211726158857345581e-02
6.004224419593811035e-01 6.353952288627624512e-01
8.090506196022033691e-01 6.577289104461669922e-01
1.850846409797668457e-01 8.572127223014831543e-01
9.187347888946533203e-01 9.935505986213684082e-01
9.629084467887878418e-01 2.591043114662170410e-01
5.061314105987548828e-01 7.759429812431335449e-01
3.052781224250793457e-01 7.179637998342514038e-02
8.882074952125549316e-01 7.995631098747253418e-01
5.703698992729187012e-01 7.010650038719177246e-01
6.376349329948425293e-01 2.522512376308441162e-01
1.783962845802307129e-01 7.477657198905944824e-01
6.955241411924362183e-02 1.960155963897705078e-01
1.340798437595367432e-01 3.921132981777191162e-01
5.089274048805236816e-01 6.075589060783386230e-01
1.174460649490356445e-01 7.248228192329406738e-01
1.071578189730644226e-01 3.517483174800872803e-01
7.406135201454162598e-01 9.826949238777160645e-01
4.580458160489797592e-03 7.796725630760192871e-01
3.977850973606109619e-01 2.485493421554565430e-01
7.403318881988525391e-01 3.433597981929779053e-01
9.343397617340087891e-01 2.031725943088531494e-01
5.519775152206420898e-01 8.703058362007141113e-01
1.733237691223621368e-02 3.786043226718902588e-01
9.564591050148010254e-01 4.231443107128143311e-01
1.262869387865066528e-01 2.257824242115020752e-01
9.722776710987091064e-02 2.309040129184722900e-01
7.264050841331481934e-01 5.463809967041015625e-01
7.602531909942626953e-01 6.322969198226928711e-01
1.592037975788116455e-01 3.377417474985122681e-02
8.128702044486999512e-01 2.257862836122512817e-01
4.472691416740417480e-01 7.506446838378906250e-01
4.262318611145019531e-01 7.615088820457458496e-01
3.237476944923400879e-01 1.916295588016510010e-01
8.565807342529296875e-01 8.683859705924987793e-01
3.627210557460784912e-01 2.678395211696624756e-01
4.542144238948822021e-01 1.333808898925781250e-01
1.278121769428253174e-01 6.539012193679809570e-01
6.955226659774780273e-01 9.757526218891143799e-02
7.176821827888488770e-01 1.333763450384140015e-01
9.328566789627075195e-01 2.820037603378295898e-01
7.613446116447448730e-01 7.345045804977416992e-01
3.227391541004180908e-01 5.385800004005432129e-01
4.957237243652343750e-01 1.372303664684295654e-01
9.032016992568969727e-01 6.047335267066955566e-01
4.822514355182647705e-01 4.996370077133178711e-01
3.132059872150421143e-01 8.212948441505432129e-01
3.447016701102256775e-02 1.445191651582717896e-01
7.979023456573486328e-01 4.485222995281219482e-01
2.250522673130035400e-01 4.697030186653137207e-01
2.636356353759765625e-01 2.400698214769363403e-01
2.654919326305389404e-01 8.547219634056091309e-01
8.320323228836059570e-01 6.866917014122009277e-01
4.387354943901300430e-03 2.099305540323257446e-01
7.380961179733276367e-01 2.186139076948165894e-01
2.918818295001983643e-01 9.309818148612976074e-01
8.135753273963928223e-01 8.664216101169586182e-02
4.560717344284057617e-01 1.973383277654647827e-01
5.948427319526672363e-01 9.582298398017883301e-01
3.129781484603881836e-01 6.046109199523925781e-01
4.464320242404937744e-01 7.761181592941284180e-01
5.211786627769470215e-01 1.752465665340423584e-01
6.822419166564941406e-01 4.297919273376464844e-01
4.237704575061798096e-01 8.597845435142517090e-01
1.014765724539756775e-01 3.904599323868751526e-02
5.521525144577026367e-01 8.509749770164489746e-01
3.581261932849884033e-01 9.793879389762878418e-01
7.427142858505249023e-01 4.307871758937835693e-01
9.937114715576171875e-01 7.048535943031311035e-01
5.338253974914550781e-01 2.276810817420482635e-02
4.535048007965087891e-01 3.914876282215118408e-01
3.794321715831756592e-01 8.804433047771453857e-02
2.659052377566695213e-03 1.207880899310112000e-01
3.749098777770996094e-01 4.681389033794403076e-01
1.528122276067733765e-01 2.437403351068496704e-01
9.429957866668701172e-01 1.298952847719192505e-01
5.121103525161743164e-01 9.549748897552490234e-01
1.644363701343536377e-01 6.721587777137756348e-01
8.016445040702819824e-01 1.588028520345687866e-01
9.003055691719055176e-01 4.782383888959884644e-02
3.314561843872070312e-01 1.717507839202880859e-03
7.448769807815551758e-01 3.842900395393371582e-01
7.843104004859924316e-01 7.823318839073181152e-01
7.117023468017578125e-01 3.595709502696990967e-01
1.086757406592369080e-01 7.054493427276611328e-01
7.453811764717102051e-01 6.609190702438354492e-01
3.265863060951232910e-01 8.228818327188491821e-02
3.517211377620697021e-01 6.094540357589721680e-01
9.065367579460144043e-01 2.923650145530700684e-01
7.736839056015014648e-01 6.064718961715698242e-01
3.409725725650787354e-01 8.341142535209655762e-01
4.229134917259216309e-01 3.935575485229492188e-03
8.118431568145751953e-01 2.875917553901672363e-01
9.669743180274963379e-01 9.130564928054809570e-01
1.763595938682556152e-01 1.079762876033782959e-01
2.051647305488586426e-01 6.462990641593933105e-01
4.894543886184692383e-01 2.137663662433624268e-01
6.143257617950439453e-01 4.703707695007324219e-01
1.687227040529251099e-01 7.937032580375671387e-01
2.270951569080352783e-01 4.281181097030639648e-01
1.293130069971084595e-01 9.057832509279251099e-02
6.579121947288513184e-01 8.440665602684020996e-01
6.207440793514251709e-02 8.430059999227523804e-02
5.835160017013549805e-01 1.863552182912826538e-01
8.933161497116088867e-01 2.567271888256072998e-01
2.821429371833801270e-01 3.129009604454040527e-01
4.630240797996520996e-01 3.135391175746917725e-01
1.150977313518524170e-01 8.888016939163208008e-01
6.760878860950469971e-02 1.601936668157577515e-01
4.920837283134460449e-01 6.614493131637573242e-01
6.896076202392578125e-01 8.750494718551635742e-01
4.803722202777862549e-01 5.298182368278503418e-01
3.176406398415565491e-02 1.738784760236740112e-01
4.694766998291015625e-01 8.200356364250183105e-01
3.409667015075683594e-01 9.177980571985244751e-02
2.313384860754013062e-01 4.905560016632080078e-01
6.306483745574951172e-01 3.059912919998168945e-01
3.934138715267181396e-01 9.504365324974060059e-01
8.203577399253845215e-01 2.431806176900863647e-01
9.005489945411682129e-01 9.476799368858337402e-01
2.098051607608795166e-01 6.050181984901428223e-01
9.614787697792053223e-01 7.583479881286621094e-01
4.096680581569671631e-01 3.317625075578689575e-02
3.896109163761138916e-01 5.701021552085876465e-01
5.307124853134155273e-01 6.176726222038269043e-01
3.001110851764678955e-01 7.969090938568115234e-01
1.962706595659255981e-01 4.305257499217987061e-01
6.057621240615844727e-01 2.453703247010707855e-02
5.515391826629638672e-01 2.482820749282836914e-01
4.282463714480400085e-02 8.410888165235519409e-02
5.669169425964355469e-01 1.782849580049514771e-01
5.915927290916442871e-01 3.661315739154815674e-01
4.814768135547637939e-01 6.533786058425903320e-01
4.128572940826416016e-01 8.934724330902099609e-01
5.773144364356994629e-01 9.193316698074340820e-01
3.657396733760833740e-01 9.088701605796813965e-01
9.508798122406005859e-01 4.663447439670562744e-01
2.202365547418594360e-01 9.632240049540996552e-03
1.153033450245857239e-01 5.544520616531372070e-01
3.484252393245697021e-01 3.102218806743621826e-01
9.685457497835159302e-02 7.096435129642486572e-02
5.570769309997558594e-01 3.484536707401275635e-01
2.730570137500762939e-01 7.288454174995422363e-01
3.641945868730545044e-02 2.156383991241455078e-01
5.379376411437988281e-01 6.389922648668289185e-02
2.385086864233016968e-01 5.189276933670043945e-01
7.063793540000915527e-01 7.058722376823425293e-01
3.673039376735687256e-01 9.167536348104476929e-02
8.552167415618896484e-01 3.888414502143859863e-01
3.800933957099914551e-01 6.840987205505371094e-01
2.952129244804382324e-01 9.951798319816589355e-01
6.308140158653259277e-01 5.434340834617614746e-01
7.215549349784851074e-01 8.407831788063049316e-01
8.658807277679443359e-01 4.907555580139160156e-01
6.830635070800781250e-01 3.645876646041870117e-01
8.360609412193298340e-02 5.007369518280029297e-01
8.857191205024719238e-01 9.133561849594116211e-01
9.200614690780639648e-02 6.476848721504211426e-01
3.657967746257781982e-01 1.990848183631896973e-01
6.149548888206481934e-01 3.424980640411376953e-01
2.958692610263824463e-01 1.823020875453948975e-01
4.815984666347503662e-01 3.048015991225838661e-03
5.492516756057739258e-01 1.236147247254848480e-02
1.711599677801132202e-01 4.074736833572387695e-01
8.497516065835952759e-02 1.411829739809036255e-01
3.513641059398651123e-01 2.641068696975708008e-01
6.646077036857604980e-01 4.360299706459045410e-01
8.644949793815612793e-01 2.414471954107284546e-01
7.121173143386840820e-01 8.925713896751403809e-01
4.324630275368690491e-02 4.910979866981506348e-01
5.685530900955200195e-01 3.811500221490859985e-02
7.030822038650512695e-01 7.778221368789672852e-01
5.231910347938537598e-01 1.236237883567810059e-01
1.683267056941986084e-01 1.406570523977279663e-01
5.303543210029602051e-01 7.331165075302124023e-01
2.233664393424987793e-01 3.783240020275115967e-01
2.938757538795471191e-01 3.785621821880340576e-01
4.255074262619018555e-01 7.760942578315734863e-01
4.495836794376373291e-01 5.750631093978881836e-01
6.823859214782714844e-01 3.816112577915191650e-01
7.146517634391784668e-01 9.513583183288574219e-01
3.605102747678756714e-02 4.016190022230148315e-02
3.553593754768371582e-01 4.346442520618438721e-01
5.145866274833679199e-01 8.458672761917114258e-01
6.210058927536010742e-01 5.412860512733459473e-01
5.912861824035644531e-01 6.597711443901062012e-01
4.354798197746276855e-01 9.667427539825439453e-01
6.399527192115783691e-01 6.019402742385864258e-01
2.070351183647289872e-04 3.471751511096954346e-01
4.442702531814575195e-01 2.738746106624603271e-01
2.848411500453948975e-01 8.974065780639648438e-01
7.134442329406738281e-01 8.677554726600646973e-01
9.583839178085327148e-01 4.477580189704895020e-01
4.834332689642906189e-02 9.333374500274658203e-01
2.400712668895721436e-02 3.539804518222808838e-01
6.766975522041320801e-01 9.674121141433715820e-01
5.777953192591667175e-02 4.197192192077636719e-02
6.912881135940551758e-01 7.563613057136535645e-01
6.407796740531921387e-01 3.788111507892608643e-01
9.916201978921890259e-02 3.784475326538085938e-01
4.575027227401733398e-01 7.074710130691528320e-01
6.029465198516845703e-01 2.148222476243972778e-01
7.937352657318115234e-01 5.251935720443725586e-01
2.345049977302551270e-01 1.124836131930351257e-01
1.159029752016067505e-01 2.820526659488677979e-01
8.675801157951354980e-01 3.239336013793945312e-01
8.697285056114196777e-01 4.248320758342742920e-01
2.382763326168060303e-01 9.407685399055480957e-01
1.179265528917312622e-01 7.889668941497802734e-01
3.154590427875518799e-01 3.129032850265502930e-01
9.825069308280944824e-01 4.196681082248687744e-01
3.775355517864227295e-01 7.759208679199218750e-01
9.191220998764038086e-01 4.897882044315338135e-01
1.450704634189605713e-01 7.616336345672607422e-01
1.394037306308746338e-01 4.765150845050811768e-01
8.617448210716247559e-01 3.519007265567779541e-01
5.589259862899780273e-01 8.981006145477294922e-01
9.948220252990722656e-01 3.834459185600280762e-01
2.080012559890747070e-01 1.605517864227294922e-01
3.465042114257812500e-01 6.464957594871520996e-01
2.688805758953094482e-01 7.931720614433288574e-01
5.614485740661621094e-01 5.494973659515380859e-01
5.435659289360046387e-01 5.554967522621154785e-01
8.294293284416198730e-01 4.961609542369842529e-01
3.667040169239044189e-01 3.582831025123596191e-01
3.189743161201477051e-01 5.742561817169189453e-01
9.924913644790649414e-01 4.738892614841461182e-01
8.252497315406799316e-01 7.784701585769653320e-01
9.588922858238220215e-01 5.124472379684448242e-01
9.726181030273437500e-01 5.840079188346862793e-01
2.602725848555564880e-02 6.187523603439331055e-01
8.238449692726135254e-01 3.104560077190399170e-01
8.001706004142761230e-01 8.513450622558593750e-01
5.588917136192321777e-01 4.827923476696014404e-01
8.875179290771484375e-02 9.772784113883972168e-01
6.717463731765747070e-01 2.533398568630218506e-01
6.565850377082824707e-01 8.800417184829711914e-01
4.438552260398864746e-01 8.391841650009155273e-01
4.105328917503356934e-01 5.572589635848999023e-01
6.920450925827026367e-02 9.951543211936950684e-01
9.680637717247009277e-02 7.949011325836181641e-01
1.172611564397811890e-01 5.140846967697143555e-01
1.679403930902481079e-01 4.497087299823760986e-01
8.685709238052368164e-01 9.770533442497253418e-01
1.859247684478759766e-02 1.584987640380859375e-01
4.653680026531219482e-01 6.834964156150817871e-01
3.680812418460845947e-01 5.197147727012634277e-01
8.392561227083206177e-02 3.329907357692718506e-01
1.142045333981513977e-01 1.826853007078170776e-01
1.042615994811058044e-01 6.462056040763854980e-01
2.976114749908447266e-01 1.120925508439540863e-02
5.201365351676940918e-01 5.645684599876403809e-01
3.133798837661743164e-01 6.436001062393188477e-01
4.295764863491058350e-01 9.717684388160705566e-01
6.941361427307128906e-01 5.498183369636535645e-01
9.874691963195800781e-01 1.935071051120758057e-01
8.498282432556152344e-01 8.968814611434936523e-01
5.336641073226928711e-01 7.799748182296752930e-01
1.234223842620849609e-01 4.582988321781158447e-01
3.129013478755950928e-01 6.703350543975830078e-01
8.928706049919128418e-01 1.481673121452331543e-01
4.171582758426666260e-01 1.780964881181716919e-01
4.277915656566619873e-01 1.244613155722618103e-01
5.162987709045410156e-01 9.194505810737609863e-01
3.495132327079772949e-01 7.619899511337280273e-01
7.242688536643981934e-01 3.235474228858947754e-01
8.990290164947509766e-01 3.612137734889984131e-01
3.076257705688476562e-01 8.270645141601562500e-01
4.663287401199340820e-01 3.432045578956604004e-01
8.545501232147216797e-01 9.928832650184631348e-01
4.566514194011688232e-01 3.079977445304393768e-02
7.323803305625915527e-01 7.869026064872741699e-02
6.413295269012451172e-01 9.261084198951721191e-01
7.071838378906250000e-01 3.866763710975646973e-01
5.953913331031799316e-01 7.513650059700012207e-01
1.615131646394729614e-01 7.060676813125610352e-01
9.340780377388000488e-01 6.134725213050842285e-01
8.504607081413269043e-01 4.752833768725395203e-02
1.651074141263961792e-01 9.672756195068359375e-01
8.926699161529541016e-01 7.163166999816894531e-01
5.485731363296508789e-02 9.619004726409912109e-01
5.915812030434608459e-02 2.330485284328460693e-01
6.580461859703063965e-01 6.510965228080749512e-01
1.790898740291595459e-01 4.491978287696838379e-01
8.682922720909118652e-01 3.753777146339416504e-01
8.592984676361083984e-01 3.568263351917266846e-01
8.401870727539062500e-04 1.033832877874374390e-01
3.175058960914611816e-01 4.714657664299011230e-01
7.378762364387512207e-01 3.627570867538452148e-01
4.710920155048370361e-01 2.889504730701446533e-01
2.336766868829727173e-01 2.954790890216827393e-01
3.133163750171661377e-01 4.338198602199554443e-01
5.333423614501953125e-03 4.971223473548889160e-01
2.927494943141937256e-01 5.213867425918579102e-01
6.415259838104248047e-01 9.902787804603576660e-01
8.750501871109008789e-01 2.344948053359985352e-02
1.190236359834671021e-01 8.230310082435607910e-01
9.146509170532226562e-01 9.586518406867980957e-01
8.148561716079711914e-01 7.033674120903015137e-01
8.410527706146240234e-01 8.307753801345825195e-01
3.193770945072174072e-01 4.905918538570404053e-01
2.681684792041778564e-01 2.502404339611530304e-02
7.450329661369323730e-01 5.541501641273498535e-01
3.364510238170623779e-01 5.683801770210266113e-01
7.474835515022277832e-01 2.806778550148010254e-01
3.529300391674041748e-01 8.664324283599853516e-01
7.149190902709960938e-01 1.633335798978805542e-01
6.310964822769165039e-01 8.196055293083190918e-01
5.700868368148803711e-01 9.345638751983642578e-01
7.456551790237426758e-01 1.641067564487457275e-01
5.740776062011718750e-01 6.407298445701599121e-01
2.624023258686065674e-01 8.664508461952209473e-01
3.465483784675598145e-01 5.321514606475830078e-01
5.751451253890991211e-01 9.747684597969055176e-01
4.693664014339447021e-01 2.557288408279418945e-01
3.313143178820610046e-02 2.288717925548553467e-01
6.448768973350524902e-01 2.494406700134277344e-01
3.253315389156341553e-01 9.372935891151428223e-01
6.567576527595520020e-01 3.142269551753997803e-01
3.410782516002655029e-01 7.422947883605957031e-01
4.471855461597442627e-01 3.529772460460662842e-01
7.833692431449890137e-01 3.830034136772155762e-01
1.690697669982910156e-02 5.332092642784118652e-01
3.548659980297088623e-01 2.926368415355682373e-01
1.554193049669265747e-01 6.043872237205505371e-01
9.501401782035827637e-01 8.371125459671020508e-01
4.558899402618408203e-01 3.916205465793609619e-02
2.693854868412017822e-01 8.351961374282836914e-01
6.289204955101013184e-02 8.017514944076538086e-01
7.445278167724609375e-01 8.763943910598754883e-01
3.490291535854339600e-01 4.017364382743835449e-01
9.705668687820434570e-02 8.527473211288452148e-01
2.721723020076751709e-01 5.810225009918212891e-01
7.831407785415649414e-01 1.389141231775283813e-01
9.288113713264465332e-01 5.367178320884704590e-01
1.439595073461532593e-01 6.083623766899108887e-01
4.434652924537658691e-01 6.258450150489807129e-01
2.885568439960479736e-01 8.972279429435729980e-01
3.704198896884918213e-01 8.605228662490844727e-01
8.322492837905883789e-01 8.839584141969680786e-02
2.158395797014236450e-01 3.370556831359863281e-01
3.121927976608276367e-01 1.389677822589874268e-01
7.898417115211486816e-01 6.717975735664367676e-01
8.054941892623901367e-01 5.772041678428649902e-01
7.779713869094848633e-01 8.855721354484558105e-01
7.613009214401245117e-01 5.524023771286010742e-01
6.611425280570983887e-01 4.705176874995231628e-02
8.671592473983764648e-01 8.252940177917480469e-01
6.784371733665466309e-01 9.418951869010925293e-01
1.463373899459838867e-01 4.754550457000732422e-01
9.235552549362182617e-01 3.251783847808837891e-01
5.010529756546020508e-01 9.485043883323669434e-01
9.420593976974487305e-01 7.337093353271484375e-01
3.718522191047668457e-01 2.665777504444122314e-01
5.829887092113494873e-02 7.364577054977416992e-01
3.841510117053985596e-01 9.895341396331787109e-01
7.073420882225036621e-01 6.408362388610839844e-01
6.448076367378234863e-01 1.320132464170455933e-01
4.622040688991546631e-01 4.604483842849731445e-01
1.199109330773353577e-01 1.235110089182853699e-01
5.761558413505554199e-01 3.040495216846466064e-01
5.818848609924316406e-01 7.739826440811157227e-01
9.074373245239257812e-01 7.324285507202148438e-01
3.788987696170806885e-01 8.226937055587768555e-01
4.250669777393341064e-01 3.136319816112518311e-01
5.284060239791870117e-01 7.886130809783935547e-01
9.793502092361450195e-01 5.949759483337402344e-01
1.932730674743652344e-01 1.681221649050712585e-02
7.812291383743286133e-01 8.111620545387268066e-01
2.639428377151489258e-01 7.418164014816284180e-01
5.786569118499755859e-01 2.183675020933151245e-01
4.912061691284179688e-01 5.579240918159484863e-01
9.883945584297180176e-01 2.092385664582252502e-02
1.195719689130783081e-01 9.777181744575500488e-01
9.942802786827087402e-01 9.436165690422058105e-01
1.259552836418151855e-01 4.256391227245330811e-01
7.372445464134216309e-01 7.088119387626647949e-01
2.762944102287292480e-01 2.233346700668334961e-01
5.348421335220336914e-01 6.097968220710754395e-01
3.517466038465499878e-02 1.218330711126327515e-01
5.368678569793701172e-01 6.623384356498718262e-01
8.594255447387695312e-01 4.481619894504547119e-01
6.161485314369201660e-01 9.231460690498352051e-01
9.303287863731384277e-01 4.283702075481414795e-01
8.234530091285705566e-01 6.765972077846527100e-02
9.994285702705383301e-01 4.222680330276489258e-01
9.913462400436401367e-01 2.914190590381622314e-01
6.046637296676635742e-01 7.240641713142395020e-01
5.813109874725341797e-01 2.916193306446075439e-01
3.895449936389923096e-01 8.969058990478515625e-01
6.317138075828552246e-01 1.986791789531707764e-01
4.136115014553070068e-01 4.712399840354919434e-01
4.624530971050262451e-01 7.917701452970504761e-02
1.707159876823425293e-01 8.269373178482055664e-01
4.180205762386322021e-01 6.908803582191467285e-01
1.632847338914871216e-01 1.987745463848114014e-01
1.654864400625228882e-01 9.425699710845947266e-01
1.377952545881271362e-01 7.333595156669616699e-01
6.132930517196655273e-01 1.831776201725006104e-01
4.426174461841583252e-01 1.879611760377883911e-01
4.082772135734558105e-02 4.297115802764892578e-01
1.846507638692855835e-01 1.666219718754291534e-02
3.654316067695617676e-02 2.951806485652923584e-01
3.686672151088714600e-01 1.651732474565505981e-01
3.011478781700134277e-01 2.533743083477020264e-01
3.594657778739929199e-01 4.881022572517395020e-01
1.363812536001205444e-01 2.899715602397918701e-01
5.211454629898071289e-01 3.788171112537384033e-01
8.021261096000671387e-01 4.090155065059661865e-01
4.023927450180053711e-01 4.881358146667480469e-01
6.644915342330932617e-01 7.810195684432983398e-01
6.982203722000122070e-01 4.520015716552734375e-01
3.109858930110931396e-01 6.527934670448303223e-01
5.229475498199462891e-01 8.573971986770629883e-01
3.986074402928352356e-02 1.825849413871765137e-01
7.048273086547851562e-01 2.995420992374420166e-01
5.323530435562133789e-01 5.212982296943664551e-01
6.280859708786010742e-01 8.792753219604492188e-01
5.147538185119628906e-01 4.219790697097778320e-01
2.892348170280456543e-01 7.781538367271423340e-01
3.002163767814636230e-01 8.567767739295959473e-01
1.031772568821907043e-01 3.653232008218765259e-03
4.944413304328918457e-01 8.925684690475463867e-01
9.121873974800109863e-01 5.062195062637329102e-01
8.864538073539733887e-01 5.506911873817443848e-01
4.152095317840576172e-02 3.227129876613616943e-01
7.644116878509521484e-01 4.857149422168731689e-01
9.939221143722534180e-01 6.121644973754882812e-01
2.341064214706420898e-01 8.976942896842956543e-01
3.110780715942382812e-01 2.415997534990310669e-01
3.155350685119628906e-03 2.375267446041107178e-01
8.740004897117614746e-01 7.066270709037780762e-01
7.135199308395385742e-01 9.363266825675964355e-01
9.280680418014526367e-01 3.739871680736541748e-01
4.866944625973701477e-02 6.536861062049865723e-01
4.054491221904754639e-01 3.569352924823760986e-01
1.778673380613327026e-01 3.953160345554351807e-01
5.443249940872192383e-01 3.508550301194190979e-02
6.800707429647445679e-02 6.833069920539855957e-01
5.746666193008422852e-01 1.459316909313201904e-01
6.791832298040390015e-02 5.830649137496948242e-01
3.242406249046325684e-01 3.615552484989166260e-01
9.316449165344238281e-01 9.242883920669555664e-01
4.820537567138671875e-01 5.811096727848052979e-02
8.591142296791076660e-01 6.240052580833435059e-01
9.642133116722106934e-01 7.335224747657775879e-02
3.692985177040100098e-01 5.033133625984191895e-01
9.698917865753173828e-01 5.619144439697265625e-01
2.516955137252807617e-01 4.123623967170715332e-01
5.896486043930053711e-01 7.406527996063232422e-01
4.989238679409027100e-01 3.906521946191787720e-02
8.836737871170043945e-01 4.892201125621795654e-01
4.304141104221343994e-01 5.118528604507446289e-01
6.729083657264709473e-01 1.236874461174011230e-01
4.078737199306488037e-01 7.166012525558471680e-01
7.776187062263488770e-01 6.934708356857299805e-01
6.890971064567565918e-01 6.193017363548278809e-01
6.815190911293029785e-01 2.833494842052459717e-01
4.350805580615997314e-01 4.360476136207580566e-01
7.645291090011596680e-01 2.573156356811523438e-01
7.946736216545104980e-01 8.526250720024108887e-01
9.832072257995605469e-01 5.258641242980957031e-01
1.913243979215621948e-01 2.978411912918090820e-01
2.025043368339538574e-01 1.874189227819442749e-01
4.675404727458953857e-01 9.425939321517944336e-01
2.460727095603942871e-01 2.028736174106597900e-01
5.299667119979858398e-01 3.174426555633544922e-01
7.384232282638549805e-01 9.633139967918395996e-01
5.718031525611877441e-01 3.851318657398223877e-01
2.258965373039245605e-01 6.259360909461975098e-01
8.901058435440063477e-01 5.715030431747436523e-01
1.363389790058135986e-01 5.958085060119628906e-01
7.485271692276000977e-01 7.125550508499145508e-01
3.728805482387542725e-01 8.428762853145599365e-02
9.755948781967163086e-01 9.770897030830383301e-01
2.917194664478302002e-01 3.569289147853851318e-01
