2.522437572479248047e-01 2.134195268154144287e-01
5.217649340629577637e-01 6.758291125297546387e-01
3.991891741752624512e-01 3.547929525375366211e-01
8.225649595260620117e-01 7.412359714508056641e-01
5.627331137657165527e-01 8.809724450111389160e-02
7.669202089309692383e-01 5.776321291923522949e-01
1.406983137130737305e-01 2.727439701557159424e-01
1.539942473173141479e-01 8.049864768981933594e-01
9.632462859153747559e-01 1.004096642136573792e-01
8.961489200592041016e-01 7.088972330093383789e-01
1.729429066181182861e-01 3.140816390514373779e-01
4.643212854862213135e-01 6.816577315330505371e-01
5.132043361663818359e-01 9.246179461479187012e-01
8.324829936027526855e-01 4.233202338218688965e-02
1.066552028059959412e-01 7.566695809364318848e-01
3.884696960449218750e-01 5.495864152908325195e-01
3.116137087345123291e-01 4.436865150928497314e-01
9.014692902565002441e-01 9.381256699562072754e-01
2.542282044887542725e-01 3.894446045160293579e-02
7.801848649978637695e-01 4.379859566688537598e-01
5.516086816787719727e-01 5.842111706733703613e-01
2.098886668682098389e-01 2.552547305822372437e-02
8.099932670593261719e-01 2.663585841655731201e-01
3.759118914604187012e-01 2.025127410888671875e-01
4.439693689346313477e-01 8.513813018798828125e-01
8.148173093795776367e-01 7.970919013023376465e-01
7.515611648559570312e-01 1.409058570861816406e-01
5.097104310989379883e-01 6.832430958747863770e-01
4.014224112033843994e-01 2.461942285299301147e-01
3.768727481365203857e-01 8.829889297485351562e-01
9.878273606300354004e-01 4.131350517272949219e-01
7.460505962371826172e-01 9.544385075569152832e-01
8.549381494522094727e-01 3.528186976909637451e-01
1.024860292673110962e-01 2.598467171192169189e-01
8.604306578636169434e-01 9.718642234802246094e-01
2.761020958423614502e-01 4.251948893070220947e-01
2.143359333276748657e-01 8.229948580265045166e-03
8.680267930030822754e-01 2.542516589164733887e-01
5.149726271629333496e-01 5.255586504936218262e-01
9.760454893112182617e-01 8.968523740768432617e-01
2.320663183927536011e-01 8.540668487548828125e-01
9.682008624076843262e-01 9.513206481933593750e-01
4.841653108596801758e-01 4.248892664909362793e-01
8.571779727935791016e-01 9.152345061302185059e-01
4.266445338726043701e-02 5.885009169578552246e-01
1.519925892353057861e-01 6.772322654724121094e-01
7.502556443214416504e-01 3.751129806041717529e-01
2.517030239105224609e-01 2.963292300701141357e-01
4.384800791740417480e-01 6.047178804874420166e-02
6.557725369930267334e-02 5.140466690063476562e-01
2.246942818164825439e-01 9.377731382846832275e-02
2.224668264389038086e-01 3.967280387878417969e-01
7.957188487052917480e-01 4.439651370048522949e-01
7.024220824241638184e-01 3.251964151859283447e-01
6.849897503852844238e-01 8.015420436859130859e-01
2.502315342426300049e-01 4.840580523014068604e-01
3.286138176918029785e-01 5.378015041351318359e-01
5.807416886091232300e-02 6.198441386222839355e-01
6.517046689987182617e-01 6.899947524070739746e-01
2.117398232221603394e-01 3.612200617790222168e-01
5.556515455245971680e-01 8.316816091537475586e-01
3.247301280498504639e-02 9.691202044486999512e-01
6.484504342079162598e-01 4.412464797496795654e-01
7.379361987113952637e-01 2.827568352222442627e-01
8.562067747116088867e-01 3.388741016387939453e-01
3.454959690570831299e-01 7.317050099372863770e-01
6.707615256309509277e-01 6.199283599853515625e-01
2.941593229770660400e-01 9.706179499626159668e-01
9.155944585800170898e-01 4.642667993903160095e-02
1.724806576967239380e-01 1.916718482971191406e-01
7.829266786575317383e-01 8.862749934196472168e-01
2.001022547483444214e-01 8.545666337013244629e-01
9.120419025421142578e-01 1.985310912132263184e-01
8.751142024993896484e-01 2.229835838079452515e-02
2.800997113808989525e-03 1.013135090470314026e-01
8.513376116752624512e-01 7.504082322120666504e-01
6.228082776069641113e-01 9.419723749160766602e-01
3.389052450656890869e-01 9.641102552413940430e-01
4.686732888221740723e-01 8.341042995452880859e-01
1.969405077397823334e-02 3.011521100997924805e-01
8.625823259353637695e-02 2.956142723560333252e-01
8.849819898605346680e-01 3.871876597404479980e-01
5.958003997802734375e-01 5.026037096977233887e-01
9.643014669418334961e-01 8.175897598266601562e-01
5.098585486412048340e-01 5.162875056266784668e-01
1.202648580074310303e-01 8.367202281951904297e-01
6.441221237182617188e-01 1.486926674842834473e-01
4.176100790500640869e-01 8.218281865119934082e-01
7.452896833419799805e-01 5.516773462295532227e-01
8.581797480583190918e-01 6.144015863537788391e-02
7.192900180816650391e-01 4.420248270034790039e-01
3.506844490766525269e-02 4.740927219390869141e-01
1.665772646665573120e-01 7.281929850578308105e-01
3.520868718624114990e-01 3.095718324184417725e-01
6.952956318855285645e-01 4.053745269775390625e-01
9.373046755790710449e-01 8.255876302719116211e-01
8.187443017959594727e-02 1.013553738594055176e-01
2.302097976207733154e-01 8.647551536560058594e-01
6.351662874221801758e-01 9.159764051437377930e-01
2.856479883193969727e-01 3.272369271144270897e-03
2.322023212909698486e-01 1.862570941448211670e-01
1.226469054818153381e-01 5.916460752487182617e-01
8.128202557563781738e-01 1.407594680786132812e-01
9.487236738204956055e-01 6.064387783408164978e-02
1.869432032108306885e-01 6.567065119743347168e-01
3.764228820800781250e-01 7.718535065650939941e-01
9.735530018806457520e-01 6.156109273433685303e-02
5.634045004844665527e-01 5.070657134056091309e-01
7.068443894386291504e-01 9.868016839027404785e-01
2.482306212186813354e-01 9.867475628852844238e-01
9.882603287696838379e-01 8.011103868484497070e-01
9.194438457489013672e-01 7.451829314231872559e-01
3.076154291629791260e-01 7.664542794227600098e-01
9.605122804641723633e-01 3.719287216663360596e-01
3.862034976482391357e-01 8.324528932571411133e-01
7.594429254531860352e-01 1.063729897141456604e-01
2.979121506214141846e-01 4.842003285884857178e-01
9.325653910636901855e-01 4.833324551582336426e-01
8.442353606224060059e-01 1.816628724336624146e-01
8.314451575279235840e-01 8.840340375900268555e-01
3.896585106849670410e-02 1.260849386453628540e-01
5.276737809181213379e-01 4.699525535106658936e-01
2.313281595706939697e-01 5.870895385742187500e-01
5.393663793802261353e-02 7.911303043365478516e-01
1.615113317966461182e-01 2.520969212055206299e-01
8.358462452888488770e-01 8.253195136785507202e-02
8.839603066444396973e-01 5.621975064277648926e-01
8.049395084381103516e-01 8.715835809707641602e-01
5.935816168785095215e-01 2.195068299770355225e-01
5.116297006607055664e-01 1.893605291843414307e-01
5.148024559020996094e-01 7.291204929351806641e-01
3.381611704826354980e-01 2.504868209362030029e-01
5.591332316398620605e-01 7.615400552749633789e-01
8.784769177436828613e-01 1.441774219274520874e-01
8.902663588523864746e-01 4.263889491558074951e-01
2.366375625133514404e-01 2.341961860656738281e-02
8.846183419227600098e-01 2.784669995307922363e-01
6.901060342788696289e-01 1.735531724989414215e-02
4.787242710590362549e-01 6.457018256187438965e-01
6.473187208175659180e-01 6.979740411043167114e-02
6.683947443962097168e-01 4.798956811428070068e-01
9.815928936004638672e-01 6.870785951614379883e-01
9.593865275382995605e-01 5.752667784690856934e-01
8.806519508361816406e-01 3.476225137710571289e-01
4.075869917869567871e-01 6.071344614028930664e-01
3.397144079208374023e-01 1.558607965707778931e-01
6.129254698753356934e-01 6.840358972549438477e-01
2.650821506977081299e-01 1.152959540486335754e-01
5.820551514625549316e-01 9.291093349456787109e-01
5.576657652854919434e-01 6.102797985076904297e-01
8.883602619171142578e-01 6.940918564796447754e-01
3.347043693065643311e-01 8.764366507530212402e-01
8.245344758033752441e-01 4.150236546993255615e-01
7.687416076660156250e-01 3.113238215446472168e-01
9.082732200622558594e-01 9.167842864990234375e-01
6.910183429718017578e-01 3.662926256656646729e-01
6.209759116172790527e-01 5.329651236534118652e-01
9.902186989784240723e-01 3.295229673385620117e-01
8.025355339050292969e-01 5.765188336372375488e-01
6.090918183326721191e-01 8.465028405189514160e-01
3.254414498805999756e-01 8.983234167098999023e-01
6.990847587585449219e-01 8.262907862663269043e-01
8.694566041231155396e-02 6.588441729545593262e-01
4.688567221164703369e-01 7.222375273704528809e-02
1.691572517156600952e-01 6.970999240875244141e-01
2.643978297710418701e-01 6.642969250679016113e-01
6.007047295570373535e-01 5.994161367416381836e-01
9.458482861518859863e-01 7.051228284835815430e-01
6.333600878715515137e-01 2.677235603332519531e-01
4.297055900096893311e-01 4.776495695114135742e-01
6.042682528495788574e-01 9.995995163917541504e-01
3.770415186882019043e-01 1.497893333435058594e-01
6.627697348594665527e-01 8.502973318099975586e-01
3.472673594951629639e-01 8.957916498184204102e-01
9.986166357994079590e-01 6.781551837921142578e-01
2.374922484159469604e-01 9.285843968391418457e-01
2.594128847122192383e-01 6.082659363746643066e-01
9.588808417320251465e-01 2.750073075294494629e-01
8.783240914344787598e-01 4.718927145004272461e-01
1.253121048212051392e-01 3.752379417419433594e-01
5.776184797286987305e-01 2.762599289417266846e-01
4.325366914272308350e-01 2.675806581974029541e-01
1.234261989593505859e-01 7.064001262187957764e-02
6.374987363815307617e-01 9.907298684120178223e-01
9.025796055793762207e-01 1.582309305667877197e-01
1.321522891521453857e-01 9.345505833625793457e-01
8.725119233131408691e-01 5.123483538627624512e-01
2.682584226131439209e-01 1.618503965437412262e-02
5.399649143218994141e-01 8.642487525939941406e-01
2.751760780811309814e-01 9.610974043607711792e-02
7.280614376068115234e-01 5.192124471068382263e-02
6.631258130073547363e-01 2.474819421768188477e-01
7.569874525070190430e-01 1.935544423758983612e-02
2.227713018655776978e-01 2.131281048059463501e-01
7.840594649314880371e-01 6.625765562057495117e-01
3.522756099700927734e-01 9.371516108512878418e-01
3.950381875038146973e-01 4.332689940929412842e-01
8.697430491447448730e-01 5.959876179695129395e-01
8.744038343429565430e-01 8.257578611373901367e-01
1.546293348073959351e-01 6.272408366203308105e-01
5.729813575744628906e-01 9.667891263961791992e-01
4.934728518128395081e-02 4.391358494758605957e-01
6.391396522521972656e-01 9.009375572204589844e-01
8.920648694038391113e-02 2.740895934402942657e-02
9.676287770271301270e-01 4.438933432102203369e-01
6.497005224227905273e-01 7.624215483665466309e-01
8.858190178871154785e-01 4.959999024868011475e-02
8.415027707815170288e-02 1.410935819149017334e-01
6.952334642410278320e-01 6.485647056251764297e-03
1.919352263212203979e-01 2.546714246273040771e-01
1.950297951698303223e-01 9.722058773040771484e-01
7.717396616935729980e-01 3.962170481681823730e-01
7.946044206619262695e-02 3.361006081104278564e-01
7.693015336990356445e-01 1.618070006370544434e-01
7.215728759765625000e-01 6.979569792747497559e-01
1.933198124170303345e-01 1.189193725585937500e-01
9.267060160636901855e-01 1.673136055469512939e-01
4.581488072872161865e-01 1.454015076160430908e-01
5.258784070611000061e-02 6.768563985824584961e-01
3.436776697635650635e-01 8.085197210311889648e-02
3.159927427768707275e-01 8.435586690902709961e-01
6.603382229804992676e-01 3.544420003890991211e-01
2.740974426269531250e-01 8.774596452713012695e-01
5.092493891716003418e-01 6.089727282524108887e-01
5.322338342666625977e-01 2.958263158798217773e-01
2.973820567131042480e-01 3.385077118873596191e-01
8.250905871391296387e-01 2.122277915477752686e-01
8.296387791633605957e-01 5.219467282295227051e-01
1.780642271041870117e-01 5.105435252189636230e-01
8.495739102363586426e-01 8.358451128005981445e-01
2.109029591083526611e-01 3.286371007561683655e-02
1.243663728237152100e-01 8.544398546218872070e-01
8.619408011436462402e-01 4.009715020656585693e-01
6.188716292381286621e-01 2.595585882663726807e-01
8.704326748847961426e-01 2.669895589351654053e-01
3.072340786457061768e-01 7.119028568267822266e-01
1.093993335962295532e-01 3.635361194610595703e-01
1.083175614476203918e-01 8.080085515975952148e-01
1.083736866712570190e-01 5.072138905525207520e-01
4.084178805351257324e-01 5.994768738746643066e-01
3.373908698558807373e-01 3.912740647792816162e-01
6.856751441955566406e-01 2.525051236152648926e-01
5.691685080528259277e-01 4.966272413730621338e-01
7.168757915496826172e-01 2.086328268051147461e-01
5.789017677307128906e-01 1.085437461733818054e-01
4.357665777206420898e-01 1.058999150991439819e-01
1.024774834513664246e-01 9.606895595788955688e-02
4.527223706245422363e-01 9.132429361343383789e-01
1.843053847551345825e-01 2.222320139408111572e-01
3.106929957866668701e-01 9.428759217262268066e-01
3.733190298080444336e-01 9.870417118072509766e-01
3.590138256549835205e-01 7.761522531509399414e-01
5.805737376213073730e-01 2.446109503507614136e-01
7.210854887962341309e-01 1.332886964082717896e-01
2.626290023326873779e-01 8.028590083122253418e-01
2.543042004108428955e-01 5.408971905708312988e-01
3.119985461235046387e-01 5.808253288269042969e-01
1.801526844501495361e-01 3.734415173530578613e-01
3.342950046062469482e-01 5.680028796195983887e-01
7.399854063987731934e-01 5.677483677864074707e-01
1.963960677385330200e-01 1.041084676980972290e-01
1.269305944442749023e-01 7.801121473312377930e-01
2.430677413940429688e-04 1.732317507266998291e-01
4.677823185920715332e-01 8.874204754829406738e-01
1.625147610902786255e-01 5.862654447555541992e-01
3.278315663337707520e-01 9.433161467313766479e-02
5.980938673019409180e-01 7.871853709220886230e-01
5.937718600034713745e-02 6.585047394037246704e-02
2.098737508058547974e-01 5.614362359046936035e-01
3.293481171131134033e-01 3.194043934345245361e-01
7.576699256896972656e-01 8.941668868064880371e-01
8.152953386306762695e-01 6.191380620002746582e-01
3.821215033531188965e-01 8.994054794311523438e-01
5.732412934303283691e-01 6.981496214866638184e-01
3.622198998928070068e-01 5.292012691497802734e-01
2.833260595798492432e-01 9.082913994789123535e-01
3.780283033847808838e-01 1.795372366905212402e-01
4.189837872982025146e-01 1.752998381853103638e-01
7.423918247222900391e-01 1.603777520358562469e-02
1.200101301074028015e-01 9.528316259384155273e-01
3.114866614341735840e-01 5.978487730026245117e-01
3.014511987566947937e-02 5.665805339813232422e-01
2.823868393898010254e-02 9.046671390533447266e-01
5.233632326126098633e-01 4.184223115444183350e-01
2.059265971183776855e-02 4.351893067359924316e-01
1.953009888529777527e-02 6.284625083208084106e-02
3.692837655544281006e-01 4.378980696201324463e-01
7.834903001785278320e-01 9.483941197395324707e-01
7.273530364036560059e-01 9.324347376823425293e-01
1.312569081783294678e-01 1.088577136397361755e-01
6.996302604675292969e-01 6.390801072120666504e-01
6.622839570045471191e-01 8.193104267120361328e-01
6.174128968268632889e-03 9.800711870193481445e-01
8.604580163955688477e-01 6.420336961746215820e-01
1.816822588443756104e-01 8.658412098884582520e-01
1.206136960536241531e-02 8.575124740600585938e-01
9.906688928604125977e-01 1.358022987842559814e-01
8.471929430961608887e-01 5.969032049179077148e-01
7.207272946834564209e-02 6.903708577156066895e-01
1.503202766180038452e-01 7.177900075912475586e-01
4.891321957111358643e-01 5.382521748542785645e-01
7.963060736656188965e-01 7.613875269889831543e-01
7.924008369445800781e-02 4.817099273204803467e-01
7.992860078811645508e-01 5.199181437492370605e-01
6.748268604278564453e-01 1.185899004340171814e-01
5.088018178939819336e-01 8.731139302253723145e-01
4.197072684764862061e-01 8.608793616294860840e-01
7.834207415580749512e-01 3.407897651195526123e-01
9.838165044784545898e-01 6.296865940093994141e-01
6.659587472677230835e-02 4.136919975280761719e-01
7.408810257911682129e-01 8.982679843902587891e-01
7.701363563537597656e-01 5.204453468322753906e-01
2.871081829071044922e-01 1.903741359710693359e-01
6.885365396738052368e-02 1.971827745437622070e-01
5.058833956718444824e-01 3.591109514236450195e-01
5.484494566917419434e-01 5.367782711982727051e-01
5.217167735099792480e-01 5.649083852767944336e-01
6.549175381660461426e-01 1.196122169494628906e-01
9.450087547302246094e-01 3.896090090274810791e-01
4.164429754018783569e-02 6.379060149192810059e-01
2.314482033252716064e-01 2.462622821331024170e-01
6.586371064186096191e-01 2.005081810057163239e-02
8.971114158630371094e-01 4.864630997180938721e-01
2.640106976032257080e-01 8.679348826408386230e-01
6.804805994033813477e-01 4.038282334804534912e-01
6.003854870796203613e-01 1.289059519767761230e-01
4.320711195468902588e-01 7.351813912391662598e-01
9.912036657333374023e-01 3.608193695545196533e-01
7.320230007171630859e-01 7.881907224655151367e-01
1.327711343765258789e-01 2.133272439241409302e-01
5.191519856452941895e-02 7.524662613868713379e-01
9.271378517150878906e-01 2.400894761085510254e-01
7.614170312881469727e-01 7.552053332328796387e-01
6.853002309799194336e-01 5.678806900978088379e-01
3.444584608078002930e-01 9.954962134361267090e-01
5.963756442070007324e-01 7.701153159141540527e-01
6.491759419441223145e-01 4.040680825710296631e-01
3.536811470985412598e-01 6.476126313209533691e-01
1.974058300256729126e-01 8.995643258094787598e-01
7.034460902214050293e-01 7.051337361335754395e-01
4.350571036338806152e-01 1.567250341176986694e-01
6.131824851036071777e-01 6.429294943809509277e-01
3.112631738185882568e-01 7.785934805870056152e-01
3.467147350311279297e-01 4.123407304286956787e-01
4.602972567081451416e-01 1.636158823966979980e-01
6.161261200904846191e-01 2.205237597227096558e-01
3.553076088428497314e-01 8.072892427444458008e-01
2.412768751382827759e-01 4.509191513061523438e-01
5.032558441162109375e-01 1.389510780572891235e-01
9.040668010711669922e-01 1.576119512319564819e-01
8.959804661571979523e-03 5.976853966712951660e-01
7.581088542938232422e-01 4.493603706359863281e-01
4.785906076431274414e-01 6.344071030616760254e-02
8.368142843246459961e-01 9.432654380798339844e-01
3.196122646331787109e-01 1.547849923372268677e-01
4.797600209712982178e-01 9.504848122596740723e-01
6.324659585952758789e-01 3.072895705699920654e-01
8.696827292442321777e-01 3.120805323123931885e-01
8.572570085525512695e-01 2.078955471515655518e-01
6.316747516393661499e-02 6.551214456558227539e-01
4.536466598510742188e-01 3.700520992279052734e-01
6.714441180229187012e-01 2.051797956228256226e-01
9.232144057750701904e-02 2.805864512920379639e-01
3.612076640129089355e-01 1.537852734327316284e-01
1.612783372402191162e-01 4.884703159332275391e-01
7.973289489746093750e-01 1.751769483089447021e-01
5.577915310859680176e-01 7.904253602027893066e-01
4.188805520534515381e-01 4.619747996330261230e-01
7.841644287109375000e-01 7.941167950630187988e-01
4.589850306510925293e-01 2.335658371448516846e-01
2.719313204288482666e-01 5.340618491172790527e-01
5.734714269638061523e-01 8.845381140708923340e-01
8.271136283874511719e-01 3.453293740749359131e-01
4.973288178443908691e-01 8.626960515975952148e-01
8.116604685783386230e-01 7.730634212493896484e-01
6.689125299453735352e-01 5.204979181289672852e-01
7.100477218627929688e-01 2.801132798194885254e-01
2.498701810836791992e-01 5.493969917297363281e-01
2.322681695222854614e-01 6.758140325546264648e-01
3.230243921279907227e-01 2.801026105880737305e-01
4.160738289356231689e-01 4.499994218349456787e-02
6.123311519622802734e-01 9.089450538158416748e-02
9.660729765892028809e-01 8.670511841773986816e-01
9.868798255920410156e-01 4.621078073978424072e-01
8.759583234786987305e-01 7.175486683845520020e-01
2.659554183483123779e-01 7.431422472000122070e-01
2.273205220699310303e-01 7.521125674247741699e-01
7.134419083595275879e-01 6.011642217636108398e-01
6.908670067787170410e-01 9.168075323104858398e-01
6.175518035888671875e-01 9.616569876670837402e-01
7.384808659553527832e-01 6.712422966957092285e-01
8.950822353363037109e-01 7.998748421669006348e-01
5.848286747932434082e-01 4.346053004264831543e-01
9.183417558670043945e-01 9.077712893486022949e-01
6.098230481147766113e-01 9.614548087120056152e-02
3.483506143093109131e-01 7.204434275627136230e-02
5.454884767532348633e-01 1.021124720573425293e-01
2.713065445423126221e-01 8.580204248428344727e-01
1.956886947154998779e-01 1.680726557970046997e-01
1.514188349246978760e-01 9.524403214454650879e-01
1.128113716840744019e-01 9.160551428794860840e-01
9.623074531555175781e-01 2.709165811538696289e-01
6.058992445468902588e-02 3.416935503482818604e-01
4.618053734302520752e-01 5.747223496437072754e-01
4.177795648574829102e-01 9.889443218708038330e-02
5.571797862648963928e-02 7.244064807891845703e-01
2.446131557226181030e-01 4.246674180030822754e-01
9.546827673912048340e-01 7.144552469253540039e-01
1.181550100445747375e-01 6.859102845191955566e-01
9.425310492515563965e-01 6.197944283485412598e-01
1.104499846696853638e-01 5.740417838096618652e-01
1.522997766733169556e-01 1.849009245634078979e-01
2.461083233356475830e-01 7.243314981460571289e-01
9.001017212867736816e-01 4.229577779769897461e-01
6.819973886013031006e-02 2.117834687232971191e-01
8.906854987144470215e-01 7.819461226463317871e-01
7.187366485595703125e-01 8.327673673629760742e-01
6.236760616302490234e-01 6.900225877761840820e-01
1.120963599532842636e-02 4.981684684753417969e-01
4.492750763893127441e-01 9.464343786239624023e-01
3.054229021072387695e-01 3.936128318309783936e-01
4.995299577713012695e-01 2.730398774147033691e-01
7.792708277702331543e-02 7.444589138031005859e-01
1.436423808336257935e-01 2.212021052837371826e-01
7.078924775123596191e-01 9.012416601181030273e-01
2.977958023548126221e-01 2.930130809545516968e-02
3.495626151561737061e-01 6.208533048629760742e-01
5.471730232238769531e-01 6.788160800933837891e-01
7.689267396926879883e-01 4.844980537891387939e-01
8.032751679420471191e-01 4.618230462074279785e-01
5.286843180656433105e-01 3.364201486110687256e-01
6.795278191566467285e-01 5.554376840591430664e-01
8.482388257980346680e-01 5.546086430549621582e-01
8.675459027290344238e-01 6.296139359474182129e-01
6.832872033119201660e-01 7.081636786460876465e-01
5.080867409706115723e-01 4.497065544128417969e-01
2.824757993221282959e-01 6.220954656600952148e-01
3.774506747722625732e-01 2.491951584815979004e-01
3.690006434917449951e-01 3.888376429677009583e-02
5.375532507896423340e-01 5.540120005607604980e-01
1.132008209824562073e-01 3.429847955703735352e-01
1.557084321975708008e-01 9.239564538002014160e-01
3.615568205714225769e-02 8.714541047811508179e-02
8.572613596916198730e-01 1.489468961954116821e-01
1.209711357951164246e-01 7.614870555698871613e-03
8.028327822685241699e-01 8.427599072456359863e-01
3.840051591396331787e-01 7.906928658485412598e-01
6.111239194869995117e-01 6.703813672065734863e-01
9.633615016937255859e-01 5.093418359756469727e-01
6.073628664016723633e-01 4.181675612926483154e-01
6.513720750808715820e-01 3.174708783626556396e-01
9.450903534889221191e-01 1.521907448768615723e-01
3.618829548358917236e-01 1.274105459451675415e-01
3.378289043903350830e-01 3.769923150539398193e-01
6.026823520660400391e-01 5.374667048454284668e-02
4.726928472518920898e-01 9.797579050064086914e-01
8.531195521354675293e-01 5.570693016052246094e-01
2.053586244583129883e-01 3.324294686317443848e-01
7.909598350524902344e-01 8.090422749519348145e-01
3.052071332931518555e-01 9.464754462242126465e-01
4.063543081283569336e-01 8.818433880805969238e-01
4.225245118141174316e-02 9.983190298080444336e-01
8.567927479743957520e-01 6.981217861175537109e-01
1.681112945079803467e-01 8.331351280212402344e-01
1.000763922929763794e-01 1.554685682058334351e-01
3.405734002590179443e-01 3.952792286872863770e-02
9.702574610710144043e-01 7.568763494491577148e-01
5.473588109016418457e-01 1.170068904757499695e-01
4.028516709804534912e-01 5.048125982284545898e-01
6.320273876190185547e-01 1.441388726234436035e-01
1.495328396558761597e-01 7.477478981018066406e-01
2.564719617366790771e-01 1.320939362049102783e-01
3.700540363788604736e-01 2.966240048408508301e-01
7.392132282257080078e-01 3.437644839286804199e-01
9.112406373023986816e-01 5.701268315315246582e-01
2.331639826297760010e-02 3.267710804939270020e-01
9.201601147651672363e-01 3.219931721687316895e-01
3.368744552135467529e-01 9.536813497543334961e-01
3.765399158000946045e-01 3.655715882778167725e-01
8.899357914924621582e-02 6.039175391197204590e-01
8.495342731475830078e-01 7.225237488746643066e-01
6.828417778015136719e-01 7.684742212295532227e-01
9.817925095558166504e-01 6.628731489181518555e-01
3.003553152084350586e-01 1.713124364614486694e-01
6.348987221717834473e-01 4.969762563705444336e-01
2.782392203807830811e-01 2.946647405624389648e-01
7.329891920089721680e-01 9.333834797143936157e-02
4.753645062446594238e-01 7.218633294105529785e-01
9.562305808067321777e-01 4.874042570590972900e-01
7.773771882057189941e-01 8.475009799003601074e-01
1.920068264007568359e-01 4.795641899108886719e-01
8.301953673362731934e-01 9.152467846870422363e-01
4.595904797315597534e-02 8.253496885299682617e-01
4.306913912296295166e-01 6.468883752822875977e-01
6.636363267898559570e-01 7.314435839653015137e-01
5.785391330718994141e-01 4.540869593620300293e-01
7.530831098556518555e-01 5.671435594558715820e-01
4.312911927700042725e-01 7.037034630775451660e-01
9.327630698680877686e-02 1.776980757713317871e-01
4.552087485790252686e-01 5.561323165893554688e-01
2.704662382602691650e-01 3.183402419090270996e-01
9.192764163017272949e-01 4.586580395698547363e-01
8.298117518424987793e-01 6.321328878402709961e-01
2.287160456180572510e-01 9.209451675415039062e-01
1.823827922344207764e-01 2.817264497280120850e-01
7.948448657989501953e-01 9.792656302452087402e-01
4.198921918869018555e-01 7.921502590179443359e-01
1.106528565287590027e-01 4.008989632129669189e-01
8.765126019716262817e-02 4.464038014411926270e-01
7.316229343414306641e-01 6.178678274154663086e-01
1.067490503191947937e-01 1.262904852628707886e-01
7.903861999511718750e-01 2.622844278812408447e-01
9.067875146865844727e-01 6.906700134277343750e-01
9.608641266822814941e-01 3.897489309310913086e-01
7.744034528732299805e-01 1.484891176223754883e-01
8.920034170150756836e-01 2.112061679363250732e-01
4.334558174014091492e-02 7.955580949783325195e-01
5.364373326301574707e-01 2.255999743938446045e-01
6.940508484840393066e-01 6.140022873878479004e-01
8.600632548332214355e-01 2.264796197414398193e-02
7.743564248085021973e-01 5.178455263376235962e-02
8.204779624938964844e-01 9.545656442642211914e-01
5.384851247072219849e-02 4.546970427036285400e-01
8.596541881561279297e-01 6.836776733398437500e-01
9.025592803955078125e-01 9.482361376285552979e-02
9.391179084777832031e-01 4.407568573951721191e-01
9.623001813888549805e-01 6.481361389160156250e-01
7.073342800140380859e-01 4.528159499168395996e-01
5.250050425529479980e-01 6.363526582717895508e-01
4.296472072601318359e-01 3.138655424118041992e-01
9.119708538055419922e-01 3.128956258296966553e-01
7.604340314865112305e-01 8.717918395996093750e-01
1.580793708562850952e-01 3.879562765359878540e-02
7.545732706785202026e-02 9.561762809753417969e-01
4.267321527004241943e-01 5.152562260627746582e-01
2.822386324405670166e-01 5.639179348945617676e-01
6.786943078041076660e-01 9.269390106201171875e-01
7.744392752647399902e-01 4.115009605884552002e-01
9.593083262443542480e-01 3.283519148826599121e-01
9.278151392936706543e-01 8.444762825965881348e-01
9.012361764907836914e-01 6.150197982788085938e-01
9.595990777015686035e-01 5.190284252166748047e-01
4.772540181875228882e-02 5.013004541397094727e-01
5.482149124145507812e-02 3.570639491081237793e-01
8.498744368553161621e-01 2.939477860927581787e-01
5.962457060813903809e-01 8.987172842025756836e-01
5.023886561393737793e-01 7.734820842742919922e-01
7.515614628791809082e-01 2.463192790746688843e-01
1.816037297248840332e-02 7.141451239585876465e-01
3.265181183815002441e-01 4.822944104671478271e-01
8.206539154052734375e-01 2.131920903921127319e-01
7.533091306686401367e-01 8.232451081275939941e-01
2.504850327968597412e-01 6.319655179977416992e-01
8.320524096488952637e-01 4.307770133018493652e-01
6.679378747940063477e-01 1.806172132492065430e-01
8.977296948432922363e-01 2.261619828641414642e-02
1.169171482324600220e-01 3.145377933979034424e-01
4.016197025775909424e-01 3.879658579826354980e-01
1.405148999765515327e-03 9.335054755210876465e-01
5.834193825721740723e-01 6.145042777061462402e-01
4.125986993312835693e-01 9.252918362617492676e-01
4.277409315109252930e-01 3.156673312187194824e-01
7.353773713111877441e-01 5.159124732017517090e-01
7.189620733261108398e-01 5.171459913253784180e-01
1.015759781002998352e-01 8.523645401000976562e-01
5.328969359397888184e-01 8.528079390525817871e-01
2.819446325302124023e-01 2.640855908393859863e-01
3.602460324764251709e-01 3.576123118400573730e-01
1.241970807313919067e-01 5.480850934982299805e-01
7.542390823364257812e-01 6.932967901229858398e-01
1.556971520185470581e-01 5.029808878898620605e-01
5.705546736717224121e-01 1.550197899341583252e-01
1.685034930706024170e-01 3.646669089794158936e-01
5.599762201309204102e-01 5.552623867988586426e-01
2.770372927188873291e-01 4.150079488754272461e-01
6.505889892578125000e-01 4.202510714530944824e-01
1.911547333002090454e-01 6.701221466064453125e-01
9.607104659080505371e-01 5.461850762367248535e-01
4.832618534564971924e-01 1.920004002749919891e-02
3.686554431915283203e-01 8.773024678230285645e-01
4.271247088909149170e-01 1.969504356384277344e-01
9.962633848190307617e-01 9.430915117263793945e-01
1.623981893062591553e-01 3.296235203742980957e-01
9.948181509971618652e-01 8.561560511589050293e-01
2.257967889308929443e-01 4.381180703639984131e-01
7.035793066024780273e-01 1.189655810594558716e-01
8.203867822885513306e-02 3.909610211849212646e-01
2.858870327472686768e-01 2.224596440792083740e-01
5.423601269721984863e-01 2.696474492549896240e-01
6.391310095787048340e-01 4.692444205284118652e-01
5.103103816509246826e-02 2.723443806171417236e-01
6.368922442197799683e-02 5.754081606864929199e-01
5.780416727066040039e-01 3.679671585559844971e-01
8.303519487380981445e-01 1.087927520275115967e-01
4.410419166088104248e-01 9.946274757385253906e-01
9.256634116172790527e-02 9.874036312103271484e-01
4.327189326286315918e-01 9.727998375892639160e-01
9.923367500305175781e-01 2.402419298887252808e-01
2.292692661285400391e-01 6.982983648777008057e-02
3.903413116931915283e-01 4.834418296813964844e-01
5.309121608734130859e-01 3.966103866696357727e-02
2.072360366582870483e-01 7.941377758979797363e-01
4.131515026092529297e-01 2.786297798156738281e-01
1.346545368432998657e-01 2.448537945747375488e-01
7.484870553016662598e-01 3.352307975292205811e-01
5.894542932510375977e-01 9.844914078712463379e-02
9.538674950599670410e-01 8.988472223281860352e-01
4.135679304599761963e-01 2.113874554634094238e-01
7.964488267898559570e-01 7.693892121315002441e-01
4.040487408638000488e-01 3.465774282813072205e-02
9.676238298416137695e-01 1.864223629236221313e-01
4.155996441841125488e-01 6.513122320175170898e-01
1.644054502248764038e-01 9.663322567939758301e-01
7.583777308464050293e-01 9.495517015457153320e-01
5.383463501930236816e-01 3.880390226840972900e-01
2.881666719913482666e-01 9.684552550315856934e-01
5.687142014503479004e-01 9.628431797027587891e-01
8.760339021682739258e-01 8.615400791168212891e-01
8.960198760032653809e-01 1.089785173535346985e-01
9.050291776657104492e-01 6.133352518081665039e-01
3.323161005973815918e-01 3.063359558582305908e-01
6.095865368843078613e-01 5.846880078315734863e-01
9.394837617874145508e-01 6.594333648681640625e-01
3.964790403842926025e-01 9.368394017219543457e-01
5.456327199935913086e-01 9.917191863059997559e-01
9.965644478797912598e-01 9.709707647562026978e-02
4.329843521118164062e-01 8.788144588470458984e-01
9.474016427993774414e-01 6.299603581428527832e-01
7.505224347114562988e-01 7.020213603973388672e-01
1.485732197761535645e-01 5.794848799705505371e-01
7.905008196830749512e-01 3.525059223175048828e-01
7.031294703483581543e-01 3.320792615413665771e-01
5.340298414230346680e-01 8.224114775657653809e-01
9.071531891822814941e-01 5.226534605026245117e-01
5.474905967712402344e-01 3.598406910896301270e-01
5.916130542755126953e-01 3.724091351032257080e-01
1.944065093994140625e-03 5.546398162841796875e-01
1.304658204317092896e-01 7.184893488883972168e-01
9.454645514488220215e-01 7.823882102966308594e-01
1.325250118970870972e-01 4.583967626094818115e-01
2.347800433635711670e-01 1.735961288213729858e-01
2.424990199506282806e-02 3.791865408420562744e-01
6.686848402023315430e-01 9.587847590446472168e-01
5.003919005393981934e-01 8.208702802658081055e-01
4.011077433824539185e-02 3.122669830918312073e-02
4.900947511196136475e-01 4.190805554389953613e-01
2.983975410461425781e-01 1.095101609826087952e-01
5.980712771415710449e-01 7.364817261695861816e-01
7.175236940383911133e-01 4.046359956264495850e-01
7.540369033813476562e-02 9.391824603080749512e-01
4.309600889682769775e-01 5.198500156402587891e-01
6.955873966217041016e-01 1.876525431871414185e-01
3.101456165313720703e-01 6.276992559432983398e-01
5.806629657745361328e-01 5.567938089370727539e-01
7.154724001884460449e-01 8.451186865568161011e-02
4.191924035549163818e-01 6.075192093849182129e-01
2.397113293409347534e-01 6.315445154905319214e-02
3.812186792492866516e-02 2.154295444488525391e-01
5.941951274871826172e-01 1.412915140390396118e-01
3.827185034751892090e-01 6.841601133346557617e-01
8.174405694007873535e-01 5.740595459938049316e-01
6.295861303806304932e-02 3.102484047412872314e-01
2.290777303278446198e-02 2.142967581748962402e-01
4.325796961784362793e-01 3.812932968139648438e-02
7.472907304763793945e-01 7.452613711357116699e-01
8.200043439865112305e-01 4.414311051368713379e-01
1.723871231079101562e-01 2.937709689140319824e-01
9.600726962089538574e-01 3.140233457088470459e-01
3.032040894031524658e-01 5.189998149871826172e-01
7.638724446296691895e-01 7.945499569177627563e-02
9.900376796722412109e-01 6.097285151481628418e-01
6.478824019432067871e-01 6.191976666450500488e-01
9.313083887100219727e-01 3.047768771648406982e-01
7.561758160591125488e-01 4.536787420511245728e-02
3.094152808189392090e-01 7.882017493247985840e-01
3.233121037483215332e-01 2.358418703079223633e-01
5.373029112815856934e-01 6.481648087501525879e-01
1.804465800523757935e-01 9.891166687011718750e-01
6.397699117660522461e-01 3.777957856655120850e-01
3.682075142860412598e-01 5.774128437042236328e-01
1.917886584997177124e-01 8.237844705581665039e-01
3.130307495594024658e-01 1.273647844791412354e-01
4.724317491054534912e-01 3.227697312831878662e-01
6.376392245292663574e-01 8.776189684867858887e-01
1.681852936744689941e-01 5.780297517776489258e-01
2.824519574642181396e-01 6.796990633010864258e-01
3.237674757838249207e-02 3.913978338241577148e-01
5.463802814483642578e-01 4.924089908599853516e-01
6.621228903532028198e-02 8.718625903129577637e-01
7.031562328338623047e-01 6.607498526573181152e-01
6.605018973350524902e-01 2.993976473808288574e-01
4.497299492359161377e-01 1.491323579102754593e-02
1.302801966667175293e-01 5.080817937850952148e-01
9.546348452568054199e-01 5.054536834359169006e-02
6.575649976730346680e-01 3.948411718010902405e-02
5.655398964881896973e-02 1.120715215802192688e-01
7.863904833793640137e-01 7.956966757774353027e-02
4.077912569046020508e-01 7.319352626800537109e-01
4.726700186729431152e-01 4.478347003459930420e-01
2.554824948310852051e-02 9.366809725761413574e-01
2.024883925914764404e-01 4.560287594795227051e-01
4.984045922756195068e-01 3.826477527618408203e-01
1.190309748053550720e-01 2.873807251453399658e-01
4.891063570976257324e-01 2.923292219638824463e-01
8.406437635421752930e-01 2.973614931106567383e-01
1.668258160352706909e-01 1.028318405151367188e-01
8.450316786766052246e-01 2.009121328592300415e-01
8.772954940795898438e-01 9.600135087966918945e-01
2.993586361408233643e-01 8.332899212837219238e-01
1.066348180174827576e-01 6.415095925331115723e-01
3.499564528465270996e-01 6.772897243499755859e-01
3.622617423534393311e-01 6.126736402511596680e-01
6.478852629661560059e-01 5.668761134147644043e-01
5.074788331985473633e-01 9.973298907279968262e-01
5.268436670303344727e-01 7.692021131515502930e-01
5.527496337890625000e-01 2.155390232801437378e-01
9.770882129669189453e-01 8.085705637931823730e-01
5.888889431953430176e-01 3.076472580432891846e-01
6.271968483924865723e-01 7.423792481422424316e-01
3.488989174365997314e-01 4.392736554145812988e-01
3.957154154777526855e-01 5.561315417289733887e-01
7.665024995803833008e-01 5.414094328880310059e-01
9.517573118209838867e-01 2.108328789472579956e-01
8.294548839330673218e-02 6.474385857582092285e-01
8.247939944267272949e-01 6.831564307212829590e-01
9.532957077026367188e-01 1.625664085149765015e-01
5.555253624916076660e-01 5.967756360769271851e-02
3.724098205566406250e-01 7.135191559791564941e-01
1.307371854782104492e-01 1.205351501703262329e-01
4.763457924127578735e-03 1.671047508716583252e-02
8.922303915023803711e-01 7.002131938934326172e-01
1.003543063998222351e-01 4.618878364562988281e-01
3.997307717800140381e-01 6.578303575515747070e-01
1.158993840217590332e-01 1.964924037456512451e-01
8.160791397094726562e-01 3.698028624057769775e-01
5.342815071344375610e-03 6.876367330551147461e-01
3.632968068122863770e-01 9.349240064620971680e-01
4.174776375293731689e-01 3.952842056751251221e-01
7.048431634902954102e-01 8.588256239891052246e-01
8.749269694089889526e-02 7.789475321769714355e-01
5.437974929809570312e-01 7.360005974769592285e-01
9.142479300498962402e-02 9.086802005767822266e-01
2.598223090171813965e-01 3.420029282569885254e-01
4.942683130502700806e-02 8.702435493469238281e-01
3.876582682132720947e-01 7.063161134719848633e-01
1.667194962501525879e-01 1.336310803890228271e-02
5.015377402305603027e-01 2.026784420013427734e-01
4.550855457782745361e-01 7.113027572631835938e-01
7.259888052940368652e-01 1.728796213865280151e-01
6.234840750694274902e-01 7.886129021644592285e-01
8.266828060150146484e-01 8.204552531242370605e-01
1.528080850839614868e-01 8.888092637062072754e-01
8.674507141113281250e-01 1.219235882163047791e-01
4.446130990982055664e-01 2.526591122150421143e-01
1.347099691629409790e-01 6.550471782684326172e-01
4.554919600486755371e-01 2.955355048179626465e-01
7.475187778472900391e-01 2.106183618307113647e-01
8.785715103149414062e-01 9.930734634399414062e-01
7.807626724243164062e-01 1.867386996746063232e-01
8.335416316986083984e-01 8.856535553932189941e-01
8.019143939018249512e-01 4.835869767703115940e-04
5.139102935791015625e-01 9.957835078239440918e-01
8.267821073532104492e-01 5.853359103202819824e-01
9.864239394664764404e-02 5.424299463629722595e-02
4.756253063678741455e-01 5.132068991661071777e-01
6.691585779190063477e-01 4.601708054542541504e-01
5.671821832656860352e-01 9.768266677856445312e-01
3.429930210113525391e-01 7.815181016921997070e-01
1.393105685710906982e-01 3.970274925231933594e-01
8.312988281250000000e-02 8.809850811958312988e-01
9.122858047485351562e-01 9.493366479873657227e-01
7.663456797599792480e-01 9.161363840103149414e-01
4.903688728809356689e-01 8.375906348228454590e-01
2.814443036913871765e-02 5.339803099632263184e-01
9.577421545982360840e-01 2.467533200979232788e-01
1.320524811744689941e-01 4.459697306156158447e-01
3.304104804992675781e-01 6.193490326404571533e-02
6.918097734451293945e-01 9.500011801719665527e-01
2.037258744239807129e-01 8.212764859199523926e-01
7.225769162178039551e-01 2.208948582410812378e-01
5.280143767595291138e-02 9.844636321067810059e-01
9.099076986312866211e-01 7.072156071662902832e-01
1.427615880966186523e-01 8.792124688625335693e-02
2.216166853904724121e-01 7.652942538261413574e-01
1.952271908521652222e-01 2.008242905139923096e-01
6.849332451820373535e-01 1.464759558439254761e-01
2.762803435325622559e-01 3.638124763965606689e-01
8.246141076087951660e-01 9.809558987617492676e-01
9.018037915229797363e-01 8.214780688285827637e-01
5.247659087181091309e-01 1.735019087791442871e-01
7.755922079086303711e-01 6.122347712516784668e-01
1.903388649225234985e-01 5.278422832489013672e-01
9.169648885726928711e-01 8.691277503967285156e-01
2.311988547444343567e-02 2.379215657711029053e-01
5.915203094482421875e-01 9.218546152114868164e-01
7.333690524101257324e-01 3.003598749637603760e-01
5.510965585708618164e-01 4.352849423885345459e-01
9.815927743911743164e-01 2.038998454809188843e-01
4.544937014579772949e-01 7.985926270484924316e-01
2.780070900917053223e-01 7.152753472328186035e-01
5.066795945167541504e-01 3.389297425746917725e-01
9.607049822807312012e-02 6.992765665054321289e-01
7.327961176633834839e-02 5.307702422142028809e-01
8.113775849342346191e-01 3.138877749443054199e-01
1.834482252597808838e-01 3.239907324314117432e-02
5.408008098602294922e-01 1.562568694353103638e-01
6.948943138122558594e-01 8.642371892929077148e-01
7.703686356544494629e-01 6.314749717712402344e-01
2.965250015258789062e-01 6.635022759437561035e-01
4.242704808712005615e-01 5.556049942970275879e-01
9.117002487182617188e-01 5.321572422981262207e-01
6.766038537025451660e-01 2.666672468185424805e-01
7.377164363861083984e-01 9.698170423507690430e-01
2.434482239186763763e-02 2.713181674480438232e-01
6.124187707901000977e-01 5.331826210021972656e-01
4.395162761211395264e-01 7.877868413925170898e-01
3.028303086757659912e-01 3.035082221031188965e-01
6.942947506904602051e-01 4.835277497768402100e-01
5.630522966384887695e-01 6.732351779937744141e-01
7.379669547080993652e-01 4.916478991508483887e-01
6.201869249343872070e-01 3.378645479679107666e-01
6.023778915405273438e-01 4.958013892173767090e-01
9.759383797645568848e-01 7.216348648071289062e-01
3.268725872039794922e-01 8.448883295059204102e-01
1.798174679279327393e-01 3.887860178947448730e-01
2.271731495857238770e-01 2.866980731487274170e-01
7.845304012298583984e-01 6.430618166923522949e-01
8.234125375747680664e-01 6.503573656082153320e-01
2.801207602024078369e-01 7.861537933349609375e-01
5.696254968643188477e-01 1.834695786237716675e-01
1.856952160596847534e-02 4.922044277191162109e-01
2.571292519569396973e-01 7.649772167205810547e-01
8.711583167314529419e-02 2.344899028539657593e-01
8.858026266098022461e-01 8.818450570106506348e-01
4.509365558624267578e-01 4.186593890190124512e-01
1.727141290903091431e-01 7.881569266319274902e-01
2.048612833023071289e-01 9.929413199424743652e-01
9.597700238227844238e-01 1.474428325891494751e-01
4.289534091949462891e-01 3.539668917655944824e-01
1.955713629722595215e-01 8.886643648147583008e-01
6.588184833526611328e-01 2.269910275936126709e-01
7.111235260963439941e-01 9.735648036003112793e-01
2.019206285476684570e-01 5.809925198554992676e-01
2.110519856214523315e-01 4.550748169422149658e-01
3.498868346214294434e-01 1.941874176263809204e-01
1.967048645019531250e-02 4.923389852046966553e-02
4.695160388946533203e-01 1.760678440332412720e-01
7.684732079505920410e-01 7.321535348892211914e-01
3.544717431068420410e-01 3.416808247566223145e-01
2.390073426067829132e-02 7.621449828147888184e-01
3.392147719860076904e-01 2.615013122558593750e-01
6.371887922286987305e-01 1.968737244606018066e-01
3.107504844665527344e-01 5.331699922680854797e-02
6.119479537010192871e-01 6.140857934951782227e-01
6.952066421508789062e-01 7.435646653175354004e-01
4.868178069591522217e-01 2.520235478878021240e-01
5.293124914169311523e-01 2.387214303016662598e-01
5.894927382469177246e-01 7.090615630149841309e-01
2.121636718511581421e-01 3.526276350021362305e-01
3.792136013507843018e-01 2.876449823379516602e-01
8.594111800193786621e-01 8.114690780639648438e-01
3.792551159858703613e-02 3.636608421802520752e-01
8.793383836746215820e-02 5.562341809272766113e-01
8.635102510452270508e-01 5.111926198005676270e-01
4.670564085245132446e-02 1.776784658432006836e-01
1.200846210122108459e-02 1.616635918617248535e-01
5.706143975257873535e-01 8.205253481864929199e-01
2.279730737209320068e-01 3.249516487121582031e-01
4.941624999046325684e-01 7.664927095174789429e-02
3.183929026126861572e-01 6.662894487380981445e-01
2.726980447769165039e-01 4.779998958110809326e-01
6.291943788528442383e-02 3.722178041934967041e-01
2.550390958786010742e-01 6.561937332153320312e-01
2.100229263305664062e-03 5.260219573974609375e-01
7.793593406677246094e-01 7.042285203933715820e-01
7.279195189476013184e-01 3.728301227092742920e-01
7.721570134162902832e-01 2.738499641418457031e-01
1.322404742240905762e-01 3.622784093022346497e-02
4.842981696128845215e-01 7.938663363456726074e-01
2.578142583370208740e-01 3.870386481285095215e-01
2.714216113090515137e-01 8.139964193105697632e-02
2.827226370573043823e-02 8.310258984565734863e-01
4.726737737655639648e-01 7.013190984725952148e-01
5.625939369201660156e-01 3.416568040847778320e-01
8.036226034164428711e-01 4.735377803444862366e-02
1.403106451034545898e-01 5.903586149215698242e-01
2.771605253219604492e-01 5.143092274665832520e-01
5.166140794754028320e-01 7.347327470779418945e-01
8.446180075407028198e-02 1.345020718872547150e-02
1.856005489826202393e-01 9.447180628776550293e-01
2.579266130924224854e-01 2.453526854515075684e-01
8.256443738937377930e-01 9.978401064872741699e-01
4.723519384860992432e-01 8.163190484046936035e-01
8.629936575889587402e-01 4.321525096893310547e-01
1.739484667778015137e-01 5.289841294288635254e-01
5.197234749794006348e-01 3.099505007266998291e-01
4.253343939781188965e-01 4.320409893989562988e-01
6.133847236633300781e-01 4.360969066619873047e-01
4.553632438182830811e-01 4.361240863800048828e-01
5.893474817276000977e-01 8.503818511962890625e-01
9.048084616661071777e-01 5.970688909292221069e-02
3.498591780662536621e-01 4.656383395195007324e-01
6.547237634658813477e-01 5.292531251907348633e-01
6.901369094848632812e-01 5.827049911022186279e-02
6.568225622177124023e-01 7.094171047210693359e-01
5.055902600288391113e-01 5.571365728974342346e-02
5.038095116615295410e-01 9.317262172698974609e-01
4.138109087944030762e-01 1.247678622603416443e-01
3.080241680145263672e-01 5.194079875946044922e-01
2.502495348453521729e-01 8.233439326286315918e-01
6.379421949386596680e-01 8.512707948684692383e-01
9.756788015365600586e-01 3.533394634723663330e-02
2.057939916849136353e-01 2.542554438114166260e-01
8.575076609849929810e-02 9.232779145240783691e-01
1.449812650680541992e-01 6.102649569511413574e-01
9.936320781707763672e-01 8.173838257789611816e-01
5.969606041908264160e-01 3.673369437456130981e-02
9.332868456840515137e-01 9.429427981376647949e-01
4.593452215194702148e-01 4.896833002567291260e-01
8.860412836074829102e-01 7.621527910232543945e-01
3.360965847969055176e-01 4.719689488410949707e-01
9.261874556541442871e-01 5.781285762786865234e-01
2.672444283962249756e-01 6.987040638923645020e-01
1.856458559632301331e-02 8.984643816947937012e-01
4.642894566059112549e-01 2.351478040218353271e-01
2.144147306680679321e-01 6.870738267898559570e-01
9.168664813041687012e-01 3.819488286972045898e-01
5.755069851875305176e-01 1.930996328592300415e-01
5.494502782821655273e-01 9.330759048461914062e-01
6.093394756317138672e-01 3.792421221733093262e-01
7.912234067916870117e-01 6.834174394607543945e-01
1.166088804602622986e-01 4.415548443794250488e-01
6.479260921478271484e-01 8.031541109085083008e-01
9.349371194839477539e-01 3.804285228252410889e-01
2.088961005210876465e-01 4.016040563583374023e-01
1.700753420591354370e-01 1.440697312355041504e-01
9.949078559875488281e-01 4.011868238449096680e-01
3.020760715007781982e-01 5.653696060180664062e-01
9.091657996177673340e-01 9.767675399780273438e-01
2.055275887250900269e-01 7.741890549659729004e-01
2.686359286308288574e-01 5.782381296157836914e-01
3.234883546829223633e-01 4.135265480726957321e-03
2.594681978225708008e-01 2.586541175842285156e-01
6.576328277587890625e-01 9.136649370193481445e-01
5.056140944361686707e-02 8.482443094253540039e-01
5.792140960693359375e-01 8.063353896141052246e-01
3.549467027187347412e-01 5.434870123863220215e-01
3.788881301879882812e-01 7.505148649215698242e-01
5.891340374946594238e-01 1.529431939125061035e-01
4.048191308975219727e-01 9.730162620544433594e-01
4.007671475410461426e-01 4.242734983563423157e-02
5.696298480033874512e-01 6.564726233482360840e-01
3.658260405063629150e-01 2.220314592123031616e-01
4.562439918518066406e-01 6.160691976547241211e-01
8.394740223884582520e-01 8.879746496677398682e-02
4.897707998752593994e-01 3.700042665004730225e-01
6.921489834785461426e-01 3.678218126296997070e-01
3.569479882717132568e-01 8.572654128074645996e-01
6.450995802879333496e-01 5.886387825012207031e-01
2.063274383544921875e-03 5.730940699577331543e-01
6.717295646667480469e-01 8.967857807874679565e-02
4.763329029083251953e-01 5.923759937286376953e-01
1.767682284116744995e-01 7.331448048353195190e-02
4.918008148670196533e-01 1.021996065974235535e-01
7.740713357925415039e-01 2.207342535257339478e-01
2.910491228103637695e-01 1.765800118446350098e-01
7.975193262100219727e-01 1.103545203804969788e-01
5.953753590583801270e-01 2.583771049976348877e-01
4.930984079837799072e-01 5.749803781509399414e-01
5.885685682296752930e-01 3.153195381164550781e-01
2.816356718540191650e-02 1.664190143346786499e-01
2.127085626125335693e-01 1.453454345464706421e-01
8.004019856452941895e-01 3.380725681781768799e-01
6.540417075157165527e-01 6.514008641242980957e-01
4.754002690315246582e-01 7.573052048683166504e-01
7.272261381149291992e-01 4.625485539436340332e-01
4.821496307849884033e-01 9.079065918922424316e-01
1.887894272804260254e-01 7.342784404754638672e-01
5.566905736923217773e-01 4.003292024135589600e-01
9.515466690063476562e-01 9.491164088249206543e-01
9.308376312255859375e-01 1.168048605322837830e-01
6.783917546272277832e-01 1.438931524753570557e-01
6.845093369483947754e-01 2.837344110012054443e-01
7.479665875434875488e-01 4.359791874885559082e-01
9.607135653495788574e-01 9.871085882186889648e-01
3.445239365100860596e-01 7.003089189529418945e-01
7.424340397119522095e-02 7.897018194198608398e-01
9.288802742958068848e-01 7.010132819414138794e-02
6.181643605232238770e-01 1.610677875578403473e-02
2.234325110912322998e-01 6.226665377616882324e-01
4.900530576705932617e-01 4.976756870746612549e-01
5.483399033546447754e-01 9.987743496894836426e-01
5.306622385978698730e-01 2.071703970432281494e-01
6.358855366706848145e-01 7.866526842117309570e-01
4.733846485614776611e-01 9.742742776870727539e-02
3.718634322285652161e-02 1.518330257385969162e-02
8.741853833198547363e-01 2.982165217399597168e-01
4.427019953727722168e-01 1.905685067176818848e-01
2.517724595963954926e-02 6.859184503555297852e-01
9.643983840942382812e-01 9.983397126197814941e-01
5.070455074310302734e-01 3.561414405703544617e-02
5.418563485145568848e-01 8.855340480804443359e-01
4.818891882896423340e-01 4.541374742984771729e-01
1.490155607461929321e-01 7.636406421661376953e-01
8.880502581596374512e-01 4.542841315269470215e-01
9.569784998893737793e-01 8.627074956893920898e-01
7.135503888130187988e-01 7.818815112113952637e-01
1.161495968699455261e-01 8.757095336914062500e-01
7.439122796058654785e-01 8.495264649391174316e-01
1.491292119026184082e-01 1.623219698667526245e-01
5.859599709510803223e-01 2.776188962161540985e-02
4.408647716045379639e-01 3.569082617759704590e-01
7.128151059150695801e-01 5.447534918785095215e-01
9.015637636184692383e-01 3.774081170558929443e-01
2.849127352237701416e-01 9.432830810546875000e-01
4.826866686344146729e-01 6.510151624679565430e-01
4.540402591228485107e-01 6.434904336929321289e-01
9.413204789161682129e-01 5.314710140228271484e-01
9.077011942863464355e-01 9.948482513427734375e-01
1.862467676401138306e-01 4.201496839523315430e-01
3.279991149902343750e-01 1.408883929252624512e-01
3.470022976398468018e-01 8.798672817647457123e-03
2.180876880884170532e-01 5.295597910881042480e-01
7.968385219573974609e-01 2.328713387250900269e-01
