6.488782167434692383e-01 7.519882321357727051e-01
8.998816609382629395e-01 8.894339799880981445e-01
5.309904217720031738e-01 7.006506323814392090e-01
3.600206077098846436e-01 5.196529030799865723e-01
1.027178689837455750e-01 9.120050072669982910e-01
1.268224120140075684e-01 1.463922709226608276e-01
6.544690132141113281e-01 1.268088668584823608e-01
2.686558961868286133e-01 2.178398668766021729e-01
3.062818348407745361e-01 8.803263306617736816e-01
9.571757316589355469e-01 3.518230747431516647e-03
2.936298847198486328e-01 8.723900914192199707e-01
9.383778572082519531e-01 2.891713380813598633e-01
5.006211400032043457e-01 3.063378036022186279e-01
7.980157136917114258e-01 4.649300873279571533e-01
3.229887783527374268e-01 4.855817258358001709e-01
7.046730518341064453e-01 7.279231548309326172e-01
6.021638512611389160e-01 3.476740717887878418e-01
3.165562450885772705e-01 2.367334812879562378e-01
4.759778380393981934e-01 3.165944218635559082e-01
6.191306114196777344e-01 7.555456757545471191e-01
2.419434636831283569e-01 8.912105560302734375e-01
4.578059017658233643e-01 7.197414636611938477e-01
4.425991773605346680e-01 6.829788088798522949e-01
5.768632888793945312e-01 5.810557603836059570e-01
3.578186631202697754e-01 3.977148532867431641e-01
6.167682409286499023e-01 1.125998422503471375e-01
5.005580559372901917e-02 6.938164234161376953e-01
5.821973085403442383e-01 3.878622353076934814e-01
1.879998743534088135e-01 9.097604751586914062e-01
2.450022846460342407e-01 9.611787199974060059e-01
6.961608529090881348e-01 4.291481524705886841e-02
6.480454802513122559e-01 7.221720814704895020e-01
3.875603079795837402e-01 7.632419466972351074e-01
3.890446126461029053e-01 3.962240815162658691e-01
4.557973146438598633e-01 6.168239712715148926e-01
6.792417764663696289e-01 4.475362598896026611e-01
3.979531824588775635e-01 1.199614480137825012e-01
3.421894311904907227e-01 3.860119357705116272e-02
7.895827889442443848e-01 6.464765071868896484e-01
3.985103368759155273e-01 5.681748986244201660e-01
1.260887533426284790e-01 6.574024558067321777e-01
9.625657200813293457e-01 3.621511459350585938e-01
3.831647932529449463e-01 4.603821039199829102e-01
3.913864493370056152e-01 1.732046157121658325e-01
2.819948792457580566e-01 8.093297481536865234e-01
1.517052650451660156e-01 4.641031920909881592e-01
2.167232483625411987e-01 9.637053608894348145e-01
5.641192197799682617e-01 1.134969592094421387e-01
2.880550026893615723e-01 7.830157279968261719e-01
3.242703974246978760e-01 9.191623330116271973e-01
9.484704732894897461e-01 7.590735554695129395e-01
3.895814120769500732e-01 4.948690533638000488e-01
4.564983844757080078e-01 1.930475980043411255e-01
5.707620382308959961e-01 2.980327419936656952e-02
7.624757885932922363e-01 6.824635863304138184e-01
7.745522856712341309e-01 9.505929052829742432e-02
9.245306253433227539e-01 7.811384201049804688e-01
4.121917486190795898e-01 5.358385443687438965e-01
1.371984183788299561e-01 2.740418016910552979e-01
5.526059269905090332e-01 5.769210457801818848e-01
3.783667981624603271e-01 8.716589808464050293e-01
4.228043258190155029e-01 1.671972125768661499e-01
3.395786583423614502e-01 9.999077916145324707e-01
9.059547781944274902e-01 4.362228214740753174e-01
4.014303982257843018e-01 6.706901639699935913e-02
1.809345334768295288e-01 4.410285651683807373e-01
9.180979132652282715e-01 2.797479927539825439e-01
8.854388594627380371e-01 5.804029703140258789e-01
8.406296968460083008e-01 7.964726537466049194e-02
3.844026029109954834e-01 7.133564352989196777e-01
7.277099490165710449e-01 5.601043105125427246e-01
2.939561307430267334e-01 6.137738823890686035e-01
6.831244230270385742e-01 3.957562148571014404e-01
5.179729461669921875e-01 8.111255168914794922e-01
3.384802937507629395e-01 5.168749094009399414e-01
1.431977748870849609e-02 6.032304167747497559e-01
3.918557763099670410e-01 1.982100456953048706e-01
7.678278684616088867e-01 1.113872304558753967e-01
6.822682023048400879e-01 3.458991348743438721e-01
2.740339841693639755e-03 4.070652723312377930e-01
3.561268327757716179e-03 1.385283917188644409e-01
2.566878795623779297e-01 8.473181128501892090e-01
1.826030015945434570e-02 9.380985498428344727e-01
7.407091259956359863e-01 3.142695724964141846e-01
3.187768906354904175e-02 1.630929857492446899e-01
5.746153369545936584e-02 8.545216917991638184e-01
7.721506357192993164e-01 5.229397416114807129e-01
2.959361672401428223e-01 4.937192797660827637e-01
7.655465602874755859e-01 4.184784889221191406e-01
5.442796349525451660e-01 4.425970613956451416e-01
8.431251049041748047e-01 1.987760514020919800e-02
5.726993083953857422e-01 6.567915678024291992e-01
4.775928854942321777e-01 3.466323912143707275e-01
2.838215529918670654e-01 5.890012383460998535e-01
6.675845980644226074e-01 6.291330456733703613e-01
1.532971113920211792e-01 1.231600567698478699e-01
9.354454874992370605e-01 6.559910774230957031e-01
5.268274545669555664e-01 9.898484349250793457e-01
6.390789151191711426e-01 8.722900748252868652e-01
2.524475753307342529e-01 1.533725708723068237e-01
5.337645411491394043e-01 7.278090715408325195e-01
6.174342632293701172e-01 1.082787811756134033e-01
2.311191111803054810e-01 8.525389432907104492e-01
1.967280954122543335e-01 6.729419827461242676e-01
2.824292182922363281e-01 2.580969333648681641e-01
8.244591355323791504e-01 2.692459225654602051e-01
5.204642415046691895e-01 1.529808491468429565e-01
8.819535970687866211e-01 6.646200418472290039e-01
7.850121259689331055e-01 6.151292920112609863e-01
6.430308222770690918e-01 4.692676663398742676e-01
4.416361451148986816e-01 8.496429324150085449e-01
2.255715429782867432e-01 3.735308721661567688e-02
9.664027690887451172e-01 7.624568790197372437e-02
4.814857840538024902e-01 5.091288685798645020e-01
1.677703708410263062e-01 7.004064917564392090e-01
2.921524643898010254e-01 1.272109895944595337e-01
4.449314903467893600e-03 4.830663204193115234e-01
5.700940489768981934e-01 6.237204074859619141e-01
2.223986089229583740e-01 7.168584465980529785e-01
6.919447183609008789e-01 7.895470261573791504e-01
2.088415250182151794e-02 6.877818703651428223e-01
2.447501868009567261e-01 3.854666352272033691e-01
2.066385298967361450e-01 6.737526059150695801e-01
5.797456502914428711e-01 6.831254363059997559e-01
6.304088234901428223e-01 3.914533555507659912e-01
7.489432692527770996e-01 4.634380042552947998e-01
1.139753237366676331e-01 8.541177511215209961e-01
4.072447717189788818e-01 8.815971612930297852e-01
7.566341757774353027e-02 4.495195150375366211e-01
8.922175168991088867e-01 3.781516849994659424e-01
4.083169698715209961e-01 8.079307675361633301e-01
9.007749557495117188e-01 1.973131448030471802e-01
1.438253279775381088e-02 9.210531711578369141e-01
3.841109275817871094e-01 2.466523349285125732e-01
4.138213098049163818e-01 6.017922759056091309e-01
9.025430679321289062e-01 4.910438358783721924e-01
2.202152088284492493e-02 8.877456784248352051e-01
1.641148626804351807e-01 8.854600191116333008e-01
8.820679783821105957e-02 5.292705893516540527e-01
7.112254500389099121e-01 2.768097817897796631e-01
8.233461976051330566e-01 7.313011586666107178e-02
3.886696323752403259e-02 7.766500711441040039e-01
2.361063659191131592e-01 5.289750695228576660e-01
8.228702098131179810e-02 4.206321835517883301e-01
3.245627880096435547e-01 2.181813120841979980e-01
3.671990036964416504e-01 2.463924884796142578e-01
3.299690783023834229e-01 1.088044866919517517e-01
7.564065456390380859e-01 8.575078099966049194e-03
4.199317991733551025e-01 9.537956714630126953e-01
8.206394314765930176e-02 7.469281554222106934e-01
3.812743425369262695e-01 3.489965200424194336e-01
4.564662873744964600e-01 5.113998055458068848e-01
3.457069694995880127e-01 3.285108506679534912e-01
4.585737586021423340e-01 9.683650732040405273e-02
7.007389664649963379e-01 9.042132496833801270e-01
1.861507147550582886e-01 7.648150324821472168e-01
7.967899441719055176e-01 1.734668016433715820e-01
4.238562583923339844e-01 9.947992563247680664e-01
1.992240697145462036e-01 8.662205934524536133e-01
7.892216444015502930e-01 5.360187590122222900e-02
8.459168672561645508e-01 3.491705954074859619e-01
8.191158771514892578e-01 4.881603717803955078e-01
5.901646018028259277e-01 2.570273578166961670e-01
5.093621015548706055e-01 2.537930011749267578e-01
1.818233281373977661e-01 1.372047886252403259e-02
6.515125632286071777e-01 9.239189624786376953e-01
3.604659438133239746e-01 2.257861047983169556e-01
9.262649416923522949e-01 3.314843773841857910e-01
9.359828233718872070e-01 6.773852705955505371e-01
8.030508756637573242e-01 9.861478209495544434e-01
9.623985886573791504e-01 8.434889912605285645e-01
4.234036803245544434e-01 9.144020676612854004e-01
6.255237460136413574e-01 7.539491355419158936e-02
6.540823578834533691e-01 8.854153752326965332e-01
7.055855989456176758e-01 5.117601156234741211e-01
2.465495467185974121e-02 4.820967093110084534e-02
7.100586295127868652e-01 1.602077484130859375e-01
1.563811451196670532e-01 3.452815711498260498e-01
7.687641382217407227e-01 4.909242689609527588e-01
2.996481060981750488e-01 6.351917982101440430e-01
9.591410756111145020e-01 8.126708865165710449e-01
4.095893502235412598e-01 6.570517420768737793e-01
5.931646227836608887e-01 9.357244372367858887e-01
5.744556188583374023e-01 2.184454947710037231e-01
6.441940069198608398e-01 3.727847337722778320e-01
9.078209400177001953e-01 9.643508791923522949e-01
2.413222044706344604e-01 8.495069742202758789e-01
8.186905384063720703e-01 1.504949778318405151e-01
6.781071424484252930e-01 8.350901007652282715e-01
5.065132975578308105e-01 1.207501441240310669e-01
7.684638500213623047e-01 2.905479371547698975e-01
5.008053183555603027e-01 1.652081757783889771e-01
2.265772670507431030e-01 8.030310273170471191e-01
4.972533881664276123e-01 2.007545344531536102e-02
8.728379011154174805e-01 1.178415045142173767e-01
1.842945665121078491e-01 4.153349250555038452e-02
4.470440447330474854e-01 2.411260306835174561e-01
2.182623893022537231e-01 3.542350828647613525e-01
6.612411141395568848e-01 3.502936363220214844e-01
3.852941095829010010e-01 6.708352565765380859e-01
1.743379831314086914e-01 5.386489033699035645e-01
5.994284749031066895e-01 7.961964011192321777e-01
5.583321452140808105e-01 7.301093637943267822e-02
5.046235918998718262e-01 7.362243533134460449e-01
2.191351912915706635e-02 1.353820413351058960e-02
2.146354466676712036e-01 4.808777570724487305e-01
4.719253629446029663e-02 5.462045073509216309e-01
2.926408648490905762e-01 3.607286810874938965e-01
3.802423775196075439e-01 7.449052929878234863e-01
4.231698215007781982e-01 7.218842506408691406e-01
1.494463980197906494e-01 5.601641535758972168e-01
9.636129140853881836e-01 4.978805482387542725e-01
3.774842321872711182e-01 4.445779919624328613e-01
7.346578836441040039e-01 1.637018769979476929e-01
4.409622848033905029e-01 8.890233039855957031e-01
1.052797511219978333e-01 6.201060414314270020e-01
4.797999560832977295e-01 2.660214304924011230e-01
8.851525932550430298e-02 7.417341470718383789e-01
8.106082677841186523e-01 7.071437835693359375e-01
3.436847403645515442e-02 2.623167037963867188e-01
9.239443540573120117e-01 3.622274100780487061e-01
7.866655588150024414e-01 9.599422812461853027e-01
7.279822230339050293e-01 9.820046424865722656e-01
6.313778758049011230e-01 7.452524900436401367e-01
8.043748140335083008e-01 3.021484613418579102e-01
5.883201956748962402e-01 4.405439496040344238e-01
4.657778441905975342e-01 3.058337569236755371e-01
2.592423856258392334e-01 2.902141213417053223e-01
7.634173035621643066e-01 7.384212017059326172e-01
3.418090939521789551e-01 6.957415938377380371e-01
2.532753348350524902e-01 5.971307158470153809e-01
3.283943533897399902e-01 6.041679382324218750e-01
7.738499641418457031e-01 8.418226838111877441e-01
3.045460879802703857e-01 3.923609554767608643e-01
1.136937886476516724e-01 6.037731766700744629e-01
3.467907905578613281e-01 7.226276993751525879e-01
8.720261454582214355e-01 9.439061284065246582e-01
4.687296450138092041e-01 9.715722799301147461e-01
9.878938198089599609e-01 8.974874019622802734e-02
6.563878059387207031e-01 3.959750235080718994e-01
8.856093287467956543e-01 5.677068233489990234e-01
4.331932663917541504e-01 3.719386458396911621e-01
6.516664624214172363e-01 1.786003410816192627e-01
4.983608424663543701e-02 7.530719637870788574e-01
6.683586835861206055e-01 5.724989175796508789e-01
7.091070413589477539e-01 1.133429333567619324e-01
2.099175304174423218e-01 8.232787847518920898e-01
3.512844741344451904e-01 9.144994616508483887e-01
7.026315331459045410e-01 4.290731251239776611e-01
9.711643457412719727e-01 1.153996810317039490e-01
7.157175540924072266e-01 5.301331728696823120e-02
7.666504979133605957e-01 1.652678251266479492e-01
5.944346785545349121e-01 4.726455807685852051e-01
4.991812109947204590e-01 8.891834020614624023e-01
4.866123199462890625e-03 5.365467071533203125e-01
8.841638565063476562e-01 2.996391616761684418e-02
9.791762232780456543e-01 4.925593733787536621e-01
2.774209678173065186e-01 6.748207211494445801e-01
9.133462309837341309e-01 1.558996140956878662e-01
1.523657590150833130e-01 2.263234108686447144e-01
8.573487997055053711e-01 7.443971037864685059e-01
6.705258488655090332e-01 9.713386744260787964e-02
5.779159069061279297e-02 6.028025746345520020e-01
9.451977014541625977e-01 2.954018712043762207e-01
4.536916315555572510e-02 2.379841543734073639e-02
2.944042682647705078e-01 3.915051370859146118e-02
6.192903518676757812e-01 4.840890765190124512e-01
1.823561638593673706e-01 2.016991525888442993e-01
9.863308817148208618e-02 5.131477713584899902e-01
3.619511127471923828e-01 1.027354374527931213e-01
3.199253082275390625e-01 8.252393007278442383e-01
7.267229557037353516e-01 2.526842057704925537e-01
2.538999915122985840e-01 7.962908148765563965e-01
7.199288159608840942e-02 8.468887805938720703e-01
8.216435909271240234e-01 5.577294826507568359e-01
4.405070096254348755e-02 4.164023995399475098e-01
8.540027737617492676e-01 8.874537944793701172e-01
5.599317550659179688e-01 4.812485724687576294e-02
1.733236312866210938e-01 6.731432676315307617e-01
2.588170468807220459e-01 1.848584860563278198e-01
3.780937790870666504e-01 1.427006572484970093e-01
7.708763480186462402e-01 8.902280926704406738e-01
5.597828030586242676e-01 9.134899377822875977e-01
8.680838346481323242e-01 4.232884049415588379e-01
8.250958919525146484e-01 1.630733311176300049e-01
2.075045555830001831e-01 5.771192312240600586e-01
5.599422752857208252e-02 2.340038716793060303e-01
1.078868061304092407e-01 8.203942328691482544e-02
7.141030430793762207e-01 4.593131244182586670e-01
1.383409500122070312e-01 8.560801744461059570e-01
2.892555892467498779e-01 1.556080281734466553e-01
4.712508320808410645e-01 1.583694219589233398e-01
6.650730371475219727e-01 7.186218500137329102e-01
1.103658452630043030e-01 7.593517303466796875e-01
7.855162620544433594e-01 3.258665278553962708e-02
5.028630495071411133e-01 9.427311420440673828e-01
2.563029527664184570e-01 4.794914424419403076e-01
9.173154830932617188e-01 7.476828694343566895e-01
9.262702465057373047e-01 3.583431243896484375e-04
8.926409482955932617e-01 8.180553913116455078e-01
4.309058189392089844e-03 5.217203497886657715e-01
3.795348107814788818e-01 5.082682147622108459e-02
6.064820885658264160e-01 6.477078050374984741e-02
2.972999811172485352e-01 7.349044084548950195e-01
6.266503334045410156e-01 6.402739286422729492e-01
8.278257250785827637e-01 6.519686579704284668e-01
5.583329498767852783e-02 3.454842269420623779e-01
2.156645059585571289e-01 4.342032670974731445e-01
2.815191745758056641e-01 3.827108144760131836e-01
4.456324875354766846e-01 4.376372694969177246e-01
3.089299201965332031e-01 2.927373647689819336e-01
8.359400033950805664e-01 5.388557314872741699e-01
5.128113627433776855e-01 4.285618066787719727e-01
4.739777147769927979e-01 9.339874237775802612e-02
8.518937975168228149e-02 3.915598988533020020e-01
3.296581208705902100e-01 5.726805329322814941e-01
5.247673392295837402e-01 2.541652023792266846e-01
2.115838974714279175e-01 2.544986270368099213e-02
7.889908552169799805e-02 8.425794839859008789e-01
3.393860757350921631e-01 4.546785354614257812e-01
9.276714920997619629e-01 4.838310778141021729e-01
1.090947985649108887e-01 1.461999118328094482e-01
7.082417607307434082e-01 8.962268829345703125e-01
6.720116138458251953e-01 5.615108460187911987e-02
1.782031953334808350e-01 5.942302346229553223e-01
2.945033907890319824e-01 4.273625910282135010e-01
1.292943954467773438e-03 2.370497398078441620e-02
4.767489060759544373e-02 6.611627340316772461e-01
1.210099309682846069e-01 9.651018381118774414e-01
4.242703616619110107e-01 5.262473225593566895e-01
9.494847059249877930e-01 9.628921747207641602e-01
4.214732348918914795e-01 1.530821174383163452e-01
1.848961785435676575e-02 1.213997453451156616e-01
1.233953312039375305e-01 4.478179514408111572e-01
4.352414906024932861e-01 8.295369744300842285e-01
4.694205224514007568e-01 8.322043418884277344e-01
5.048325657844543457e-01 5.226992368698120117e-01
5.341188907623291016e-01 3.127939999103546143e-01
2.931275665760040283e-01 5.737913027405738831e-02
2.595897614955902100e-01 4.594466090202331543e-02
4.798102080821990967e-01 6.815793514251708984e-01
2.441418766975402832e-01 7.610731720924377441e-01
9.448058009147644043e-01 5.260908603668212891e-01
5.539628863334655762e-01 7.860723137855529785e-01
7.331186532974243164e-01 7.138182520866394043e-01
9.072276353836059570e-01 8.121024370193481445e-01
5.504386425018310547e-01 3.986612260341644287e-01
4.281002879142761230e-01 6.265299320220947266e-01
2.280580997467041016e-02 8.471232652664184570e-01
9.949836730957031250e-01 3.775413334369659424e-01
1.482023578137159348e-02 3.617756962776184082e-01
8.563927412033081055e-01 8.668538928031921387e-02
3.809441030025482178e-01 6.398304700851440430e-01
5.062682032585144043e-01 5.087373256683349609e-01
7.585129141807556152e-01 2.133739441633224487e-01
8.062388300895690918e-01 1.199845895171165466e-01
4.158194959163665771e-01 4.592997133731842041e-01
1.271457374095916748e-01 2.767682075500488281e-03
6.745000481605529785e-01 2.767383754253387451e-01
8.469917178153991699e-01 6.166893839836120605e-01
8.398292064666748047e-01 9.303762316703796387e-01
8.798906207084655762e-01 3.282133340835571289e-01
8.702079057693481445e-01 7.433760166168212891e-01
2.608349621295928955e-01 7.283219099044799805e-01
7.081780433654785156e-01 2.961798012256622314e-01
4.896863698959350586e-01 4.225930869579315186e-01
7.197862863540649414e-02 3.935340940952301025e-01
4.990547597408294678e-01 8.553902506828308105e-01
9.102994799613952637e-01 6.102920174598693848e-01
9.928140044212341309e-01 8.614065647125244141e-01
8.911868333816528320e-01 5.904576182365417480e-01
1.643021404743194580e-01 4.455761611461639404e-01
7.949630618095397949e-01 2.370060533285140991e-01
9.668618440628051758e-01 2.546744644641876221e-01
3.670748174190521240e-01 3.731189295649528503e-02
4.248037934303283691e-01 2.871455550193786621e-01
5.114384293556213379e-01 8.336430788040161133e-02
3.864856064319610596e-02 9.642008543014526367e-01
1.687786877155303955e-01 7.939566373825073242e-01
5.305377840995788574e-01 2.194962948560714722e-01
2.264788895845413208e-01 1.241576820611953735e-01
3.632080256938934326e-01 3.961381912231445312e-01
6.217586398124694824e-01 8.175294399261474609e-01
5.361567735671997070e-01 9.703840017318725586e-01
8.445973992347717285e-01 7.052913308143615723e-01
4.209219515323638916e-01 1.174107939004898071e-01
7.397289574146270752e-02 9.728243350982666016e-01
4.951551854610443115e-01 6.373379230499267578e-01
4.808317720890045166e-01 8.075920343399047852e-01
5.150562152266502380e-02 3.114407062530517578e-01
2.182966768741607666e-01 4.251217544078826904e-01
1.210167706012725830e-01 2.234150469303131104e-01
6.294560432434082031e-01 6.046306490898132324e-01
8.085458874702453613e-01 2.738834172487258911e-02
2.161202728748321533e-01 2.178810685873031616e-01
9.455868601799011230e-01 4.333088174462318420e-02
4.052498638629913330e-01 4.119449257850646973e-01
6.232103705406188965e-01 7.162008881568908691e-01
7.868183255195617676e-01 5.890420079231262207e-01
9.308921694755554199e-01 1.097342967987060547e-01
5.193814039230346680e-01 1.609540730714797974e-02
5.781787037849426270e-01 2.679495885968208313e-02
6.667051315307617188e-01 4.304027855396270752e-01
2.978376448154449463e-01 6.680142283439636230e-01
3.344243168830871582e-01 4.606924653053283691e-01
9.454080462455749512e-02 6.694782525300979614e-02
1.981314867734909058e-01 5.028066039085388184e-01
1.773576587438583374e-01 1.296215653419494629e-01
2.136398553848266602e-01 5.621305704116821289e-01
6.187553405761718750e-01 3.222652971744537354e-01
5.119299888610839844e-01 3.932240903377532959e-01
8.158467710018157959e-02 6.620119214057922363e-01
7.813631743192672729e-02 5.016933083534240723e-01
1.510123759508132935e-01 9.579697847366333008e-01
1.647222489118576050e-01 9.276573657989501953e-01
1.236637979745864868e-01 9.222894906997680664e-01
7.239990830421447754e-01 5.670746564865112305e-01
2.170489877462387085e-01 1.561091393232345581e-01
6.964044570922851562e-01 5.598788857460021973e-01
2.603525519371032715e-01 9.809120893478393555e-01
7.210020422935485840e-01 7.481591701507568359e-01
5.521718263626098633e-01 3.276911973953247070e-01
1.106560602784156799e-01 2.691560685634613037e-01
3.200701177120208740e-01 9.585948586463928223e-01
3.740670979022979736e-01 5.633617639541625977e-01
6.136348247528076172e-01 2.439752668142318726e-01
8.243682384490966797e-01 2.049620747566223145e-01
3.745999932289123535e-01 9.357074499130249023e-01
8.552887439727783203e-01 2.798252701759338379e-01
8.412366509437561035e-01 5.412722006440162659e-02
9.998132586479187012e-01 3.232766687870025635e-01
7.119393348693847656e-01 1.050543785095214844e-01
8.610658645629882812e-01 5.665646791458129883e-01
6.442527174949645996e-01 8.252330422401428223e-01
7.575182914733886719e-01 3.560902774333953857e-01
4.910265207290649414e-01 6.206197142601013184e-01
9.986501336097717285e-01 7.764531373977661133e-01
6.447144597768783569e-02 2.746092975139617920e-01
8.408800959587097168e-01 4.776680469512939453e-01
5.174189805984497070e-01 8.676232099533081055e-01
4.850919246673583984e-01 6.725839972496032715e-01
7.885548472404479980e-01 3.266174197196960449e-01
7.325903177261352539e-01 7.858305573463439941e-01
5.393323898315429688e-01 8.595623373985290527e-01
2.970783710479736328e-01 2.001477926969528198e-01
6.325535178184509277e-01 8.519812226295471191e-01
1.009825691580772400e-01 5.611477494239807129e-01
7.133280038833618164e-01 5.073420405387878418e-01
3.245207294821739197e-02 6.336183547973632812e-01
2.217722684144973755e-01 6.954023241996765137e-01
5.547387003898620605e-01 6.562016606330871582e-01
2.561179362237453461e-02 7.396447062492370605e-01
5.763589143753051758e-01 4.376819729804992676e-01
7.871597409248352051e-01 6.060916185379028320e-01
7.957764267921447754e-01 9.978235960006713867e-01
9.529961347579956055e-01 1.866975128650665283e-01
1.241190806031227112e-01 3.378766402602195740e-02
2.437747418880462646e-01 4.363362789154052734e-01
4.830679297447204590e-01 9.294458031654357910e-01
3.489712476730346680e-01 7.180535793304443359e-02
8.703414201736450195e-01 3.566700518131256104e-01
4.411994814872741699e-01 2.621130347251892090e-01
9.697912335395812988e-01 2.072972804307937622e-01
6.971958875656127930e-01 9.865037202835083008e-01
4.911929070949554443e-01 7.084633708000183105e-01
2.483282424509525299e-02 8.743838220834732056e-02
3.759919106960296631e-01 5.450451374053955078e-01
1.854310929775238037e-01 2.595221996307373047e-01
4.212513938546180725e-02 7.095109224319458008e-01
2.764041125774383545e-01 7.727982997894287109e-01
2.916757762432098389e-01 1.790394634008407593e-01
1.025093272328376770e-01 5.883631706237792969e-01
7.729700803756713867e-01 7.853267192840576172e-01
4.587437510490417480e-01 5.407092720270156860e-02
1.376489270478487015e-02 2.202073484659194946e-01
2.530170790851116180e-02 8.696002364158630371e-01
7.093496322631835938e-01 9.648476243019104004e-01
9.427828192710876465e-01 2.279692590236663818e-01
6.667124629020690918e-01 4.884085059165954590e-01
9.054187536239624023e-01 7.505679726600646973e-01
1.890090107917785645e-01 3.429970741271972656e-01
5.321334600448608398e-01 7.479391098022460938e-01
7.296770215034484863e-01 8.148305416107177734e-01
9.745538234710693359e-01 1.839807927608489990e-01
1.498907208442687988e-01 1.236021984368562698e-02
6.283645033836364746e-01 6.214274168014526367e-01
9.732073545455932617e-01 5.956074688583612442e-03
5.481692552566528320e-01 9.306742548942565918e-01
8.666105270385742188e-01 2.323132008314132690e-01
4.359610080718994141e-01 3.090961575508117676e-01
8.782902956008911133e-01 7.963398844003677368e-02
6.539263129234313965e-01 2.820965051651000977e-01
5.353659987449645996e-01 8.260076045989990234e-01
9.664062261581420898e-01 1.629742383956909180e-01
4.389012698084115982e-03 6.643470525741577148e-01
2.129528969526290894e-01 8.389469385147094727e-01
8.162400722503662109e-01 5.166835188865661621e-01
4.840409457683563232e-01 1.853275001049041748e-01
2.386298477649688721e-01 3.294509649276733398e-01
8.334442973136901855e-01 9.699622392654418945e-01
8.571726679801940918e-01 2.014829665422439575e-01
6.695635318756103516e-01 9.334753155708312988e-01
8.932836055755615234e-01 9.050192236900329590e-01
5.145363807678222656e-01 5.757068395614624023e-01
9.841707348823547363e-01 4.694429039955139160e-01
3.221158981323242188e-01 3.015757501125335693e-01
2.928655743598937988e-01 4.392531812191009521e-01
1.273926347494125366e-01 9.336225986480712891e-01
5.464280247688293457e-01 5.939379334449768066e-01
4.019536674022674561e-01 5.012847185134887695e-01
6.203209161758422852e-01 1.491223573684692383e-01
1.091585829854011536e-01 8.243094682693481445e-01
8.414327502250671387e-01 9.871880412101745605e-01
1.672666966915130615e-01 7.159507870674133301e-01
5.336709618568420410e-01 2.764597237110137939e-01
9.004428982734680176e-01 4.006434381008148193e-01
5.576401948928833008e-01 7.595002651214599609e-01
3.928175270557403564e-01 4.691163897514343262e-01
8.765819072723388672e-01 4.879758656024932861e-01
1.005007252097129822e-01 6.772730350494384766e-01
9.207373857498168945e-01 7.166050672531127930e-01
2.887771725654602051e-01 9.504508972167968750e-01
2.808184921741485596e-01 4.569903016090393066e-01
4.736282676458358765e-02 4.718064069747924805e-01
2.518305778503417969e-01 8.972445726394653320e-01
7.824269533157348633e-01 2.393249720335006714e-01
8.728695511817932129e-01 6.844176650047302246e-01
3.963451385498046875e-01 8.563684821128845215e-01
6.689000874757766724e-02 3.329859673976898193e-01
6.010522246360778809e-01 8.326386660337448120e-02
7.800850272178649902e-01 4.313578605651855469e-01
3.942977488040924072e-01 8.224297761917114258e-01
4.119473397731781006e-01 2.227552682161331177e-01
9.549227952957153320e-01 4.045294523239135742e-01
8.789328932762145996e-01 3.189083039760589600e-01
6.295203566551208496e-01 5.624331235885620117e-01
4.765524566173553467e-01 8.832395076751708984e-02
8.080991357564926147e-02 2.401751875877380371e-01
1.380517054349184036e-02 7.092140614986419678e-02
9.027670621871948242e-01 8.476632833480834961e-01
7.519089579582214355e-01 8.584491610527038574e-01
6.524308919906616211e-01 5.507931709289550781e-01
9.202197194099426270e-02 2.055784016847610474e-01
3.184376657009124756e-01 6.891956925392150879e-01
4.406017363071441650e-01 4.193545505404472351e-02
6.283362507820129395e-01 4.265159368515014648e-01
9.427639245986938477e-01 7.783586978912353516e-01
4.140327572822570801e-01 4.372518137097358704e-02
1.112242788076400757e-01 2.937889397144317627e-01
5.096672177314758301e-01 2.808701097965240479e-01
6.999609470367431641e-01 6.747274398803710938e-01
5.728470906615257263e-02 5.158562064170837402e-01
5.218499898910522461e-01 4.659006595611572266e-01
8.667880296707153320e-01 2.947652935981750488e-01
1.577465832233428955e-01 7.800084948539733887e-01
4.394451975822448730e-01 7.715072631835937500e-01
5.799774527549743652e-01 5.191196799278259277e-01
4.409254491329193115e-01 5.592288970947265625e-01
9.663185477256774902e-01 3.712815344333648682e-01
6.397888064384460449e-01 7.939106822013854980e-01
7.140464186668395996e-01 4.083082377910614014e-01
9.556576013565063477e-01 6.822993159294128418e-01
4.069191515445709229e-01 9.417624473571777344e-01
3.398471474647521973e-01 3.608203530311584473e-01
9.973930716514587402e-01 8.049016594886779785e-01
8.307325094938278198e-02 4.380986467003822327e-02
2.132306098937988281e-01 6.230973601341247559e-01
8.422088623046875000e-01 4.335905313491821289e-01
1.221096292138099670e-01 5.094839930534362793e-01
5.508846640586853027e-01 2.902216836810112000e-02
1.822651624679565430e-01 2.267612814903259277e-01
1.211352720856666565e-01 7.090834379196166992e-01
3.524668216705322266e-01 2.804819345474243164e-01
9.723479300737380981e-02 8.068879842758178711e-01
5.413751602172851562e-01 6.504750847816467285e-01
9.847974181175231934e-01 2.801016569137573242e-01
3.572993353009223938e-02 4.909370541572570801e-01
5.934450030326843262e-01 8.185108304023742676e-01
8.165540099143981934e-01 3.191035985946655273e-01
7.628531008958816528e-02 6.744115948677062988e-01
4.233454167842864990e-01 7.280443310737609863e-01
9.695726633071899414e-01 6.374864578247070312e-01
6.181667447090148926e-01 5.399470329284667969e-01
5.968265533447265625e-01 2.609654366970062256e-01
8.164405226707458496e-01 7.255898714065551758e-01
8.803207278251647949e-01 9.988527297973632812e-01
5.856026411056518555e-01 8.958968520164489746e-01
3.583993911743164062e-01 6.800991892814636230e-01
7.183219790458679199e-01 6.366413831710815430e-01
7.194399833679199219e-01 6.700553894042968750e-01
3.418840467929840088e-01 6.480381488800048828e-01
7.188038229942321777e-01 6.132663488388061523e-01
9.967910051345825195e-01 2.515669167041778564e-01
9.996545910835266113e-01 2.024784833192825317e-01
3.477305769920349121e-01 5.600821971893310547e-01
4.583942592144012451e-01 7.463554739952087402e-01
8.950939178466796875e-01 1.229930445551872253e-01
5.587737560272216797e-01 5.294645428657531738e-01
3.218232393264770508e-01 9.915792346000671387e-01
6.927896142005920410e-01 4.095348715782165527e-01
4.169030487537384033e-02 1.085265874862670898e-01
6.457896232604980469e-01 8.042978048324584961e-01
1.426262855529785156e-01 1.764705032110214233e-01
9.846581220626831055e-01 8.931604027748107910e-01
4.329823255538940430e-01 7.966887354850769043e-01
3.502229452133178711e-01 3.034344911575317383e-01
6.573235988616943359e-01 2.618933320045471191e-01
8.693926781415939331e-02 2.534031867980957031e-03
3.135372400283813477e-01 9.757248759269714355e-01
3.421715795993804932e-01 1.616917997598648071e-01
1.037916764616966248e-01 8.136672377586364746e-01
8.464240431785583496e-01 5.568964481353759766e-01
7.649503350257873535e-01 7.297926545143127441e-01
7.923659086227416992e-01 8.756175041198730469e-01
1.355529576539993286e-01 3.772777616977691650e-01
4.060603678226470947e-01 2.461728304624557495e-01
7.827395796775817871e-01 2.922236025333404541e-01
3.955101072788238525e-01 6.006112694740295410e-01
6.229538097977638245e-02 2.940154075622558594e-01
7.161211222410202026e-02 1.738261729478836060e-01
4.629835486412048340e-01 7.063419818878173828e-01
1.814877241849899292e-01 5.466231703758239746e-01
5.597673058509826660e-01 3.629701435565948486e-01
9.697385430335998535e-01 6.844541430473327637e-01
2.073827981948852539e-01 9.236443787813186646e-02
5.289387106895446777e-01 6.819481402635574341e-02
4.753819704055786133e-01 4.829783439636230469e-01
1.097682416439056396e-01 3.249350190162658691e-01
1.499436497688293457e-01 2.493026703596115112e-01
9.078398942947387695e-01 6.600412726402282715e-01
5.167768597602844238e-01 8.965220451354980469e-01
9.991635084152221680e-01 7.277195453643798828e-01
2.616289556026458740e-01 1.207876428961753845e-01
9.611647725105285645e-01 9.725756645202636719e-01
3.472507297992706299e-01 2.001387029886245728e-01
3.692606091499328613e-01 7.743673920631408691e-01
2.372813597321510315e-02 4.032570719718933105e-01
4.631232619285583496e-01 2.173139899969100952e-01
5.087498426437377930e-01 3.495718836784362793e-01
9.329208731651306152e-01 6.083256006240844727e-01
1.932621002197265625e-03 5.431257486343383789e-01
7.582269906997680664e-01 5.146519467234611511e-02
2.147057354450225830e-01 1.943651288747787476e-01
7.409594655036926270e-01 2.179578244686126709e-01
9.417637586593627930e-01 9.386602044105529785e-01
7.342215776443481445e-01 9.496657848358154297e-01
5.730305314064025879e-01 9.551191926002502441e-01
3.177330791950225830e-01 5.225453376770019531e-01
3.598527610301971436e-01 6.043100953102111816e-01
3.836049512028694153e-02 7.276730537414550781e-01
6.896992325782775879e-01 7.526596188545227051e-01
9.141824245452880859e-01 2.443260997533798218e-01
9.213235974311828613e-01 2.117214500904083252e-01
5.516366660594940186e-02 1.503152400255203247e-01
7.525231838226318359e-01 7.692369818687438965e-02
5.994817614555358887e-01 1.852927356958389282e-01
8.086363077163696289e-01 9.194222837686538696e-02
5.496898293495178223e-01 3.529823720455169678e-01
1.458867639303207397e-01 4.333321750164031982e-01
2.047065645456314087e-02 4.384834766387939453e-01
6.443384289741516113e-01 2.729169838130474091e-02
9.965359419584274292e-02 3.898944258689880371e-01
2.307683825492858887e-01 6.566901803016662598e-01
7.022935748100280762e-01 8.360469937324523926e-01
1.306002885103225708e-01 2.256790697574615479e-01
1.281168311834335327e-01 1.098591014742851257e-01
3.563266992568969727e-01 1.491093486547470093e-01
4.926504194736480713e-01 7.387458086013793945e-01
7.987241744995117188e-01 7.982908487319946289e-01
4.555913507938385010e-01 6.587375998497009277e-01
6.368442177772521973e-01 4.567255675792694092e-01
9.901989698410034180e-01 8.035647869110107422e-01
9.798111319541931152e-01 9.158530831336975098e-01
3.030569553375244141e-01 3.259577751159667969e-01
8.545187115669250488e-01 2.315420061349868774e-01
4.652001261711120605e-01 5.481409430503845215e-01
9.460335969924926758e-01 5.836897492408752441e-01
5.324565172195434570e-01 1.947900503873825073e-01
7.962444424629211426e-01 2.077389955520629883e-01
8.908945918083190918e-01 6.034099459648132324e-01
9.073610901832580566e-01 5.469084978103637695e-01
1.277915686368942261e-01 6.418823599815368652e-01
8.387106657028198242e-01 6.297271847724914551e-01
8.799109458923339844e-01 7.111507058143615723e-01
4.947014749050140381e-01 7.683845162391662598e-01
7.599678635597229004e-01 1.363379508256912231e-01
5.217205286026000977e-01 6.435187458992004395e-01
4.145094454288482666e-01 1.232979819178581238e-02
7.566893696784973145e-01 5.703894495964050293e-01
6.460586786270141602e-01 1.228975947014987469e-03
7.674837112426757812e-01 6.487373709678649902e-01
7.988522052764892578e-01 5.208882689476013184e-01
4.288087487220764160e-01 1.848015785217285156e-01
9.692576527595520020e-01 7.567769885063171387e-01
6.417526006698608398e-01 5.095588564872741699e-01
6.370747685432434082e-01 9.159016013145446777e-01
9.338501095771789551e-01 3.986182212829589844e-01
6.475791335105895996e-01 9.632132649421691895e-01
1.406350582838058472e-01 8.071495294570922852e-01
9.567309021949768066e-01 4.309284687042236328e-01
2.693577110767364502e-01 5.415145158767700195e-01
4.164919257164001465e-01 5.807169675827026367e-01
8.845475912094116211e-01 5.178555250167846680e-01
2.012640610337257385e-02 7.823850512504577637e-01
6.412857174873352051e-01 1.976825296878814697e-01
7.239473462104797363e-01 7.067851424217224121e-01
8.920406699180603027e-01 5.191822648048400879e-01
2.086757272481918335e-01 9.163531064987182617e-01
5.987167954444885254e-01 2.940903604030609131e-01
4.559280872344970703e-01 4.577399790287017822e-01
4.712518751621246338e-01 5.720124840736389160e-01
4.643000364303588867e-01 5.822919011116027832e-01
9.043330550193786621e-01 1.087914481759071350e-01
2.698127925395965576e-01 8.828393816947937012e-01
8.343224972486495972e-02 8.003822714090347290e-02
4.679509401321411133e-01 8.928402066230773926e-01
2.497148513793945312e-01 2.346426099538803101e-01
9.443691968917846680e-01 2.624112069606781006e-01
5.813958644866943359e-01 5.082961916923522949e-02
3.177452087402343750e-01 7.821772098541259766e-01
9.109030961990356445e-01 4.540769457817077637e-01
6.747741699218750000e-01 7.725583314895629883e-01
8.196503520011901855e-01 3.968738019466400146e-01
7.425429821014404297e-01 3.770551085472106934e-01
2.221144139766693115e-01 3.187536001205444336e-01
8.788146972656250000e-01 6.429896950721740723e-01
1.338099837303161621e-01 1.849663406610488892e-01
3.624524474143981934e-01 8.762231469154357910e-01
1.119764745235443115e-01 3.514489531517028809e-01
2.934008538722991943e-01 5.465326309204101562e-01
3.834977447986602783e-01 3.212457299232482910e-01
3.766871094703674316e-01 3.604425787925720215e-01
6.993045806884765625e-01 5.942150950431823730e-01
7.804601788520812988e-01 4.490229189395904541e-01
6.938569545745849609e-01 1.741157472133636475e-01
1.902952343225479126e-01 3.761307895183563232e-01
9.245297908782958984e-01 8.164473772048950195e-01
4.936209619045257568e-01 9.837343096733093262e-01
9.705966711044311523e-01 3.263961672782897949e-01
5.470013022422790527e-01 7.283338904380798340e-01
2.616767585277557373e-01 3.263845145702362061e-01
6.201666593551635742e-01 6.815190315246582031e-01
5.402099490165710449e-01 6.036016941070556641e-01
4.715827703475952148e-01 4.308841228485107422e-01
4.296246170997619629e-01 3.848846852779388428e-01
7.111842036247253418e-01 8.350377678871154785e-01
8.180401921272277832e-01 8.244108557701110840e-01
5.231215059757232666e-02 1.100806593894958496e-01
1.779645681381225586e-01 4.066672325134277344e-01
8.281497359275817871e-01 8.417906761169433594e-01
2.121476978063583374e-01 8.266493678092956543e-02
4.713048040866851807e-01 8.338900804519653320e-01
1.258940696716308594e-01 4.923266768455505371e-01
1.564562916755676270e-01 8.384661674499511719e-01
9.326388239860534668e-01 9.870664477348327637e-01
5.454412698745727539e-01 1.381858587265014648e-01
6.088274717330932617e-01 1.735353767871856689e-01
4.676348567008972168e-01 1.849848031997680664e-01
4.942005872726440430e-01 6.318773329257965088e-02
7.500974535942077637e-01 3.455888107419013977e-02
5.977632403373718262e-01 1.247053127735853195e-02
3.450730144977569580e-01 7.695598006248474121e-01
4.254922270774841309e-01 1.014213263988494873e-01
2.868301868438720703e-01 6.768872141838073730e-01
5.996080636978149414e-01 3.239850979298353195e-03
5.845997929573059082e-01 3.305713832378387451e-01
7.264739274978637695e-01 8.876451849937438965e-01
5.369248390197753906e-01 8.843331336975097656e-01
1.624734550714492798e-01 5.202782750129699707e-01
3.257106840610504150e-01 8.936378955841064453e-01
2.762246727943420410e-01 4.134049117565155029e-01
6.544837951660156250e-01 8.904456496238708496e-01
6.337522268295288086e-01 1.293310374021530151e-01
4.110687375068664551e-01 3.309615254402160645e-01
3.484596684575080872e-02 1.914758384227752686e-01
8.610430359840393066e-01 4.591793566942214966e-02
2.043534070253372192e-01 7.598081827163696289e-01
1.799444556236267090e-01 8.881101608276367188e-01
8.474463224411010742e-01 8.092752099037170410e-01
3.726289868354797363e-01 4.591226577758789062e-03
4.711549282073974609e-01 3.861507773399353027e-02
1.398752480745315552e-01 8.624622821807861328e-01
1.743989624083042145e-02 6.250351667404174805e-01
7.476652264595031738e-01 5.291839241981506348e-01
4.952161610126495361e-01 9.679994583129882812e-01
8.356887698173522949e-01 1.559182852506637573e-01
5.514905452728271484e-01 2.185342907905578613e-01
8.958276510238647461e-01 2.441324293613433838e-01
6.654874682426452637e-01 6.214261520653963089e-03
2.807021141052246094e-03 3.501252233982086182e-01
1.287776827812194824e-01 5.335909724235534668e-01
6.633612513542175293e-01 5.832945704460144043e-01
6.959657669067382812e-01 1.547603309154510498e-01
7.709380984306335449e-01 9.749382138252258301e-01
1.554181128740310669e-01 5.830930471420288086e-01
8.133879303932189941e-01 6.571224927902221680e-01
5.289391875267028809e-01 5.176520943641662598e-01
3.356028497219085693e-01 7.936853170394897461e-02
2.437123060226440430e-01 7.257115840911865234e-01
4.636790752410888672e-01 3.977935910224914551e-01
7.834196090698242188e-01 8.256981372833251953e-01
9.692244529724121094e-01 2.776597738265991211e-01
1.325955390930175781e-01 9.172004461288452148e-02
9.964351058006286621e-01 6.384532451629638672e-01
9.493952989578247070e-01 8.635186553001403809e-01
4.629903137683868408e-01 9.197428226470947266e-01
9.190816879272460938e-01 3.795735836029052734e-01
4.562513902783393860e-02 8.805468082427978516e-01
5.250850915908813477e-01 1.929504871368408203e-01
1.132480055093765259e-01 8.899901509284973145e-01
5.738937854766845703e-01 1.522363126277923584e-01
8.489552736282348633e-01 2.607148587703704834e-01
6.005067229270935059e-01 4.229694306850433350e-01
9.173281192779541016e-01 2.064279019832611084e-01
9.950885772705078125e-01 9.598445296287536621e-01
1.485799252986907959e-01 7.526916861534118652e-01
3.043965101242065430e-01 9.703216701745986938e-02
4.277995526790618896e-01 9.692885875701904297e-01
2.111848592758178711e-01 2.876082360744476318e-01
9.721412658691406250e-01 9.018758535385131836e-01
3.876813650131225586e-01 7.881413102149963379e-01
5.974052548408508301e-01 5.245056152343750000e-01
8.441545367240905762e-01 3.747189044952392578e-01
8.758509159088134766e-02 9.823871254920959473e-01
2.105605304241180420e-01 7.806682586669921875e-01
8.192966580390930176e-01 7.500816583633422852e-01
1.664583012461662292e-02 2.904306650161743164e-01
2.895646989345550537e-01 2.947768270969390869e-01
3.850107192993164062e-01 9.340518154203891754e-03
8.841999769210815430e-01 9.732864499092102051e-01
2.588296234607696533e-01 1.340068969875574112e-02
2.596682012081146240e-01 6.633731722831726074e-01
7.357506155967712402e-01 9.280681610107421875e-01
3.391675353050231934e-01 4.985065758228302002e-01
6.171862483024597168e-01 9.310388565063476562e-01
9.244480729103088379e-01 4.779551625251770020e-01
8.035015463829040527e-01 7.658053040504455566e-01
5.787234902381896973e-01 5.739648342132568359e-01
1.247912198305130005e-01 3.159316480159759521e-01
9.614913463592529297e-01 4.112677276134490967e-02
3.815385699272155762e-01 7.057583928108215332e-01
2.539031207561492920e-01 9.217878580093383789e-01
9.178946018218994141e-01 7.425543665885925293e-02
7.193954288959503174e-02 5.629547238349914551e-01
8.844903111457824707e-01 9.445630908012390137e-01
2.102424353361129761e-01 1.743372082710266113e-01
4.950332939624786377e-01 7.999820113182067871e-01
7.121890783309936523e-01 1.008895598351955414e-02
7.560812234878540039e-01 7.994234561920166016e-01
3.340639173984527588e-01 6.234105825424194336e-01
7.471880912780761719e-01 2.764727473258972168e-01
6.667684912681579590e-01 1.572470963001251221e-01
7.896313667297363281e-01 1.379894614219665527e-01
1.735270321369171143e-01 9.678707718849182129e-01
7.533852458000183105e-01 4.658650159835815430e-01
7.104098200798034668e-01 3.103397786617279053e-01
9.030901193618774414e-01 8.692677021026611328e-01
7.330613732337951660e-01 4.153235852718353271e-01
8.581841588020324707e-01 8.521658778190612793e-01
5.288599729537963867e-01 9.266750216484069824e-01
6.946985721588134766e-01 1.028164289891719818e-02
1.668061017990112305e-01 3.770245015621185303e-01
7.244533300399780273e-01 4.741332530975341797e-01
2.221520394086837769e-01 8.854315876960754395e-01
7.031739354133605957e-01 2.228268980979919434e-01
2.474393546581268311e-01 7.923274487257003784e-02
7.753475308418273926e-01 7.185323834419250488e-01
5.900473892688751221e-02 9.258978366851806641e-01
1.418079435825347900e-01 3.269188106060028076e-01
7.877395749092102051e-01 9.203132987022399902e-01
1.610869020223617554e-01 5.274704843759536743e-02
9.545951485633850098e-01 8.926113843917846680e-01
9.217254072427749634e-02 4.686380028724670410e-01
3.063476681709289551e-01 5.783897358924150467e-03
7.410167455673217773e-01 1.107197254896163940e-01
3.458526730537414551e-01 8.780331611633300781e-01
2.702142298221588135e-01 1.334535926580429077e-01
6.200010776519775391e-01 2.700266838073730469e-01
6.736470460891723633e-01 1.996974945068359375e-01
1.811442077159881592e-01 9.561032056808471680e-01
6.729035377502441406e-01 9.216436743736267090e-01
9.694014191627502441e-01 5.307492017745971680e-01
6.631549000740051270e-01 3.218351602554321289e-01
6.028400063514709473e-01 6.091589927673339844e-01
3.134241104125976562e-01 2.656226754188537598e-01
4.981410205364227295e-01 4.637952148914337158e-01
6.889424473047256470e-02 7.893384099006652832e-01
3.111577928066253662e-01 1.373023092746734619e-01
8.798691630363464355e-02 3.335926234722137451e-01
8.670892119407653809e-01 1.654246449470520020e-01
2.178512662649154663e-01 9.952207803726196289e-01
1.441025882959365845e-01 5.908193588256835938e-01
9.722949862480163574e-01 5.981777310371398926e-01
8.747842907905578613e-01 3.010449707508087158e-01
1.896080970764160156e-01 6.064087152481079102e-01
4.584308266639709473e-01 3.653831481933593750e-01
9.539030790328979492e-01 6.152646541595458984e-01
5.425058007240295410e-01 3.204529583454132080e-01
3.404154777526855469e-01 1.718866974115371704e-01
3.921055793762207031e-01 9.600092470645904541e-02
2.542856037616729736e-01 6.042225956916809082e-01
9.116845577955245972e-02 1.401010062545537949e-02
4.192194342613220215e-01 4.379774630069732666e-01
1.626833379268646240e-01 8.006743341684341431e-02
2.525155544281005859e-01 2.529513835906982422e-01
5.762854218482971191e-01 2.031714618206024170e-01
1.750579029321670532e-01 7.375260591506958008e-01
3.719125390052795410e-01 9.655371904373168945e-01
7.827900052070617676e-01 5.554750561714172363e-01
1.263230144977569580e-01 9.822590351104736328e-01
6.418291330337524414e-01 6.003025174140930176e-01
1.657436490058898926e-01 4.894344806671142578e-01
5.187444090843200684e-01 2.182726263999938965e-01
4.315335154533386230e-01 4.854919910430908203e-01
7.133363932371139526e-02 9.381393790245056152e-01
2.558130323886871338e-01 5.125391483306884766e-01
5.625545382499694824e-01 2.751232385635375977e-01
6.179696321487426758e-01 1.859263926744461060e-01
1.357565373182296753e-01 7.279210686683654785e-01
1.860362738370895386e-01 1.577149629592895508e-01
4.316051900386810303e-01 9.869559407234191895e-01
6.774511337280273438e-01 5.343580245971679688e-01
4.463014006614685059e-01 6.329402923583984375e-01
5.984377861022949219e-01 6.434729099273681641e-01
7.413049936294555664e-01 3.326455652713775635e-01
8.740985989570617676e-01 4.378605186939239502e-01
7.734262347221374512e-01 6.662465929985046387e-01
8.751654028892517090e-01 9.705458879470825195e-01
6.333051323890686035e-01 3.159114718437194824e-01
2.182757705450057983e-01 7.027015089988708496e-01
1.617827266454696655e-01 1.531014442443847656e-01
6.032499670982360840e-01 7.129154801368713379e-01
9.353126883506774902e-01 7.104290127754211426e-01
3.300635516643524170e-01 8.077846765518188477e-01
3.386405110359191895e-01 6.066526770591735840e-01
3.087837994098663330e-01 9.301306009292602539e-01
3.006970882415771484e-01 5.727469325065612793e-01
5.867747068405151367e-01 8.461961150169372559e-01
7.662680149078369141e-01 8.853290081024169922e-01
5.815129876136779785e-01 7.181879878044128418e-01
8.427319526672363281e-01 8.635067939758300781e-01
7.847111821174621582e-01 9.314198493957519531e-01
6.602753400802612305e-01 3.803600743412971497e-02
5.763953924179077148e-01 3.977675437927246094e-01
9.616433382034301758e-01 4.565367996692657471e-01
7.823145389556884766e-01 2.504037022590637207e-01
6.122350692749023438e-03 5.819973349571228027e-01
2.583508789539337158e-01 2.106895297765731812e-01
9.102414846420288086e-01 9.049736857414245605e-01
7.206567525863647461e-01 3.863874077796936035e-01
2.074745446443557739e-01 5.021750330924987793e-01
8.703297376632690430e-01 4.630649387836456299e-01
2.407757565379142761e-02 4.521848857402801514e-01
1.599197238683700562e-01 6.231573224067687988e-01
8.081254959106445312e-01 9.040342569351196289e-01
1.530687958002090454e-01 6.409795284271240234e-01
7.382982969284057617e-01 4.463717341423034668e-01
2.607593536376953125e-01 3.823885917663574219e-01
7.576787471771240234e-01 8.984753489494323730e-01
4.483580216765403748e-02 9.665849208831787109e-01
1.585544943809509277e-01 2.916639447212219238e-01
8.141887784004211426e-01 4.043569266796112061e-01
6.762870550155639648e-01 2.233495563268661499e-01
4.027304947376251221e-01 3.308202624320983887e-01
3.412143290042877197e-01 4.168094098567962646e-01
8.082203865051269531e-01 6.803488731384277344e-01
4.288999736309051514e-01 3.301508724689483643e-01
7.202185392379760742e-01 3.447581231594085693e-01
7.633426189422607422e-01 2.193886339664459229e-01
1.670865267515182495e-01 4.247972369194030762e-01
2.742688655853271484e-01 9.463138580322265625e-01
8.844363093376159668e-01 4.562323987483978271e-01
2.254727184772491455e-01 2.569957375526428223e-01
9.532668590545654297e-01 5.613605380058288574e-01
6.364498138427734375e-01 6.611505150794982910e-01
9.941598773002624512e-01 6.708679199218750000e-01
3.621348440647125244e-01 7.510381340980529785e-01
2.218419164419174194e-01 3.743504881858825684e-01
8.589396476745605469e-01 1.674150675535202026e-01
6.491252779960632324e-01 2.410995364189147949e-01
3.000304102897644043e-01 8.326511979103088379e-01
3.741204440593719482e-01 9.213978052139282227e-01
1.147187501192092896e-01 7.921736836433410645e-01
8.653638958930969238e-01 9.219745397567749023e-01
6.651489138603210449e-01 6.603339314460754395e-01
6.594088673591613770e-02 1.290581971406936646e-01
6.091327667236328125e-01 7.739633321762084961e-01
1.711544953286647797e-02 1.720340698957443237e-01
5.588615536689758301e-01 4.716940522193908691e-01
1.943400055170059204e-01 6.387346982955932617e-01
2.880679965019226074e-01 8.225593715906143188e-02
2.465617060661315918e-01 3.614949882030487061e-01
6.268753409385681152e-01 9.580749869346618652e-01
5.823171138763427734e-01 1.138039305806159973e-01
5.648237466812133789e-01 8.208310008049011230e-01
2.353948354721069336e-01 3.400073572993278503e-02
4.576241225004196167e-02 2.089286297559738159e-01
3.650987893342971802e-02 2.079794257879257202e-01
8.545758724212646484e-01 7.808647751808166504e-01
5.889641121029853821e-02 3.950990140438079834e-01
9.309731125831604004e-01 5.234593749046325684e-01
2.226460129022598267e-01 4.621286690235137939e-01
9.217574000358581543e-01 8.393254280090332031e-01
6.173152849078178406e-02 6.392242014408111572e-02
7.111665010452270508e-01 6.494240164756774902e-01
5.957232117652893066e-01 9.535908699035644531e-01
7.459180355072021484e-01 5.454816818237304688e-01
5.591187477111816406e-01 9.982168078422546387e-01
2.561661601066589355e-01 6.378489136695861816e-01
2.614300251007080078e-01 9.670246392488479614e-02
7.678651809692382812e-01 7.601008415222167969e-01
8.737142682075500488e-01 7.932066917419433594e-01
9.942527413368225098e-01 7.201523780822753906e-01
8.926009535789489746e-01 1.542562246322631836e-01
5.429795384407043457e-01 4.647920727729797363e-01
8.050080537796020508e-01 3.538982570171356201e-01
9.940885752439498901e-02 6.409153938293457031e-01
9.432731866836547852e-01 1.247964054346084595e-01
7.011438608169555664e-01 8.463145494461059570e-01
5.700718760490417480e-01 4.859240055084228516e-01
1.941368170082569122e-02 9.829039573669433594e-01
4.264574870467185974e-02 2.699724212288856506e-02
4.422974586486816406e-01 7.909468412399291992e-01
1.824991703033447266e-01 3.001037836074829102e-01
