4.228233695030212402e-01 8.581011891365051270e-01
3.976123034954071045e-01 6.495106965303421021e-02
1.200689971446990967e-01 4.699747860431671143e-01
7.346732616424560547e-01 6.805838942527770996e-01
4.151492118835449219e-01 3.013138473033905029e-01
7.984160184860229492e-01 5.973912477493286133e-01
9.299843311309814453e-01 1.458860654383897781e-02
4.674500524997711182e-01 2.021002024412155151e-01
4.128753393888473511e-02 8.005240559577941895e-01
8.321945071220397949e-01 1.137910559773445129e-01
9.403859823942184448e-02 2.505033463239669800e-02
6.715283989906311035e-01 1.946292072534561157e-01
5.833347439765930176e-01 5.618247389793395996e-01
6.102669239044189453e-01 1.058312356472015381e-01
3.874935805797576904e-01 2.319670319557189941e-01
7.407071441411972046e-02 8.936169743537902832e-01
5.673685669898986816e-01 8.741191625595092773e-01
8.479890823364257812e-01 4.674879610538482666e-01
8.140669763088226318e-02 2.180816531181335449e-01
3.250627815723419189e-01 5.393583774566650391e-01
3.351778909564018250e-02 2.411985695362091064e-01
6.032521724700927734e-01 5.264137983322143555e-01
3.463764488697052002e-01 4.897885024547576904e-01
3.632334470748901367e-01 6.598923802375793457e-01
1.999860852956771851e-01 7.211109995841979980e-01
3.573058247566223145e-01 5.910625457763671875e-01
4.020207822322845459e-01 7.464779019355773926e-01
3.063798844814300537e-01 5.205188393592834473e-01
9.908224940299987793e-01 5.949594974517822266e-01
5.002144575119018555e-01 9.024284482002258301e-01
5.158748626708984375e-01 3.503760993480682373e-01
5.423347949981689453e-01 3.443596884608268738e-02
8.862744569778442383e-01 3.126504123210906982e-01
4.541906118392944336e-01 8.422378301620483398e-01
2.493897676467895508e-01 8.608536124229431152e-01
9.432117342948913574e-01 2.710861265659332275e-01
3.120362460613250732e-01 9.069390296936035156e-01
2.527184486389160156e-01 1.474011838436126709e-01
4.040946438908576965e-02 9.286117553710937500e-01
2.179377973079681396e-01 9.602117538452148438e-02
6.978477835655212402e-01 2.022600322961807251e-01
8.325569629669189453e-01 9.308162927627563477e-01
1.693328022956848145e-01 3.113718517124652863e-02
7.899994254112243652e-01 2.949714958667755127e-01
7.481808066368103027e-01 3.650502264499664307e-01
2.104238420724868774e-01 4.226329624652862549e-01
4.150022268295288086e-01 8.936710357666015625e-01
6.014277338981628418e-01 5.720514431595802307e-02
1.856319755315780640e-01 4.817846715450286865e-01
4.618311226367950439e-01 3.479238152503967285e-01
9.034553766250610352e-01 6.482434868812561035e-01
6.774719357490539551e-01 1.934242546558380127e-01
6.202261447906494141e-01 4.935243427753448486e-01
6.179639697074890137e-01 3.973310589790344238e-01
8.181983828544616699e-01 3.112997114658355713e-01
8.224214911460876465e-01 8.142040371894836426e-01
5.466790795326232910e-01 6.239122152328491211e-01
2.760926187038421631e-01 7.779179811477661133e-01
8.183274269104003906e-01 9.693184494972229004e-01
1.472636312246322632e-01 5.034865736961364746e-01
4.945197701454162598e-01 7.003021836280822754e-01
2.059824615716934204e-01 8.165381550788879395e-01
2.477194368839263916e-01 5.975992083549499512e-01
9.755027890205383301e-01 9.800560027360916138e-02
7.876998186111450195e-02 1.638390421867370605e-01
2.384566366672515869e-01 3.186450898647308350e-02
5.721985176205635071e-02 8.573985695838928223e-01
6.275660395622253418e-01 3.297563195228576660e-01
8.602088689804077148e-01 8.444906473159790039e-01
1.591617763042449951e-01 8.516098856925964355e-01
2.293222397565841675e-01 6.408732533454895020e-01
7.607998847961425781e-01 8.129971027374267578e-01
3.105400800704956055e-01 3.775646984577178955e-01
9.446617364883422852e-01 3.386504650115966797e-01
5.564199686050415039e-01 9.104514122009277344e-01
2.301857471466064453e-01 8.444408774375915527e-01
8.358514904975891113e-01 1.918724030256271362e-01
9.758388996124267578e-01 9.160897731781005859e-01
6.104309558868408203e-01 7.248690128326416016e-01
4.741836488246917725e-01 8.631160855293273926e-01
5.004574060440063477e-01 5.152082443237304688e-01
7.769877314567565918e-01 1.458467543125152588e-01
2.192766368389129639e-01 5.157982707023620605e-01
5.549727678298950195e-01 8.104567527770996094e-01
4.518435001373291016e-01 5.874010920524597168e-01
3.125855326652526855e-01 2.190574109554290771e-01
6.871668696403503418e-01 2.771717309951782227e-01
7.483402490615844727e-01 8.673469424247741699e-01
3.804875612258911133e-01 7.852565646171569824e-01
2.413217872381210327e-01 7.094749808311462402e-01
1.054015196859836578e-02 6.335068941116333008e-01
7.036758661270141602e-01 9.422746896743774414e-01
5.880395770072937012e-01 8.960202336311340332e-01
8.752805590629577637e-01 4.890789985656738281e-01
7.359581440687179565e-02 8.013920783996582031e-01
6.978988647460937500e-01 7.662791609764099121e-01
9.574385285377502441e-01 5.346245765686035156e-01
2.827700078487396240e-01 4.461451172828674316e-01
6.649595499038696289e-01 2.887657880783081055e-01
2.261644601821899414e-02 2.070615142583847046e-01
9.439606666564941406e-01 8.287631273269653320e-01
8.684014081954956055e-01 8.068838715553283691e-01
4.578117132186889648e-01 5.730137228965759277e-01
4.966195523738861084e-01 6.039523482322692871e-01
5.520291328430175781e-01 6.914162039756774902e-01
6.535933613777160645e-01 9.252231121063232422e-01
1.906845122575759888e-01 4.112064242362976074e-01
6.014087200164794922e-01 9.765548259019851685e-02
3.054408431053161621e-01 7.778021693229675293e-01
9.551302194595336914e-01 5.827307701110839844e-01
4.048665463924407959e-01 9.899965524673461914e-01
7.028062343597412109e-01 5.505302548408508301e-01
8.446225523948669434e-01 3.585395812988281250e-01
9.855072498321533203e-01 2.740346491336822510e-01
8.703016042709350586e-01 9.583393931388854980e-01
2.806271314620971680e-01 2.672589719295501709e-01
1.476172208786010742e-01 2.282598912715911865e-01
3.315740227699279785e-01 4.460110515356063843e-02
2.035400569438934326e-01 9.713602662086486816e-01
7.476964592933654785e-01 8.277613520622253418e-01
6.556476354598999023e-01 4.161571562290191650e-01
2.549424469470977783e-01 9.606950879096984863e-01
4.292066991329193115e-01 2.276926487684249878e-01
9.405335187911987305e-01 5.895068049430847168e-01
9.972409009933471680e-01 5.736937373876571655e-02
1.514336913824081421e-01 9.279606342315673828e-01
1.814810335636138916e-01 4.866403341293334961e-01
5.018822550773620605e-01 2.679324746131896973e-01
1.244060918688774109e-01 7.653926610946655273e-01
3.175483047962188721e-01 3.580353260040283203e-01
3.762094378471374512e-01 3.282704353332519531e-01
9.136236310005187988e-01 1.519391238689422607e-01
7.624603509902954102e-01 6.711092591285705566e-01
9.643765538930892944e-02 2.954701185226440430e-01
1.371029615402221680e-01 4.759271442890167236e-01
5.522665381431579590e-01 2.898129224777221680e-01
6.194201707839965820e-01 3.002513349056243896e-01
3.158409893512725830e-01 4.972088038921356201e-01
2.831156849861145020e-01 1.561147719621658325e-01
2.001555711030960083e-01 7.760882377624511719e-03
5.121071338653564453e-01 5.336266010999679565e-02
2.479199767112731934e-01 7.540947794914245605e-01
9.748451709747314453e-01 6.178078055381774902e-01
8.499690294265747070e-01 8.181865513324737549e-02
3.622708022594451904e-01 2.726701498031616211e-01
3.741742344573140144e-03 1.094087287783622742e-01
5.443301796913146973e-01 8.169043809175491333e-02
3.702616989612579346e-01 5.175089240074157715e-01
4.431195855140686035e-01 1.104000136256217957e-01
9.629738330841064453e-02 4.357507228851318359e-01
8.906052112579345703e-01 8.666746020317077637e-01
5.083382129669189453e-01 9.804493784904479980e-01
6.684973239898681641e-01 9.052167534828186035e-01
6.790913343429565430e-01 1.113131642341613770e-01
1.566880494356155396e-01 8.042883127927780151e-03
8.731052875518798828e-01 4.146070778369903564e-02
7.836283445358276367e-01 2.134990990161895752e-01
6.250333189964294434e-01 6.122768521308898926e-01
1.160918325185775757e-01 5.240657329559326172e-01
4.128361046314239502e-01 2.810091078281402588e-01
9.510188102722167969e-01 7.667546272277832031e-01
3.912629187107086182e-01 1.141860038042068481e-01
9.753696322441101074e-01 3.678126633167266846e-01
1.073544919490814209e-01 5.714487433433532715e-01
2.928735613822937012e-01 2.029270976781845093e-01
1.831728033721446991e-02 4.108573198318481445e-01
4.036184400320053101e-03 7.344579100608825684e-01
7.212342321872711182e-02 8.370063900947570801e-01
9.251767992973327637e-01 5.431097149848937988e-01
9.868198037147521973e-01 2.083265036344528198e-01
7.495478987693786621e-01 3.193465173244476318e-01
5.262146592140197754e-01 4.571068286895751953e-01
7.854481339454650879e-01 7.867609262466430664e-01
5.357726216316223145e-01 9.847697615623474121e-01
9.188265204429626465e-01 2.176250815391540527e-01
8.702998757362365723e-01 2.633674144744873047e-01
3.272429108619689941e-01 7.736997604370117188e-01
8.883860111236572266e-01 2.256152480840682983e-01
7.899193167686462402e-01 5.468796491622924805e-01
2.157440036535263062e-01 6.136645674705505371e-01
6.482888460159301758e-01 2.279705367982387543e-03
6.188979148864746094e-01 5.584622621536254883e-01
6.510194540023803711e-01 1.637594252824783325e-01
3.549635708332061768e-01 2.300795614719390869e-01
7.457401156425476074e-01 3.741445764899253845e-02
6.178302168846130371e-01 8.460779786109924316e-01
3.587165474891662598e-01 1.466303914785385132e-01
7.521571516990661621e-01 1.295024007558822632e-01
5.006656050682067871e-01 8.187463879585266113e-01
2.774986922740936279e-01 3.108071088790893555e-01
5.975821614265441895e-01 3.508742749691009521e-01
5.378892421722412109e-01 5.424913763999938965e-01
9.091899394989013672e-01 3.852439671754837036e-02
8.211493492126464844e-01 8.753532767295837402e-01
9.228113889694213867e-01 9.320138692855834961e-01
7.973340749740600586e-01 5.029969811439514160e-01
7.268186807632446289e-01 8.439254760742187500e-01
1.453700824640691280e-03 7.690678536891937256e-02
8.780941963195800781e-01 6.048919558525085449e-01
4.970967173576354980e-01 3.937326669692993164e-01
7.777217030525207520e-01 9.233539700508117676e-01
5.727219581604003906e-02 4.088814556598663330e-01
6.799847483634948730e-01 9.926145076751708984e-01
8.313480019569396973e-01 4.973304271697998047e-01
7.083714008331298828e-02 3.470056951045989990e-01
4.231364130973815918e-01 3.818978965282440186e-01
9.890794754028320312e-04 2.924903929233551025e-01
3.203430771827697754e-01 4.443729519844055176e-01
2.802856564521789551e-01 3.059585019946098328e-02
2.197282165288925171e-01 7.404217123985290527e-02
3.792781233787536621e-01 4.963192343711853027e-01
2.006553113460540771e-01 6.209161281585693359e-01
3.473929464817047119e-01 6.615946292877197266e-01
4.286371469497680664e-01 3.959373533725738525e-01
1.852552890777587891e-01 1.188441216945648193e-01
7.425514459609985352e-01 3.931610286235809326e-01
3.627939894795417786e-02 9.184268712997436523e-01
1.957767307758331299e-01 3.418108522891998291e-01
8.408264070749282837e-02 7.024399638175964355e-01
1.380447447299957275e-01 5.797236561775207520e-01
4.814477860927581787e-01 2.552186846733093262e-01
8.983869105577468872e-02 4.027305543422698975e-01
4.089970886707305908e-01 2.108787149190902710e-01
1.326336264610290527e-01 1.296161413192749023e-01
2.213026732206344604e-01 3.080895841121673584e-01
6.107083559036254883e-01 9.866130948066711426e-01
8.421081900596618652e-01 6.566939949989318848e-01
5.640154480934143066e-01 4.584988206624984741e-02
3.154775872826576233e-02 1.171116456389427185e-01
5.665496587753295898e-01 1.391797959804534912e-01
7.977801561355590820e-01 6.227871775627136230e-01
3.065122663974761963e-01 9.272872656583786011e-02
7.040804624557495117e-01 8.331190943717956543e-01
5.636934041976928711e-01 2.214216142892837524e-01
1.723251640796661377e-01 7.308230996131896973e-01
9.527861326932907104e-02 9.777929186820983887e-01
4.055251479148864746e-01 5.111387372016906738e-01
8.028247356414794922e-01 4.367967247962951660e-01
4.286748468875885010e-01 3.400628268718719482e-01
9.257103204727172852e-01 9.876806139945983887e-01
7.585893273353576660e-01 9.143482446670532227e-01
4.935193359851837158e-01 4.519098997116088867e-01
9.364421367645263672e-01 3.648033440113067627e-01
9.042853116989135742e-01 7.613406181335449219e-01
9.145359396934509277e-01 7.974716424942016602e-01
6.499740481376647949e-01 1.090720370411872864e-01
3.507384955883026123e-01 7.568981051445007324e-01
3.668842613697052002e-01 4.591391384601593018e-01
9.758507013320922852e-01 9.950768351554870605e-01
1.601391881704330444e-01 8.181644082069396973e-01
5.217723250389099121e-01 6.823561787605285645e-01
6.034333109855651855e-01 9.116864204406738281e-01
1.141411811113357544e-01 2.405828237533569336e-01
9.244222640991210938e-01 7.418245673179626465e-01
7.071644067764282227e-01 5.061057806015014648e-01
8.195074200630187988e-01 4.573236405849456787e-01
1.439710706472396851e-01 1.658888608217239380e-01
9.676219224929809570e-01 6.964902877807617188e-01
5.041100382804870605e-01 8.488497138023376465e-01
5.856943503022193909e-02 5.086677670478820801e-01
5.731970667839050293e-01 8.358027338981628418e-01
1.411718577146530151e-01 1.025948971509933472e-01
4.058743417263031006e-01 6.196458339691162109e-01
8.343564271926879883e-01 1.276155747473239899e-02
5.455682277679443359e-01 4.254997372627258301e-01
3.966704905033111572e-01 1.357252001762390137e-01
3.692298829555511475e-01 6.179140806198120117e-01
7.405434846878051758e-01 4.219466745853424072e-01
9.416620135307312012e-01 8.992305397987365723e-01
7.654141783714294434e-01 7.276859879493713379e-01
3.670450448989868164e-01 9.362549185752868652e-01
1.333052515983581543e-01 3.942841887474060059e-01
9.411050081253051758e-01 2.271873503923416138e-01
7.058469653129577637e-01 4.254516959190368652e-01
8.687502145767211914e-01 6.507101655006408691e-01
1.509264260530471802e-01 2.932259142398834229e-01
5.749600529670715332e-01 5.496855378150939941e-01
9.588440656661987305e-01 7.354481816291809082e-01
5.485166907310485840e-01 1.582763344049453735e-01
4.507554471492767334e-01 8.832105994224548340e-01
5.836060047149658203e-01 6.699782013893127441e-01
2.350827455520629883e-01 7.790687680244445801e-01
2.940502949059009552e-02 5.389110445976257324e-01
1.561329513788223267e-01 1.802757680416107178e-01
2.726260423660278320e-01 1.137779355049133301e-01
6.090361997485160828e-02 6.673641800880432129e-01
6.102650165557861328e-01 3.798833861947059631e-02
8.154988288879394531e-01 2.610728442668914795e-01
9.342214465141296387e-01 8.752893209457397461e-01
3.254801034927368164e-01 1.545059382915496826e-01
7.935783267021179199e-01 6.818133592605590820e-01
9.592656493186950684e-01 9.952787756919860840e-01
2.063962519168853760e-01 8.418025970458984375e-01
2.635305821895599365e-01 2.595773339271545410e-01
6.329520344734191895e-01 8.237327933311462402e-01
1.104720830917358398e-01 1.744362115859985352e-01
6.689694523811340332e-01 9.763820767402648926e-01
8.216863274574279785e-01 7.409914135932922363e-01
4.453254044055938721e-01 9.691341519355773926e-01
7.480807900428771973e-01 5.280821323394775391e-01
9.124943017959594727e-01 8.849988579750061035e-01
1.775321811437606812e-01 7.649186849594116211e-01
2.886181175708770752e-01 4.039603471755981445e-01
7.037478089332580566e-01 7.581601291894912720e-02
6.250801086425781250e-01 7.609695196151733398e-01
4.982224106788635254e-01 2.208978235721588135e-01
6.298231482505798340e-01 4.383489191532135010e-01
5.024887323379516602e-01 3.430137932300567627e-01
5.117086172103881836e-01 4.945471882820129395e-01
9.432377666234970093e-02 8.664925098419189453e-01
9.657422304153442383e-01 6.645164489746093750e-01
3.951265215873718262e-01 3.638323843479156494e-01
4.006358981132507324e-01 3.044640421867370605e-01
3.762156367301940918e-01 8.143717050552368164e-01
3.169850409030914307e-01 4.145701527595520020e-01
7.936421632766723633e-01 7.473654150962829590e-01
8.791816830635070801e-01 6.688242405652999878e-02
6.731870770454406738e-01 3.977496549487113953e-02
5.282671451568603516e-01 3.171539902687072754e-01
3.525923788547515869e-01 9.567493796348571777e-01
4.482684135437011719e-01 4.339070916175842285e-01
1.823867261409759521e-01 2.699821591377258301e-01
9.427488446235656738e-01 6.979306340217590332e-01
7.787626385688781738e-01 4.415521621704101562e-01
7.177373766899108887e-02 5.750954747200012207e-01
5.012993216514587402e-01 5.707420706748962402e-01
4.376489818096160889e-01 2.083191573619842529e-01
6.950726509094238281e-01 6.721987724304199219e-01
3.693101406097412109e-01 8.587603569030761719e-01
8.871929049491882324e-01 1.446100920438766479e-01
5.865997672080993652e-01 5.936428904533386230e-01
4.383651614189147949e-01 9.577786922454833984e-02
2.409019172191619873e-01 8.677805662155151367e-01
1.408968418836593628e-01 6.884372830390930176e-01
1.752487756311893463e-02 3.809015452861785889e-01
6.290413141250610352e-01 4.856948554515838623e-02
3.724567592144012451e-01 8.351597785949707031e-01
5.804655551910400391e-01 3.427504003047943115e-01
8.094285130500793457e-01 3.443198204040527344e-01
3.376996517181396484e-01 3.969620168209075928e-01
5.283106565475463867e-01 1.328637003898620605e-01
7.937154769897460938e-01 2.550380527973175049e-01
3.172203302383422852e-01 2.817314565181732178e-01
8.069540262222290039e-01 7.196388840675354004e-01
4.522277116775512695e-01 7.017641663551330566e-01
5.862758308649063110e-02 8.062146306037902832e-01
8.809443712234497070e-01 5.694312453269958496e-01
9.912720322608947754e-01 3.172459602355957031e-01
5.763053894042968750e-01 8.291625976562500000e-01
4.663594365119934082e-01 8.181825280189514160e-01
9.416263103485107422e-01 5.197929143905639648e-01
6.369633674621582031e-01 7.942340970039367676e-01
3.787079155445098877e-01 1.898342221975326538e-01
2.334705293178558350e-01 3.218975067138671875e-01
8.310450911521911621e-01 5.505748391151428223e-01
2.769181691110134125e-02 6.111908704042434692e-02
8.481290936470031738e-01 5.924874916672706604e-02
3.215576708316802979e-01 3.876541182398796082e-02
7.469465136528015137e-01 5.467637181282043457e-01
6.290607452392578125e-01 9.998351931571960449e-01
8.601442575454711914e-01 9.898894429206848145e-01
1.914264261722564697e-01 5.286180973052978516e-01
3.267236649990081787e-01 8.159000873565673828e-01
9.182206392288208008e-01 4.120587706565856934e-01
6.706506609916687012e-01 3.934334814548492432e-01
6.701052784919738770e-01 6.842780113220214844e-01
3.460395336151123047e-01 7.307784557342529297e-01
4.079377055168151855e-01 5.596835613250732422e-01
9.809584617614746094e-01 2.604981362819671631e-01
8.577712774276733398e-01 2.821984887123107910e-01
2.385296523571014404e-01 1.218261718750000000e-01
2.123365700244903564e-01 5.420926809310913086e-01
9.995183348655700684e-01 8.638170957565307617e-01
7.844723463058471680e-01 8.240462541580200195e-01
9.420931339263916016e-01 1.685652136802673340e-01
1.125055328011512756e-01 8.367780447006225586e-01
1.808020919561386108e-01 3.014338910579681396e-01
9.714008122682571411e-02 8.967062830924987793e-01
5.998153686523437500e-01 1.783837974071502686e-01
5.316407680511474609e-01 9.527432918548583984e-01
6.087222695350646973e-01 7.986593246459960938e-01
8.266872763633728027e-01 3.887632489204406738e-01
2.883124351501464844e-01 6.492083072662353516e-01
5.219255089759826660e-01 9.083046317100524902e-01
8.648751378059387207e-01 8.783326745033264160e-01
7.659088373184204102e-01 4.692656919360160828e-02
5.235517024993896484e-01 2.105847299098968506e-01
5.928172916173934937e-02 9.620881676673889160e-01
5.592606067657470703e-01 6.410997509956359863e-01
8.506522774696350098e-01 5.292975306510925293e-01
9.221258759498596191e-01 7.201401591300964355e-01
1.456025391817092896e-01 7.811068296432495117e-01
6.794945597648620605e-01 7.268055081367492676e-01
8.652582764625549316e-01 2.363540232181549072e-01
3.701984882354736328e-01 9.883027076721191406e-01
3.569525778293609619e-01 9.131793975830078125e-01
6.556844115257263184e-01 8.485515713691711426e-01
8.451094627380371094e-01 1.874085068702697754e-01
9.750289469957351685e-02 7.502291351556777954e-02
7.535794973373413086e-01 7.887527346611022949e-01
8.762570619583129883e-01 1.261958479881286621e-01
6.384737491607666016e-01 9.488037228584289551e-01
5.735228657722473145e-01 7.547506093978881836e-01
3.777959048748016357e-01 4.307025671005249023e-01
9.413940906524658203e-01 6.380612850189208984e-01
6.358750462532043457e-01 8.984337449073791504e-01
2.854283154010772705e-01 6.288112998008728027e-01
7.270121574401855469e-01 2.957778871059417725e-01
2.816062420606613159e-02 4.982471764087677002e-01
2.880826778709888458e-02 4.531069397926330566e-01
3.989646502304822206e-04 9.646682143211364746e-01
1.542807370424270630e-01 7.085461616516113281e-01
3.252292275428771973e-01 3.257302045822143555e-01
7.615407109260559082e-01 9.948812723159790039e-01
4.891883730888366699e-01 9.301787614822387695e-01
2.968681156635284424e-01 7.208517789840698242e-01
4.660638570785522461e-01 6.280469298362731934e-01
4.762985184788703918e-02 6.651378273963928223e-01
9.540911912918090820e-01 4.506583809852600098e-01
5.374885797500610352e-01 1.852028518915176392e-01
3.202753961086273193e-01 1.689252108335494995e-01
3.364286124706268311e-01 2.798001468181610107e-01
8.279370665550231934e-01 2.617745995521545410e-01
4.011645615100860596e-01 5.923436880111694336e-01
2.205766737461090088e-01 6.721028089523315430e-01
3.663845062255859375e-01 3.159678280353546143e-01
9.032664895057678223e-01 7.820717990398406982e-02
7.748090624809265137e-01 4.273497462272644043e-01
4.341087639331817627e-01 2.935626506805419922e-01
5.021008849143981934e-01 4.149864912033081055e-01
8.638895750045776367e-01 1.122904270887374878e-01
5.084643959999084473e-01 8.778022527694702148e-01
5.765472650527954102e-01 7.600507885217666626e-02
1.254227608442306519e-01 2.692516446113586426e-01
7.020561695098876953e-01 3.752516210079193115e-01
5.515843629837036133e-01 3.807884454727172852e-01
1.481597125530242920e-01 3.672694861888885498e-01
7.352146506309509277e-02 7.121742963790893555e-01
6.135800480842590332e-01 2.190892696380615234e-01
7.599101960659027100e-02 5.365479588508605957e-01
4.124642312526702881e-01 9.211001396179199219e-01
2.876254357397556305e-02 5.948514938354492188e-01
6.734149903059005737e-02 3.903666734695434570e-01
7.473133504390716553e-03 5.032364726066589355e-01
3.560859560966491699e-01 5.401144027709960938e-01
5.861583948135375977e-01 4.969367980957031250e-01
6.128862500190734863e-01 3.292013704776763916e-01
1.215897351503372192e-01 9.306539893150329590e-01
8.811987042427062988e-01 6.722702980041503906e-01
4.753526449203491211e-01 2.203450538218021393e-02
1.010256484150886536e-01 7.448915243148803711e-01
9.825124144554138184e-01 8.305487036705017090e-01
9.382722377777099609e-01 8.027587532997131348e-01
1.570279151201248169e-01 5.485712289810180664e-01
8.824149370193481445e-01 8.382107019424438477e-01
8.469463586807250977e-01 8.096300363540649414e-01
8.730546236038208008e-01 7.466707229614257812e-01
5.082878470420837402e-01 9.100457280874252319e-02
9.860615730285644531e-01 7.946838736534118652e-01
3.477264046669006348e-01 6.372365355491638184e-01
2.989187538623809814e-01 8.458629250526428223e-01
5.405122637748718262e-01 5.976740121841430664e-01
7.836004495620727539e-01 1.651269793510437012e-01
1.227173954248428345e-01 8.210976719856262207e-01
2.024921923875808716e-01 1.215513125061988831e-01
4.617447555065155029e-01 9.120253920555114746e-01
7.503535598516464233e-02 5.100533366203308105e-01
2.604411244392395020e-01 8.039017319679260254e-01
4.631565809249877930e-01 6.836146861314773560e-02
7.619311809539794922e-01 2.448544949293136597e-01
4.732880592346191406e-01 9.313688278198242188e-01
4.546259641647338867e-01 2.644023895263671875e-01
4.274942278861999512e-01 6.973299980163574219e-01
5.737769007682800293e-01 9.019089341163635254e-01
6.260522603988647461e-01 1.420219093561172485e-01
5.582543611526489258e-01 1.245944127440452576e-01
7.527573108673095703e-01 9.624587744474411011e-02
7.351138591766357422e-01 6.213840246200561523e-01
4.436770081520080566e-01 1.433277279138565063e-01
7.993281483650207520e-01 3.795721828937530518e-01
4.103527069091796875e-01 3.683822154998779297e-01
6.644999384880065918e-01 4.658579528331756592e-01
1.267961561679840088e-01 7.020624354481697083e-03
5.097206234931945801e-01 4.204915463924407959e-01
9.207342863082885742e-01 3.329998850822448730e-01
8.665894865989685059e-01 5.596230626106262207e-01
7.108683586120605469e-01 7.435902953147888184e-01
8.838298916816711426e-01 9.170661568641662598e-01
5.403993725776672363e-01 3.702412843704223633e-01
8.021417856216430664e-01 9.348898530006408691e-01
7.977910041809082031e-01 1.318048983812332153e-01
8.303257226943969727e-01 5.700582265853881836e-01
4.123015105724334717e-01 5.750479698181152344e-01
7.019801735877990723e-01 6.338379979133605957e-01
4.465174376964569092e-01 6.621953845024108887e-01
8.306733965873718262e-01 1.456934511661529541e-01
8.400898575782775879e-01 2.133055329322814941e-01
8.348900079727172852e-02 9.755315184593200684e-01
1.868743300437927246e-01 9.359750151634216309e-01
5.035464167594909668e-01 1.597626507282257080e-02
2.382583022117614746e-01 4.119540452957153320e-01
1.442676633596420288e-01 6.136940717697143555e-01
4.851405620574951172e-01 6.776161193847656250e-01
4.000340700149536133e-01 9.893984198570251465e-01
6.546351909637451172e-01 3.565249741077423096e-01
8.567211627960205078e-01 9.555718302726745605e-01
7.965270876884460449e-01 1.986003667116165161e-01
7.855702638626098633e-01 5.501685291528701782e-02
8.759024143218994141e-01 3.437331020832061768e-01
4.814828932285308838e-01 7.416917085647583008e-01
2.495109587907791138e-01 6.585823893547058105e-01
4.683735072612762451e-01 6.704017519950866699e-01
7.826431989669799805e-01 3.908858299255371094e-01
2.612177133560180664e-01 2.214731127023696899e-01
7.409823536872863770e-01 7.640317082405090332e-01
5.120606422424316406e-01 7.641726136207580566e-01
6.402710676193237305e-01 5.391079187393188477e-01
6.739958524703979492e-01 6.159428358078002930e-01
7.034201622009277344e-01 5.051359534263610840e-01
3.921365439891815186e-01 8.731659650802612305e-01
2.872278392314910889e-01 9.808112978935241699e-01
7.968322038650512695e-01 6.391502022743225098e-01
4.773852229118347168e-01 3.277213573455810547e-01
5.565736889839172363e-01 1.768458187580108643e-01
6.323092579841613770e-01 6.686871647834777832e-01
9.194765686988830566e-01 6.672843694686889648e-01
8.477250337600708008e-01 9.264744520187377930e-01
8.523431420326232910e-01 1.724126189947128296e-02
1.403720080852508545e-01 2.544808983802795410e-01
4.259153306484222412e-01 7.881013154983520508e-01
2.378059737384319305e-02 4.760850369930267334e-01
7.689042389392852783e-02 7.448292970657348633e-01
6.731486320495605469e-01 1.461898535490036011e-01
2.041749097406864166e-02 6.788791418075561523e-01
5.898544192314147949e-01 1.381045281887054443e-01
7.862243056297302246e-01 2.489763051271438599e-01
8.630816638469696045e-02 6.507537364959716797e-01
5.032587051391601562e-02 7.395966053009033203e-01
7.946115732192993164e-01 9.046380519866943359e-01
3.979440405964851379e-02 7.387593984603881836e-01
9.775980710983276367e-01 2.779322490096092224e-02
5.698852539062500000e-01 7.158296704292297363e-01
8.918769359588623047e-01 4.457277655601501465e-01
3.871758282184600830e-01 9.139175415039062500e-01
4.428182542324066162e-01 5.077973008155822754e-01
7.165682315826416016e-01 1.022417214699089527e-03
3.867358267307281494e-01 9.603266716003417969e-01
3.492514789104461670e-01 3.634786605834960938e-01
4.970622062683105469e-01 6.357727050781250000e-01
1.989897340536117554e-01 6.553941965103149414e-01
6.492326259613037109e-01 7.185789942741394043e-02
9.995450377464294434e-01 5.148265883326530457e-02
5.766110420227050781e-01 3.920147120952606201e-01
8.602326512336730957e-01 1.553539931774139404e-01
1.697217226028442383e-01 5.566837191581726074e-01
6.159458160400390625e-01 2.455410808324813843e-01
5.330463647842407227e-01 7.199561595916748047e-02
4.692043960094451904e-01 1.347410082817077637e-01
2.144050151109695435e-01 9.216765165328979492e-01
7.466926574707031250e-01 2.106440812349319458e-01
9.061140418052673340e-01 9.960756897926330566e-01
5.176476240158081055e-01 6.601137518882751465e-01
8.314888179302215576e-02 2.630057334899902344e-01
5.083877444267272949e-01 2.998376488685607910e-01
4.534037113189697266e-01 5.167486667633056641e-01
5.300670266151428223e-01 2.727403044700622559e-01
7.123543620109558105e-01 6.038324236869812012e-01
5.381797552108764648e-01 5.719416737556457520e-01
1.469248440116643906e-02 6.342898011207580566e-01
3.761006593704223633e-01 5.430492758750915527e-01
1.539266705513000488e-01 4.534471631050109863e-01
1.780480593442916870e-01 2.363118678331375122e-01
5.812307596206665039e-01 2.780896127223968506e-01
1.600306332111358643e-01 8.975951671600341797e-01
4.823000133037567139e-01 4.458648264408111572e-01
7.133874893188476562e-01 7.029733061790466309e-01
3.285351395606994629e-01 9.776562452316284180e-01
7.873474359512329102e-01 1.972389072179794312e-01
6.140266656875610352e-01 6.466079354286193848e-01
8.529443740844726562e-01 4.109044969081878662e-01
2.278829216957092285e-01 2.391691654920578003e-01
5.632005333900451660e-01 5.275437831878662109e-01
8.208656311035156250e-01 7.776408791542053223e-01
8.311892747879028320e-01 5.792064070701599121e-01
6.573838591575622559e-01 7.112292051315307617e-01
4.358370006084442139e-01 7.184250950813293457e-01
8.525299429893493652e-01 4.372099936008453369e-01
3.931429386138916016e-01 9.412569403648376465e-01
9.777300357818603516e-01 1.032651290297508240e-01
1.922300308942794800e-01 8.883420228958129883e-01
7.536178231239318848e-01 7.551100850105285645e-01
9.708642214536666870e-02 3.213753402233123779e-01
2.382665425539016724e-01 9.279491305351257324e-01
9.952655434608459473e-01 4.204005897045135498e-01
2.655636668205261230e-01 9.691116958856582642e-02
8.976485133171081543e-01 4.051862657070159912e-01
4.353451728820800781e-02 5.583636164665222168e-01
9.337715059518814087e-02 9.976078867912292480e-01
5.582253932952880859e-01 3.298371434211730957e-01
4.164613485336303711e-01 1.072325631976127625e-01
6.331428289413452148e-01 5.892717838287353516e-01
9.519765377044677734e-01 8.485642671585083008e-01
9.866454601287841797e-01 3.538713157176971436e-01
7.414561510086059570e-01 1.942966729402542114e-01
5.248160958290100098e-01 8.056271672248840332e-01
1.925482600927352905e-01 9.128096103668212891e-01
7.327622175216674805e-01 9.669783115386962891e-01
6.911138892173767090e-01 5.761160515248775482e-03
2.735146880149841309e-01 8.320639133453369141e-01
6.780264377593994141e-01 1.809215992689132690e-01
7.232628464698791504e-01 1.402682811021804810e-01
2.373513430356979370e-01 1.327303610742092133e-02
6.430938094854354858e-02 6.276081800460815430e-01
1.378488242626190186e-01 3.311811089515686035e-01
7.597497105598449707e-01 4.273156821727752686e-02
3.428413271903991699e-01 1.164040639996528625e-01
7.722819447517395020e-01 4.658250510692596436e-01
9.117923378944396973e-01 4.906192123889923096e-01
7.199506759643554688e-01 9.945374727249145508e-02
8.241543769836425781e-01 3.737235963344573975e-01
1.726108044385910034e-01 5.189201235771179199e-02
6.562893986701965332e-01 1.001516133546829224e-01
6.882696747779846191e-01 4.049270600080490112e-02
3.204631805419921875e-01 9.457734227180480957e-01
6.759117841720581055e-01 6.287524104118347168e-01
4.078219830989837646e-01 7.819262892007827759e-02
5.286855623126029968e-02 5.229442194104194641e-02
1.356287449598312378e-01 6.618575453758239746e-01
2.476184628903865814e-02 5.661645531654357910e-01
2.538561522960662842e-01 5.249986648559570312e-01
4.134041666984558105e-01 4.292097315192222595e-02
9.894144535064697266e-01 1.656218767166137695e-01
7.220308184623718262e-01 3.516648113727569580e-01
9.105708599090576172e-01 7.391992211341857910e-01
4.435542225837707520e-01 1.645606011152267456e-01
2.672031521797180176e-01 5.012854933738708496e-01
3.309159874916076660e-01 4.734583795070648193e-01
1.324435472488403320e-01 6.837168931961059570e-01
2.355460077524185181e-01 4.553426429629325867e-02
4.002814888954162598e-01 7.794200778007507324e-01
4.059681296348571777e-01 6.677744984626770020e-01
8.102542161941528320e-02 4.537507593631744385e-01
9.462488293647766113e-01 6.751999258995056152e-02
1.819716244935989380e-01 6.393060684204101562e-01
5.691001415252685547e-01 9.846200942993164062e-01
2.545214258134365082e-02 7.921279072761535645e-01
4.730000793933868408e-01 7.676614522933959961e-01
1.345211565494537354e-01 8.084113895893096924e-02
9.767953753471374512e-01 7.515329122543334961e-01
9.254456311464309692e-02 6.321384310722351074e-01
7.825851440429687500e-01 8.622135221958160400e-02
7.208054661750793457e-01 3.346299529075622559e-01
6.703884005546569824e-01 7.974776625633239746e-01
5.744535326957702637e-01 5.871176123619079590e-01
7.164162993431091309e-01 8.896385431289672852e-01
8.515185117721557617e-02 8.694763481616973877e-02
7.302576303482055664e-02 7.775841355323791504e-01
5.441473424434661865e-02 2.489266842603683472e-01
2.168928235769271851e-01 4.754029810428619385e-01
8.311160802841186523e-01 9.104637503623962402e-01
2.339093685150146484e-01 1.906499266624450684e-01
1.804585382342338562e-02 2.983633577823638916e-01
5.763615965843200684e-01 4.336196184158325195e-01
3.462259769439697266e-01 3.324913382530212402e-01
5.172687172889709473e-01 1.002184376120567322e-01
2.107158601284027100e-01 7.470607161521911621e-01
7.716878056526184082e-01 7.089265584945678711e-01
1.687600463628768921e-01 6.722180247306823730e-01
3.176124393939971924e-01 5.924649834632873535e-01
2.922467589378356934e-01 8.351235389709472656e-01
3.156010508537292480e-01 6.825400590896606445e-01
2.761090099811553955e-01 9.400423169136047363e-01
3.443048894405364990e-01 6.749794483184814453e-01
1.324843168258666992e-01 8.153505921363830566e-01
9.102131128311157227e-01 5.075800418853759766e-01
4.447536766529083252e-01 7.229822129011154175e-02
8.969117999076843262e-01 1.684650927782058716e-01
5.021908879280090332e-01 1.535417884588241577e-01
4.027551412582397461e-01 1.714015752077102661e-01
4.830006957054138184e-01 1.618399918079376221e-01
9.074538946151733398e-01 8.148298859596252441e-01
6.996791362762451172e-01 1.842116862535476685e-01
9.800208806991577148e-01 1.448691040277481079e-01
9.422132372856140137e-01 1.499928683042526245e-01
5.636805891990661621e-01 2.461529709398746490e-02
7.130416035652160645e-01 8.039059042930603027e-01
5.618726611137390137e-01 5.057877898216247559e-01
7.201811075210571289e-01 4.046519398689270020e-01
1.021811924874782562e-02 1.733269393444061279e-01
3.532059490680694580e-01 8.341473937034606934e-01
5.966354608535766602e-01 4.383140206336975098e-01
9.910311102867126465e-01 8.181765675544738770e-01
1.206481009721755981e-01 5.543057322502136230e-01
5.938779711723327637e-01 7.100988030433654785e-01
7.393251061439514160e-01 4.852273166179656982e-01
1.153182983398437500e-02 4.464372694492340088e-01
6.545294076204299927e-02 4.790858328342437744e-01
9.855383038520812988e-01 6.744666695594787598e-01
5.802847445011138916e-02 4.538275301456451416e-01
7.537887096405029297e-01 1.137894317507743835e-01
6.890876293182373047e-01 2.256496101617813110e-01
3.694559931755065918e-01 4.090350568294525146e-01
3.775115683674812317e-02 8.862310647964477539e-01
8.269295096397399902e-01 6.566317081451416016e-01
7.896293997764587402e-01 5.642817020416259766e-01
1.957024782896041870e-01 5.691764354705810547e-01
2.025439590215682983e-01 2.429329156875610352e-01
1.644806712865829468e-01 9.569339156150817871e-01
3.863896131515502930e-01 6.220362782478332520e-01
2.884954512119293213e-01 7.439382076263427734e-01
1.495120227336883545e-01 4.027098715305328369e-01
8.797410130500793457e-01 8.902660012245178223e-01
1.038647517561912537e-01 4.295051991939544678e-01
7.756367921829223633e-01 6.854423880577087402e-01
6.637649536132812500e-01 4.451042413711547852e-02
1.104903966188430786e-01 6.086019873619079590e-01
7.054602503776550293e-01 3.155030608177185059e-01
9.473972767591476440e-02 7.675291895866394043e-01
8.293424248695373535e-01 4.091012179851531982e-01
9.915279746055603027e-01 9.004938602447509766e-01
6.904709935188293457e-01 4.578880071640014648e-01
1.382257193326950073e-01 4.676530957221984863e-01
4.849145710468292236e-01 6.063879132270812988e-01
3.304490149021148682e-01 5.181573033332824707e-01
2.818492054939270020e-01 9.698799848556518555e-01
4.256926774978637695e-01 9.007964730262756348e-01
2.016526013612747192e-01 3.617211580276489258e-01
6.789093613624572754e-01 3.496416509151458740e-01
5.816825628280639648e-01 4.603478908538818359e-01
2.844558954238891602e-01 5.982312560081481934e-01
7.245653271675109863e-01 2.640411555767059326e-01
1.978635489940643311e-01 1.615564823150634766e-01
4.672685861587524414e-01 4.022257030010223389e-01
8.590297102928161621e-01 6.273951530456542969e-01
2.960519790649414062e-01 1.207716241478919983e-01
3.254625499248504639e-01 8.193030953407287598e-02
2.267215996980667114e-01 9.044212102890014648e-01
4.324457049369812012e-02 3.363874852657318115e-01
4.878888428211212158e-01 5.502687096595764160e-01
5.559355020523071289e-01 9.521666765213012695e-01
2.731915414333343506e-01 8.866015076637268066e-01
8.168460726737976074e-01 8.503267765045166016e-01
5.306950807571411133e-01 2.459749430418014526e-01
6.705207228660583496e-01 4.210738837718963623e-01
5.590270757675170898e-01 7.772300243377685547e-01
5.375963449478149414e-01 7.177578806877136230e-01
7.322200536727905273e-01 5.613583326339721680e-01
7.788850665092468262e-01 3.679486513137817383e-01
7.497787475585937500e-01 8.443028330802917480e-01
7.673904895782470703e-01 9.790728092193603516e-01
1.868001967668533325e-01 2.460779249668121338e-01
5.388339757919311523e-01 2.924046246334910393e-03
4.667205810546875000e-01 9.713205099105834961e-01
6.525142192840576172e-01 7.591744065284729004e-01
3.539592921733856201e-01 9.889110326766967773e-01
2.618257403373718262e-01 5.704756379127502441e-01
3.646473586559295654e-01 3.560798242688179016e-02
3.537111282348632812e-01 8.840247392654418945e-01
2.856924831867218018e-01 2.968585789203643799e-01
8.171790838241577148e-01 5.871057510375976562e-04
8.457193970680236816e-01 7.466965317726135254e-01
2.856388688087463379e-01 2.164484113454818726e-01
6.024815440177917480e-01 5.827258229255676270e-01
6.814563870429992676e-01 3.127351999282836914e-01
3.948330879211425781e-01 4.161869883537292480e-01
1.272947490215301514e-01 9.591310620307922363e-01
6.468045711517333984e-01 6.749863028526306152e-01
1.950334459543228149e-01 2.085517942905426025e-01
5.987586975097656250e-01 1.810536836273968220e-03
9.538985490798950195e-01 5.077852308750152588e-02
6.965474486351013184e-01 1.180677413940429688e-01
5.895436406135559082e-01 6.323140859603881836e-01
2.503081858158111572e-01 2.154261171817779541e-01
9.823535084724426270e-01 9.414752125740051270e-01
7.973191142082214355e-01 8.495929837226867676e-01
8.811205625534057617e-01 1.900514066219329834e-01
2.457076758146286011e-01 7.015642523765563965e-01
9.934874176979064941e-01 5.716049075126647949e-01
4.724253118038177490e-01 2.891703546047210693e-01
1.572588980197906494e-01 8.361683785915374756e-02
8.263271301984786987e-02 4.540961235761642456e-02
2.573789656162261963e-01 6.178374886512756348e-01
2.919780015945434570e-01 4.778049886226654053e-01
7.526726722717285156e-01 6.555740237236022949e-01
3.007124662399291992e-01 4.595025181770324707e-01
1.884227395057678223e-01 7.876254320144653320e-01
6.772026419639587402e-02 8.206349611282348633e-02
8.232395052909851074e-01 8.249683380126953125e-01
8.182256817817687988e-01 8.593241125345230103e-02
2.777401506900787354e-01 6.936645507812500000e-01
3.340106606483459473e-01 1.233024001121520996e-01
4.815123975276947021e-01 7.637222111225128174e-02
7.058234214782714844e-01 8.726583719253540039e-01
1.680828630924224854e-01 7.836129665374755859e-01
7.186386585235595703e-01 2.423265874385833740e-01
1.757595241069793701e-01 9.901471138000488281e-01
5.725125670433044434e-01 1.791832596063613892e-01
4.194569289684295654e-01 7.895908355712890625e-01
2.501792646944522858e-02 2.704710364341735840e-01
6.007448434829711914e-01 2.281392365694046021e-01
4.157510772347450256e-02 7.148922681808471680e-01
8.582624793052673340e-02 2.499459385871887207e-01
3.080229759216308594e-01 3.026253283023834229e-01
7.406748086214065552e-02 9.152689576148986816e-01
4.117354452610015869e-01 7.045397758483886719e-01
6.812673807144165039e-01 5.182746648788452148e-01
6.488505750894546509e-02 8.675507269799709320e-03
2.526845932006835938e-01 5.569041371345520020e-01
1.812670379877090454e-01 5.862659215927124023e-01
2.724701762199401855e-01 9.048389792442321777e-01
7.919531464576721191e-01 5.268667936325073242e-01
9.679712653160095215e-01 3.875057697296142578e-01
9.155154228210449219e-01 2.685665488243103027e-01
9.187679290771484375e-01 5.668741464614868164e-01
1.503354460000991821e-01 9.038270115852355957e-01
1.477336883544921875e-02 3.403480648994445801e-01
8.673766851425170898e-01 7.287092208862304688e-01
9.144273996353149414e-01 6.131641864776611328e-01
8.464733362197875977e-01 6.864196658134460449e-01
5.346114039421081543e-01 9.353890419006347656e-01
4.409610331058502197e-01 6.260236501693725586e-01
2.225199192762374878e-01 1.325182020664215088e-01
4.570566713809967041e-01 4.536538720130920410e-01
2.542859017848968506e-01 2.810058891773223877e-01
6.559603214263916016e-01 3.161580860614776611e-01
6.860390305519104004e-01 5.847898721694946289e-01
6.458657979965209961e-01 2.395367473363876343e-01
6.016011834144592285e-01 2.985189259052276611e-01
2.459388375282287598e-01 3.559812605381011963e-01
2.710529863834381104e-01 4.214676916599273682e-01
3.540303111076354980e-01 7.118808627128601074e-01
1.369964331388473511e-01 4.358873516321182251e-02
2.766653895378112793e-01 8.967302739620208740e-02
5.147392153739929199e-01 3.344317153096199036e-02
3.057781159877777100e-01 6.186265349388122559e-01
2.399933636188507080e-01 1.658479422330856323e-01
7.345775961875915527e-01 6.008497476577758789e-01
1.010254919528961182e-01 5.885336399078369141e-01
4.115604460239410400e-01 6.727392673492431641e-01
3.907299786806106567e-02 3.116549253463745117e-01
1.216744557023048401e-01 6.377182006835937500e-01
6.038163304328918457e-01 9.551593661308288574e-01
7.370267510414123535e-01 9.019402861595153809e-01
1.594972014427185059e-01 6.314478516578674316e-01
9.598690867424011230e-01 4.697976410388946533e-01
3.586910665035247803e-01 2.430876046419143677e-01
9.347207099199295044e-02 5.039204955101013184e-01
6.218372583389282227e-01 1.971680968999862671e-01
1.223303973674774170e-01 3.838843703269958496e-01
3.805547654628753662e-01 1.579083353281021118e-01
2.334526777267456055e-01 1.500126440078020096e-02
5.237480998039245605e-01 3.786729872226715088e-01
2.289662323892116547e-02 6.894968748092651367e-01
9.822558164596557617e-01 5.036658644676208496e-01
7.583815455436706543e-01 5.884093642234802246e-01
8.357133269309997559e-01 7.094041109085083008e-01
9.718888998031616211e-01 5.704033374786376953e-01
1.018970683217048645e-01 2.029855549335479736e-01
1.098789125680923462e-01 9.632415771484375000e-01
7.320905476808547974e-02 1.326467841863632202e-01
2.184706330299377441e-01 4.215584099292755127e-01
9.335620403289794922e-01 2.953889966011047363e-01
2.308020293712615967e-01 7.259778380393981934e-01
9.597234129905700684e-01 3.055016398429870605e-01
4.730691909790039062e-01 7.875848412513732910e-01
2.108630388975143433e-01 8.701996803283691406e-01
6.878806948661804199e-01 9.522218108177185059e-01
8.813586831092834473e-01 3.741969466209411621e-01
7.521542310714721680e-01 2.871959507465362549e-01
1.556850075721740723e-01 2.023590505123138428e-01
5.872119069099426270e-01 8.723644614219665527e-01
5.658937692642211914e-01 4.839560091495513916e-01
4.982084035873413086e-01 7.424247860908508301e-01
4.895497113466262817e-03 1.427113637328147888e-02
3.362732529640197754e-01 2.174408584833145142e-01
6.507695913314819336e-01 5.295935273170471191e-01
5.714674592018127441e-01 7.905434966087341309e-01
9.427216053009033203e-01 9.556516408920288086e-01
7.865043282508850098e-01 9.443024396896362305e-01
8.255366981029510498e-02 3.678909540176391602e-01
8.908734917640686035e-01 2.950659692287445068e-01
2.572048008441925049e-01 2.435445785522460938e-04
4.701171815395355225e-01 4.802419543266296387e-01
8.834267258644104004e-01 5.398439168930053711e-01
7.118356972932815552e-02 1.936323940753936768e-01
4.120480269193649292e-02 2.242002189159393311e-01
3.735413542017340660e-03 9.934684634208679199e-01
4.022723138332366943e-01 4.472184181213378906e-01
5.478731393814086914e-01 4.497530162334442139e-01
5.538181662559509277e-01 7.370180487632751465e-01
3.261165916919708252e-01 7.188228964805603027e-01
6.452780961990356445e-01 4.736290872097015381e-01
9.876725077629089355e-01 5.409386157989501953e-01
6.255034208297729492e-01 8.751869201660156250e-02
5.204022526741027832e-01 8.229687213897705078e-01
9.589601755142211914e-01 7.402842640876770020e-01
4.565344452857971191e-01 3.148879408836364746e-01
4.014411568641662598e-02 3.634135723114013672e-01
3.218746781349182129e-01 5.562322139739990234e-01
9.394804835319519043e-01 1.221167668700218201e-01
6.159633398056030273e-01 2.631950080394744873e-01
7.340854406356811523e-01 9.321216940879821777e-01
4.588320851325988770e-01 2.014715373516082764e-01
8.659825921058654785e-01 1.786199584603309631e-02
1.840828359127044678e-01 3.318386077880859375e-01
4.205273389816284180e-01 2.570654749870300293e-01
8.793453574180603027e-01 3.812988400459289551e-01
1.089957579970359802e-01 3.587481677532196045e-01
7.177145481109619141e-01 5.695910453796386719e-01
3.425944745540618896e-01 6.100035905838012695e-01
5.907207727432250977e-01 3.772890865802764893e-01
1.086014136672019958e-01 1.351401507854461670e-01
8.659536242485046387e-01 2.070211172103881836e-01
9.210000634193420410e-01 2.365568280220031738e-01
8.385788798332214355e-01 4.574343562126159668e-01
3.161289989948272705e-01 9.030484557151794434e-01
2.038552053272724152e-02 8.528779149055480957e-01
9.189727306365966797e-01 3.086746931076049805e-01
1.359115689992904663e-01 7.217082381248474121e-01
4.362038671970367432e-01 5.316644310951232910e-01
1.640693694353103638e-01 8.325064182281494141e-01
9.560919404029846191e-01 9.239776730537414551e-01
9.767929315567016602e-01 4.782529771327972412e-01
9.248867034912109375e-01 1.235737726092338562e-01
4.706488549709320068e-01 3.297167718410491943e-01
6.629212498664855957e-01 8.769524097442626953e-01
2.403544634580612183e-01 3.484469056129455566e-01
7.301575541496276855e-01 6.629121899604797363e-01
6.253217458724975586e-01 4.792863130569458008e-01
3.509338945150375366e-02 2.334929071366786957e-02
4.204874634742736816e-01 4.241509437561035156e-01
2.870254814624786377e-01 7.152478098869323730e-01
3.927217796444892883e-03 9.297832846641540527e-01
1.551224887371063232e-01 7.488773465156555176e-01
6.241781115531921387e-01 8.920729756355285645e-01
5.126692056655883789e-01 5.209273099899291992e-01
2.223733663558959961e-01 2.807113826274871826e-01
2.743793427944183350e-01 3.766234815120697021e-01
3.978788852691650391e-01 4.683633446693420410e-01
6.028581261634826660e-01 6.911513209342956543e-01
7.046927213668823242e-01 9.679939746856689453e-01
1.804404705762863159e-01 9.177891165018081665e-02
4.701190292835235596e-01 7.388182282447814941e-01
5.981146097183227539e-01 7.540668845176696777e-01
3.542391657829284668e-01 7.611154317855834961e-01
5.635811686515808105e-01 2.207844853401184082e-01
6.827075481414794922e-01 4.932642579078674316e-01
1.489490270614624023e-01 3.530471622943878174e-01
6.240542531013488770e-01 1.644166111946105957e-01
1.005474478006362915e-01 1.068286746740341187e-01
7.086492180824279785e-01 2.998191416263580322e-01
9.107205867767333984e-01 6.868883967399597168e-01
3.272893726825714111e-01 8.797394633293151855e-01
2.138492017984390259e-01 7.705953121185302734e-01
9.592583179473876953e-01 4.319288432598114014e-01
3.778887093067169189e-01 1.251272857189178467e-01
3.384471535682678223e-01 2.005306035280227661e-01
6.876310110092163086e-01 8.962199091911315918e-01
9.594982862472534180e-01 2.365345805883407593e-01
4.463897645473480225e-01 8.179367184638977051e-01
8.997140526771545410e-01 5.770590305328369141e-01
1.475054491311311722e-02 9.704225659370422363e-01
9.867926836013793945e-01 1.875432431697845459e-01
9.004264473915100098e-01 7.878245115280151367e-01
7.707911133766174316e-01 8.819750547409057617e-01
4.702900946140289307e-01 4.906991720199584961e-01
2.817091643810272217e-01 5.710868164896965027e-02
7.257795929908752441e-01 4.781922101974487305e-01
9.941662549972534180e-01 2.313531488180160522e-01
6.907072067260742188e-01 2.396829873323440552e-01
8.948335647583007812e-01 6.261780858039855957e-01
1.831907480955123901e-01 4.431510567665100098e-01
6.429153084754943848e-01 7.351344227790832520e-01
5.665050074458122253e-02 2.965688109397888184e-01
9.528874605894088745e-02 1.772928088903427124e-01
1.466351151466369629e-01 3.236932754516601562e-01
5.890865325927734375e-01 8.608047366142272949e-01
2.622796595096588135e-01 4.630833268165588379e-01
2.576220333576202393e-01 4.304049015045166016e-01
6.767499446868896484e-02 8.567571640014648438e-01
8.256897926330566406e-01 5.044354200363159180e-01
3.827309608459472656e-01 7.389423251152038574e-01
6.530090570449829102e-01 5.655903220176696777e-01
9.196486473083496094e-01 4.316354095935821533e-01
9.390021562576293945e-01 4.948133528232574463e-01
7.560992240905761719e-02 1.244540587067604065e-01
8.890107274055480957e-01 9.074213355779647827e-02
4.567988514900207520e-01 9.498298764228820801e-01
9.263700842857360840e-01 3.653129562735557556e-02
8.732978701591491699e-01 7.086709141731262207e-01
2.410278171300888062e-01 7.951599955558776855e-01
2.867151200771331787e-01 1.335710752755403519e-02
2.208915054798126221e-01 5.770264863967895508e-01
5.063262581825256348e-01 7.635036110877990723e-01
8.270415067672729492e-01 4.148630797863006592e-02
2.758197784423828125e-01 1.827307492494583130e-01
1.632631123065948486e-01 1.473511904478073120e-01
7.906607985496520996e-01 9.935283660888671875e-01
2.208819985389709473e-01 4.965072274208068848e-01
8.985654115676879883e-01 3.306030631065368652e-01
7.331980466842651367e-01 2.242187969386577606e-02
2.883919179439544678e-01 3.393292725086212158e-01
6.502487063407897949e-01 6.232271790504455566e-01
9.807124733924865723e-01 4.169577360153198242e-01
2.695164978504180908e-01 5.412864089012145996e-01
4.593252763152122498e-02 1.367049664258956909e-01
7.687092423439025879e-01 5.067067742347717285e-01
4.555622339248657227e-01 6.240367889404296875e-03
2.386350780725479126e-01 9.708126783370971680e-01
7.233420610427856445e-01 7.727056145668029785e-01
2.933241724967956543e-01 8.583246469497680664e-01
9.897647500038146973e-01 8.441420197486877441e-01
1.854435056447982788e-01 4.076290428638458252e-01
3.229391872882843018e-01 9.019494056701660156e-03
1.137144565582275391e-01 6.879709362983703613e-01
6.670509576797485352e-01 8.081020712852478027e-01
3.568774163722991943e-01 7.883556187152862549e-02
7.728095650672912598e-01 3.336656093597412109e-01
7.945232987403869629e-01 1.065415143966674805e-01
4.398936629295349121e-01 5.987524986267089844e-03
4.289254844188690186e-01 7.628470659255981445e-01
4.729161560535430908e-01 2.538210153579711914e-01
7.129622697830200195e-01 4.661174416542053223e-01
7.086436152458190918e-01 7.186854481697082520e-01
