8.087767958641052246e-01 7.667661309242248535e-01
6.143923997879028320e-01 4.110259115695953369e-01
5.539640784263610840e-01 7.733687162399291992e-01
9.541627764701843262e-01 6.510230898857116699e-01
3.748542368412017822e-01 3.126528859138488770e-01
5.943824648857116699e-01 8.572993278503417969e-01
5.388010665774345398e-02 3.540894091129302979e-01
5.471945181488990784e-02 7.946806550025939941e-01
1.380918920040130615e-01 8.246755599975585938e-01
9.218013286590576172e-01 7.217776775360107422e-01
8.382642269134521484e-01 2.296400815248489380e-02
8.193545341491699219e-01 2.664462924003601074e-01
4.319385886192321777e-01 4.338818788528442383e-01
7.669854164123535156e-02 7.190489172935485840e-01
9.584036469459533691e-01 5.707479119300842285e-01
2.916691005229949951e-01 2.401829659938812256e-01
5.542086362838745117e-01 3.302669823169708252e-01
2.021677941083908081e-01 4.962119758129119873e-01
6.961995959281921387e-01 8.419186472892761230e-01
4.086868166923522949e-01 4.569751024246215820e-01
7.218506932258605957e-01 5.450660586357116699e-01
1.356773674488067627e-01 4.496550858020782471e-01
9.908307194709777832e-01 1.995729655027389526e-01
3.054169714450836182e-01 9.559328556060791016e-01
4.739995002746582031e-01 4.619591236114501953e-01
2.637243568897247314e-01 8.044235706329345703e-01
4.852462559938430786e-02 7.599141597747802734e-01
8.385617136955261230e-01 5.852805972099304199e-01
5.644290447235107422e-01 5.014121532440185547e-02
7.576200366020202637e-02 9.976966977119445801e-01
1.712445616722106934e-01 7.928881794214248657e-03
2.334426492452621460e-01 8.816158771514892578e-01
5.956966876983642578e-01 3.590852916240692139e-01
9.610019326210021973e-01 7.265691757202148438e-01
1.520982533693313599e-01 6.876910477876663208e-02
2.552473247051239014e-01 5.627937987446784973e-02
7.877011895179748535e-01 2.417151480913162231e-01
1.100307703018188477e-01 5.611997246742248535e-01
3.637385964393615723e-01 7.034683227539062500e-01
8.962676525115966797e-01 2.159907296299934387e-02
1.543040722608566284e-01 9.923360943794250488e-01
9.828259944915771484e-01 9.526965022087097168e-01
9.416385293006896973e-01 2.548563778400421143e-01
7.702778577804565430e-01 3.042683303356170654e-01
3.217464089393615723e-01 3.897186815738677979e-01
3.707703053951263428e-01 3.759746905416250229e-03
9.203296303749084473e-01 1.355632096529006958e-01
8.149833977222442627e-02 8.814449906349182129e-01
2.411023229360580444e-01 7.428301572799682617e-01
1.587982624769210815e-01 6.371370553970336914e-01
5.200306326150894165e-02 4.274359345436096191e-01
8.574811816215515137e-01 5.577956438064575195e-01
9.165129661560058594e-01 6.703684329986572266e-01
8.595981597900390625e-01 9.560046792030334473e-01
7.317746430635452271e-02 5.677444115281105042e-02
4.557787477970123291e-01 7.970070242881774902e-01
3.604982793331146240e-01 2.764242291450500488e-01
4.714027345180511475e-01 5.001054704189300537e-02
5.548030734062194824e-01 1.360781490802764893e-01
4.601724743843078613e-01 3.792217075824737549e-01
7.245769500732421875e-01 6.497122049331665039e-01
3.594411015510559082e-01 2.462284564971923828e-01
8.003271818161010742e-01 9.438211917877197266e-01
5.538590550422668457e-01 8.552057296037673950e-02
9.407707452774047852e-01 6.234196573495864868e-02
8.356906175613403320e-01 6.357337832450866699e-01
8.027734756469726562e-01 9.981961250305175781e-01
6.263238787651062012e-01 5.994765162467956543e-01
6.655592322349548340e-01 7.569984793663024902e-01
9.087027907371520996e-01 2.912010848522186279e-01
8.615798950195312500e-01 8.304705619812011719e-01
7.459063529968261719e-01 7.076441645622253418e-01
1.252559125423431396e-01 2.728685140609741211e-01
6.277573704719543457e-01 7.272931337356567383e-01
2.671818733215332031e-01 1.370692439377307892e-02
9.628395438194274902e-01 9.003077149391174316e-01
2.218091636896133423e-01 3.946667164564132690e-02
6.230879426002502441e-01 7.902446389198303223e-01
1.745409965515136719e-01 1.826170086860656738e-01
2.412000894546508789e-01 6.926163434982299805e-01
1.380443572998046875e-03 9.302493929862976074e-01
6.185479164123535156e-01 5.308442115783691406e-01
3.958504796028137207e-01 7.049860954284667969e-01
4.848327338695526123e-01 9.427911639213562012e-01
8.416039943695068359e-01 6.161822676658630371e-01
7.698655826970934868e-04 5.729818940162658691e-01
9.405087232589721680e-01 5.131651759147644043e-01
7.049374580383300781e-01 3.461538553237915039e-01
5.260035395622253418e-01 4.432053864002227783e-02
6.131293773651123047e-01 4.844574630260467529e-01
5.842193961143493652e-01 5.299348235130310059e-01
2.887514233589172363e-01 5.689511075615882874e-02
8.930546641349792480e-01 7.784628868103027344e-02
8.016018271446228027e-01 3.508725017309188843e-02
9.437544345855712891e-01 1.660933047533035278e-01
7.852274775505065918e-01 6.668522953987121582e-01
1.119717359542846680e-01 8.155376315116882324e-01
5.755142569541931152e-01 8.438538908958435059e-01
2.871518135070800781e-01 8.234355449676513672e-01
9.935470670461654663e-02 2.299412786960601807e-01
1.783655881881713867e-01 8.797021508216857910e-01
7.073468565940856934e-01 3.851186111569404602e-02
2.994082570075988770e-01 3.868199884891510010e-01
2.024998664855957031e-01 5.845813155174255371e-01
9.988629817962646484e-01 2.753468155860900879e-01
7.746607661247253418e-01 2.419443875551223755e-01
6.794700622558593750e-01 8.022792935371398926e-01
1.212785243988037109e-01 2.029898911714553833e-01
4.755977392196655273e-01 4.831194877624511719e-02
9.702455997467041016e-01 1.995379775762557983e-01
5.190967321395874023e-01 5.923163890838623047e-01
8.199492096900939941e-01 4.195034205913543701e-01
7.227084636688232422e-01 2.377905696630477905e-01
5.423119068145751953e-01 3.640225529670715332e-01
8.376529216766357422e-01 9.351908564567565918e-01
1.662908941507339478e-01 7.002245187759399414e-01
3.493525460362434387e-02 6.942554116249084473e-01
5.395095348358154297e-01 4.199016690254211426e-01
9.784340858459472656e-03 9.526594281196594238e-01
1.063321083784103394e-01 3.685222566127777100e-01
3.608068823814392090e-01 4.864659011363983154e-01
5.698640346527099609e-01 3.505765497684478760e-01
6.254466772079467773e-01 3.357088565826416016e-01
1.477948874235153198e-01 4.399336129426956177e-02
8.883231282234191895e-01 3.507564365863800049e-01
4.410846233367919922e-01 1.993207484483718872e-01
5.568986535072326660e-01 5.672083497047424316e-01
3.832270205020904541e-02 8.649319410324096680e-01
1.520885825157165527e-01 5.133232474327087402e-01
6.143611073493957520e-01 7.738412022590637207e-01
3.933525681495666504e-01 5.740717649459838867e-01
4.839291796088218689e-02 3.158425390720367432e-01
5.382072329521179199e-01 8.626578450202941895e-01
1.118791922926902771e-01 9.841899871826171875e-01
3.725739717483520508e-01 8.724727630615234375e-01
8.321367502212524414e-01 8.753064274787902832e-02
4.250529408454895020e-01 7.244995832443237305e-01
9.820541739463806152e-01 9.885180592536926270e-01
5.341055989265441895e-01 4.995112419128417969e-01
8.509443700313568115e-02 6.848585605621337891e-01
7.368640303611755371e-01 8.574584722518920898e-01
1.308379024267196655e-01 6.666951775550842285e-01
9.311764836311340332e-01 6.175031661987304688e-01
9.208164215087890625e-01 9.792570471763610840e-01
4.176194369792938232e-01 3.828407824039459229e-01
5.734289288520812988e-01 4.176592230796813965e-01
3.468224108219146729e-01 5.295781493186950684e-01
7.174139618873596191e-01 2.817406952381134033e-01
1.974125951528549194e-01 2.696278691291809082e-01
1.690955907106399536e-01 5.945830345153808594e-01
5.445327162742614746e-01 5.079757571220397949e-01
7.750558257102966309e-01 5.585649982094764709e-02
8.466731905937194824e-01 3.360008001327514648e-01
6.710546612739562988e-01 7.780228555202484131e-02
4.612537026405334473e-01 2.954908087849617004e-02
6.074288487434387207e-01 2.881646454334259033e-01
7.594409584999084473e-01 9.986205101013183594e-01
8.729071021080017090e-01 5.731184482574462891e-01
6.087344288825988770e-01 9.920207262039184570e-01
7.447004318237304688e-04 6.600214242935180664e-01
4.226042032241821289e-01 5.172413587570190430e-01
4.749195575714111328e-01 3.596242964267730713e-01
5.141106843948364258e-01 9.184423685073852539e-01
8.309133648872375488e-01 5.922241508960723877e-02
2.229975163936614990e-01 1.977186352014541626e-01
4.281808137893676758e-01 3.571380078792572021e-01
8.983390927314758301e-01 3.991743922233581543e-01
7.575634717941284180e-01 7.534552812576293945e-01
4.802049398422241211e-01 6.539218425750732422e-01
8.669460415840148926e-01 5.478110313415527344e-01
9.816537499427795410e-01 4.731444716453552246e-01
9.524288177490234375e-01 3.801755979657173157e-02
7.287379354238510132e-02 7.818260192871093750e-01
1.916773803532123566e-02 3.546820878982543945e-01
4.917717278003692627e-01 9.444750547409057617e-01
6.667726039886474609e-01 6.688855290412902832e-01
2.053657174110412598e-02 8.052265644073486328e-01
4.396242499351501465e-01 4.364162087440490723e-01
8.880053758621215820e-01 9.180583953857421875e-01
7.463941574096679688e-01 2.023217678070068359e-01
4.633921086788177490e-01 4.257494509220123291e-01
3.625905811786651611e-01 4.854615777730941772e-02
1.230930015444755554e-01 9.303590059280395508e-01
5.701306462287902832e-01 2.848295867443084717e-01
4.007925391197204590e-01 1.572723537683486938e-01
4.437973797321319580e-01 1.248073801398277283e-01
5.912904143333435059e-01 6.161831021308898926e-01
7.545528411865234375e-01 1.255134493112564087e-01
1.960173100233078003e-01 4.645798504352569580e-01
1.745964139699935913e-01 5.125316381454467773e-01
3.374251723289489746e-01 4.322788715362548828e-01
5.632119774818420410e-01 9.051272869110107422e-01
9.995193481445312500e-01 7.977899909019470215e-01
2.553066015243530273e-01 6.027660369873046875e-01
7.909796237945556641e-01 3.294197916984558105e-01
2.778265476226806641e-01 8.440306782722473145e-01
3.341424465179443359e-01 7.498243451118469238e-01
1.097779646515846252e-01 1.033033430576324463e-01
6.007633805274963379e-01 9.064973592758178711e-01
5.870870947837829590e-01 4.679400920867919922e-01
6.862175464630126953e-01 2.286383956670761108e-01
4.912241697311401367e-01 3.402886986732482910e-01
9.541624188423156738e-01 9.626620411872863770e-01
7.799580097198486328e-01 9.009795188903808594e-01
9.936708211898803711e-01 9.042499065399169922e-01
9.733356833457946777e-01 7.991402745246887207e-01
3.106635212898254395e-01 7.057512402534484863e-01
4.420191943645477295e-01 7.118068933486938477e-01
2.026547491550445557e-01 5.481525063514709473e-01
3.763782680034637451e-01 7.154858708381652832e-01
3.091729879379272461e-01 2.858795225620269775e-01
8.186670541763305664e-01 1.528123319149017334e-01
8.303865790367126465e-01 7.785606384277343750e-01
6.936439871788024902e-01 4.201781451702117920e-01
2.089804559946060181e-01 2.956881821155548096e-01
3.639889657497406006e-01 9.387316107749938965e-01
2.511100471019744873e-01 9.109405875205993652e-01
2.933433353900909424e-01 3.544870018959045410e-01
8.870263099670410156e-01 8.620200157165527344e-01
3.539266586303710938e-01 8.711007237434387207e-01
9.773017466068267822e-02 1.585863679647445679e-01
7.709647417068481445e-01 4.607930779457092285e-01
4.730433821678161621e-01 5.443791747093200684e-01
4.128566086292266846e-01 5.605772733688354492e-01
7.273793220520019531e-01 6.674021482467651367e-01
3.623011708259582520e-01 3.484776616096496582e-01
3.537184894084930420e-01 7.783519625663757324e-01
7.433498501777648926e-01 4.898994565010070801e-01
3.512401878833770752e-01 5.564996600151062012e-01
6.517630219459533691e-01 6.463074088096618652e-01
7.779269814491271973e-01 2.739075124263763428e-01
7.306017875671386719e-01 4.016221165657043457e-01
5.966669693589210510e-02 2.136374562978744507e-01
7.745459079742431641e-01 6.435915827751159668e-01
9.555764496326446533e-02 6.103454232215881348e-01
9.812217950820922852e-01 3.172591626644134521e-01
7.314437627792358398e-02 3.263158500194549561e-01
9.413564205169677734e-01 1.968252509832382202e-01
7.729962468147277832e-01 1.379098892211914062e-01
7.170904427766799927e-02 2.035112082958221436e-01
8.044071793556213379e-01 9.621618390083312988e-01
8.044313192367553711e-01 4.681293070316314697e-01
9.391895532608032227e-01 3.542676270008087158e-01
2.029940336942672729e-01 8.379812240600585938e-01
9.104567170143127441e-01 6.853350400924682617e-01
7.613663077354431152e-01 7.946256995201110840e-01
9.272386431694030762e-01 2.318447828292846680e-01
7.916070222854614258e-01 7.059541940689086914e-01
4.314444661140441895e-01 2.652691490948200226e-02
8.894290924072265625e-01 6.741286516189575195e-01
8.915517330169677734e-01 9.442737698554992676e-01
4.648490250110626221e-01 2.671751976013183594e-01
4.572654664516448975e-01 9.760668873786926270e-01
3.886278569698333740e-01 3.066375851631164551e-01
3.131389617919921875e-01 6.178383231163024902e-01
9.526439309120178223e-01 8.104809522628784180e-01
6.453302502632141113e-02 9.033336639404296875e-01
7.453308105468750000e-01 5.574692040681838989e-02
6.222542524337768555e-01 2.479946911334991455e-01
1.097412556409835815e-01 6.485971808433532715e-01
6.550943851470947266e-01 4.798202812671661377e-01
4.987435340881347656e-01 4.152983129024505615e-01
8.558797240257263184e-01 5.035403370857238770e-01
9.858174324035644531e-01 8.803038001060485840e-01
2.885392010211944580e-01 6.993136405944824219e-01
1.107724830508232117e-01 4.481658935546875000e-01
4.861835241317749023e-01 2.632564008235931396e-01
7.605018019676208496e-01 4.461276829242706299e-01
7.842721343040466309e-01 3.753400743007659912e-01
8.837847113609313965e-01 7.895296216011047363e-01
8.104553818702697754e-01 6.457055807113647461e-01
2.273570746183395386e-01 5.390822887420654297e-01
2.215737104415893555e-01 4.791914522647857666e-01
3.387109339237213135e-01 7.561614364385604858e-02
1.340901702642440796e-01 3.905321359634399414e-01
5.181344151496887207e-01 5.119565129280090332e-01
2.085537314414978027e-01 9.184739589691162109e-01
8.982231616973876953e-01 5.424130558967590332e-01
6.211012601852416992e-01 2.611113786697387695e-01
9.791169166564941406e-01 6.128965616226196289e-01
6.641463637351989746e-01 1.610917747020721436e-01
5.039797425270080566e-01 8.710094094276428223e-01
1.096875891089439392e-01 1.847802661359310150e-02
1.672581136226654053e-01 3.696027696132659912e-01
3.654400706291198730e-01 7.733588814735412598e-01
6.391189694404602051e-01 3.130331933498382568e-01
3.234680593013763428e-01 3.141104876995086670e-01
6.687344312667846680e-01 3.403173089027404785e-01
7.058284878730773926e-01 3.240628540515899658e-01
4.003291726112365723e-01 7.171590328216552734e-01
9.270429611206054688e-03 3.142197728157043457e-01
3.132833242416381836e-01 7.488864660263061523e-01
9.857813268899917603e-02 3.369754925370216370e-02
6.482369899749755859e-01 2.563128173351287842e-01
3.066981732845306396e-01 6.631260514259338379e-01
7.175658941268920898e-01 6.299446821212768555e-01
3.336531519889831543e-01 8.014902472496032715e-01
5.717442035675048828e-01 7.508444190025329590e-01
2.574208676815032959e-01 7.649847120046615601e-02
4.169668555259704590e-01 5.014421343803405762e-01
2.637707591056823730e-01 2.947072088718414307e-01
7.161958813667297363e-01 9.249050021171569824e-01
7.069978117942810059e-01 1.877826899290084839e-01
3.308251500129699707e-01 3.395628929138183594e-02
9.713473916053771973e-01 8.391088247299194336e-01
6.314231753349304199e-01 2.422243915498256683e-02
9.903650283813476562e-01 4.335994422435760498e-01
9.674388170242309570e-01 3.006451725959777832e-01
1.103855296969413757e-01 3.731320053339004517e-02
6.906113028526306152e-01 7.970661520957946777e-01
7.667551040649414062e-01 3.116194345057010651e-02
4.861068725585937500e-02 2.187982648611068726e-01
1.086026728153228760e-01 9.378578066825866699e-01
8.012672066688537598e-01 8.348793983459472656e-01
7.446271777153015137e-01 5.867877006530761719e-01
5.912491083145141602e-01 9.547086358070373535e-01
5.311883091926574707e-01 3.299521803855895996e-01
3.800894320011138916e-01 5.077773332595825195e-01
2.050253450870513916e-01 1.546450108289718628e-01
4.735015928745269775e-01 2.135505974292755127e-01
9.303255081176757812e-01 3.228491246700286865e-01
7.911529541015625000e-01 8.025833964347839355e-01
5.129318833351135254e-01 6.378031373023986816e-01
4.540431201457977295e-01 9.585261344909667969e-02
8.837952613830566406e-01 6.051627397537231445e-01
4.552510380744934082e-01 9.605538845062255859e-01
6.664965748786926270e-01 2.734359204769134521e-01
3.185204863548278809e-01 4.114873409271240234e-01
8.649337887763977051e-01 6.793135404586791992e-01
1.750038713216781616e-01 6.450884938240051270e-01
8.732806444168090820e-01 1.302635967731475830e-01
5.773122310638427734e-01 7.506854832172393799e-02
3.705056905746459961e-01 6.393700242042541504e-01
3.874728083610534668e-01 5.502727627754211426e-01
2.231811434030532837e-01 2.080199718475341797e-01
7.895534634590148926e-01 8.616377711296081543e-01
4.199643433094024658e-01 5.492866411805152893e-02
6.762846112251281738e-01 9.991877675056457520e-01
9.223439693450927734e-01 7.679930925369262695e-01
8.241048455238342285e-02 6.200906038284301758e-01
4.249181151390075684e-01 9.193191528320312500e-01
8.214430809020996094e-01 2.928867936134338379e-01
7.214660048484802246e-01 4.856348037719726562e-03
8.050944805145263672e-01 5.713961720466613770e-01
3.203971982002258301e-01 9.821639060974121094e-01
7.943323254585266113e-01 5.011156797409057617e-01
5.012363791465759277e-01 1.659902632236480713e-01
8.344067931175231934e-01 1.223587766289710999e-01
5.272855162620544434e-01 6.391026973724365234e-01
3.812499046325683594e-01 8.236480355262756348e-01
7.104109525680541992e-01 6.512239575386047363e-01
4.209337830543518066e-01 3.982432484626770020e-01
3.911189138889312744e-01 9.143414497375488281e-01
3.670540079474449158e-02 6.591771841049194336e-01
8.889563083648681641e-01 6.565213799476623535e-01
1.116724237799644470e-01 4.699666798114776611e-01
3.813626468181610107e-01 4.907138645648956299e-01
1.565939784049987793e-01 6.749679446220397949e-01
7.477040290832519531e-01 8.101085424423217773e-01
7.339379191398620605e-01 8.962231874465942383e-01
6.901051998138427734e-01 2.785775661468505859e-01
3.912761062383651733e-02 9.951350837945938110e-02
5.005400776863098145e-01 9.740782976150512695e-01
2.913221418857574463e-01 7.772200107574462891e-01
8.995500802993774414e-01 9.807553887367248535e-02
9.058837592601776123e-02 2.839520871639251709e-01
3.894482553005218506e-01 9.994168281555175781e-01
6.681084036827087402e-01 4.548195749521255493e-02
5.452156662940979004e-01 8.494194746017456055e-01
2.355096042156219482e-01 9.216886758804321289e-01
1.831444501876831055e-01 4.160156846046447754e-01
7.701371908187866211e-01 7.604043483734130859e-01
5.816438794136047363e-01 5.620909929275512695e-01
9.175013303756713867e-01 8.400037884712219238e-01
6.490517854690551758e-01 1.666667908430099487e-01
7.592515945434570312e-01 8.492363095283508301e-01
2.148580253124237061e-01 3.594411015510559082e-01
4.892481267452239990e-01 2.926871180534362793e-01
1.445435583591461182e-01 1.750981062650680542e-01
2.681682705879211426e-01 9.723952412605285645e-01
7.331520915031433105e-01 5.024825334548950195e-01
2.246045134961605072e-02 5.295623093843460083e-02
1.365215927362442017e-01 2.008009999990463257e-01
3.932025730609893799e-01 9.088746458292007446e-02
1.711034476757049561e-01 5.648980736732482910e-01
7.828715443611145020e-01 4.257846474647521973e-01
1.446473002433776855e-01 2.663474380970001221e-01
9.226413965225219727e-01 5.237813591957092285e-01
5.149859189987182617e-01 4.787798523902893066e-01
1.167582534253597260e-02 1.006045415997505188e-01
9.094836711883544922e-01 8.850849866867065430e-01
6.192119121551513672e-01 3.593892455101013184e-01
8.893889188766479492e-01 5.040618181228637695e-01
2.079090476036071777e-01 3.314225077629089355e-01
9.897963404655456543e-01 3.453801153227686882e-03
6.116991639137268066e-01 6.782126426696777344e-01
7.436172366142272949e-01 2.957154810428619385e-01
3.633669912815093994e-01 3.838447928428649902e-01
2.003829181194305420e-02 2.593841254711151123e-01
6.267466545104980469e-01 6.944339871406555176e-01
4.577843248844146729e-01 5.747404098510742188e-01
2.832646667957305908e-01 5.647097826004028320e-01
4.703156352043151855e-01 8.008196353912353516e-01
2.722611129283905029e-01 1.454531848430633545e-01
4.435295760631561279e-01 5.531958341598510742e-01
5.099753141403198242e-01 2.791319787502288818e-01
3.436614573001861572e-01 1.706406772136688232e-01
5.138944983482360840e-01 8.196297883987426758e-01
7.383403182029724121e-01 5.350265502929687500e-01
8.995225429534912109e-01 2.276055067777633667e-01
1.331738233566284180e-01 7.513532638549804688e-01
5.093829631805419922e-01 7.485470771789550781e-01
9.337297677993774414e-01 5.763469338417053223e-01
6.781664490699768066e-01 2.506049536168575287e-02
1.769027113914489746e-01 1.626770496368408203e-01
8.924384713172912598e-01 2.670573890209197998e-01
6.228824257850646973e-01 8.312527537345886230e-01
1.124083250761032104e-02 8.629754781723022461e-01
1.460053622722625732e-01 9.475843310356140137e-01
4.248952865600585938e-02 6.064032912254333496e-01
6.580430269241333008e-01 4.158418178558349609e-01
6.158665418624877930e-01 1.979998797178268433e-01
2.807288467884063721e-01 2.841669023036956787e-01
9.270437359809875488e-01 9.940992593765258789e-01
4.281275346875190735e-02 4.416723921895027161e-02
8.768935203552246094e-01 1.292769163846969604e-01
3.889011740684509277e-01 6.202261447906494141e-01
4.751896560192108154e-01 5.816848278045654297e-01
4.847730696201324463e-01 3.181314468383789062e-01
1.869994550943374634e-01 7.515349388122558594e-01
4.026795923709869385e-01 3.089952170848846436e-01
7.636926770210266113e-01 9.737864136695861816e-01
8.810995817184448242e-01 7.211856842041015625e-01
2.776087820529937744e-01 5.288701653480529785e-01
7.780867218971252441e-01 3.401656448841094971e-01
9.053090214729309082e-01 4.697274565696716309e-01
3.881473839282989502e-01 6.078779101371765137e-01
4.191035926342010498e-01 8.793527483940124512e-01
7.755720019340515137e-01 7.388527989387512207e-01
7.682515382766723633e-01 9.346767514944076538e-02
8.681840896606445312e-01 6.251170039176940918e-01
8.264310359954833984e-01 7.367892265319824219e-01
3.078544735908508301e-01 6.251209378242492676e-01
8.868796229362487793e-01 4.418191015720367432e-01
6.723483800888061523e-01 6.560733318328857422e-01
4.445778131484985352e-01 1.552413702011108398e-01
8.121754527091979980e-01 7.371568083763122559e-01
4.711157679557800293e-01 8.515885472297668457e-01
2.532840073108673096e-01 3.230145871639251709e-01
5.437217950820922852e-01 5.941162109375000000e-01
3.917868137359619141e-01 7.555126547813415527e-01
6.635910272598266602e-01 8.390055298805236816e-01
8.301843702793121338e-02 9.216993451118469238e-01
1.060399264097213745e-01 1.730591058731079102e-01
6.654994487762451172e-01 6.963169574737548828e-01
9.259475469589233398e-01 9.598853588104248047e-01
2.783394753932952881e-01 7.260249853134155273e-01
8.360304236412048340e-01 6.703769564628601074e-01
5.156335830688476562e-01 1.187042593955993652e-01
2.482060194015502930e-01 8.684589266777038574e-01
6.431605219841003418e-01 9.236714839935302734e-01
5.155338048934936523e-01 3.075688779354095459e-01
5.248644351959228516e-01 3.943511247634887695e-01
7.260516285896301270e-01 7.427851557731628418e-01
8.326272368431091309e-01 3.259402811527252197e-01
9.355683922767639160e-01 8.463771939277648926e-01
3.373496234416961670e-01 3.726293146610260010e-01
2.334066182374954224e-01 3.013140521943569183e-02
8.175191283226013184e-01 8.240015804767608643e-02
2.780504226684570312e-01 6.269345283508300781e-01
9.540724158287048340e-01 8.524541854858398438e-01
5.097847580909729004e-01 7.064510583877563477e-01
2.634389996528625488e-01 4.663099348545074463e-01
4.319086074829101562e-01 9.325931072235107422e-01
8.976686596870422363e-01 7.368283271789550781e-01
4.150038659572601318e-01 1.891503483057022095e-01
9.603795409202575684e-01 4.425584673881530762e-01
5.348212122917175293e-01 9.289014339447021484e-01
6.944147944450378418e-01 4.832353591918945312e-01
3.319788277149200439e-01 5.930203795433044434e-01
1.827328801155090332e-01 9.860201478004455566e-01
1.159467548131942749e-02 7.354097366333007812e-01
6.273822784423828125e-01 6.761978268623352051e-01
8.752006292343139648e-01 2.701695859432220459e-01
8.762955665588378906e-01 6.107231378555297852e-01
9.413763880729675293e-01 3.051711618900299072e-01
1.430522501468658447e-01 3.068881928920745850e-01
9.491364359855651855e-01 5.056145191192626953e-01
4.241809546947479248e-01 8.480104207992553711e-01
9.658260941505432129e-01 2.218410521745681763e-01
1.617335341870784760e-02 1.976440101861953735e-01
3.509371876716613770e-01 4.513147287070751190e-03
1.771200299263000488e-01 2.452131956815719604e-01
6.966638565063476562e-01 3.760235607624053955e-01
4.154638350009918213e-01 3.219248950481414795e-01
4.696635305881500244e-01 6.185697913169860840e-01
5.365301370620727539e-01 2.348601967096328735e-01
6.982720494270324707e-01 2.888920903205871582e-01
7.835106551647186279e-02 8.097221851348876953e-01
7.299686074256896973e-01 8.266403526067733765e-02
1.498355865478515625e-01 8.978568315505981445e-01
8.724528551101684570e-01 7.617543637752532959e-02
5.028476119041442871e-01 8.487109541893005371e-01
6.533022522926330566e-01 7.432992458343505859e-01
2.619840800762176514e-01 3.259803950786590576e-01
8.240893483161926270e-01 8.229902982711791992e-01
3.575150966644287109e-01 2.043071240186691284e-01
2.920939028263092041e-01 1.905050277709960938e-01
2.937082387506961823e-02 2.221055179834365845e-01
5.457221269607543945e-01 1.974588036537170410e-01
4.984895586967468262e-01 7.660741209983825684e-01
1.467632502317428589e-01 5.670191645622253418e-01
3.054895997047424316e-01 9.226281046867370605e-01
7.039222717285156250e-01 8.874394297599792480e-01
2.468877434730529785e-01 8.619222640991210938e-01
6.213721632957458496e-01 1.252259910106658936e-01
1.709522902965545654e-01 5.378612279891967773e-01
9.883424639701843262e-01 1.404452025890350342e-01
6.889580488204956055e-01 5.839925408363342285e-01
2.410278655588626862e-02 5.650402903556823730e-01
7.660933732986450195e-01 5.831677317619323730e-01
7.345609664916992188e-01 7.008680701255798340e-01
7.732746656984090805e-03 2.795070968568325043e-02
5.070865154266357422e-01 2.044271528720855713e-01
6.229480504989624023e-01 2.284112125635147095e-01
6.674922704696655273e-01 9.107219576835632324e-01
4.595485925674438477e-01 5.649946331977844238e-01
4.294412136077880859e-01 5.146078467369079590e-01
7.714971899986267090e-01 1.858769357204437256e-01
4.278684854507446289e-01 1.548677831888198853e-01
1.912913322448730469e-01 3.652349710464477539e-01
3.657212555408477783e-01 2.591446042060852051e-01
2.225513160228729248e-01 3.076916635036468506e-01
7.539036870002746582e-01 2.333537042140960693e-01
7.188912034034729004e-01 3.094624355435371399e-02
2.905259467661380768e-02 4.830324351787567139e-01
2.823207676410675049e-01 4.377932846546173096e-01
4.649625122547149658e-01 8.785820007324218750e-02
3.870833218097686768e-01 8.571549654006958008e-01
2.879201471805572510e-01 3.877577371895313263e-03
7.097862958908081055e-01 4.697203636169433594e-01
8.977537751197814941e-01 1.905934661626815796e-01
9.313355684280395508e-01 8.683024644851684570e-01
4.271522760391235352e-01 2.310339361429214478e-01
9.758235216140747070e-01 3.317465186119079590e-01
1.324165333062410355e-02 6.044288873672485352e-01
5.262558460235595703e-01 1.071343719959259033e-01
3.028488457202911377e-01 7.713343203067779541e-02
7.710819244384765625e-01 5.413297414779663086e-01
5.091909766197204590e-01 4.369377493858337402e-01
1.113540679216384888e-01 7.762219309806823730e-01
1.964118778705596924e-01 8.709920048713684082e-01
2.247385233640670776e-01 9.937033653259277344e-01
9.591314196586608887e-01 3.947933912277221680e-01
7.866415381431579590e-01 1.798611283302307129e-01
1.851164698600769043e-01 6.902131438255310059e-02
5.922605991363525391e-01 9.019829630851745605e-01
6.677447557449340820e-01 8.750826716423034668e-01
4.061810672283172607e-01 2.271396070718765259e-01
2.028776705265045166e-01 6.991406083106994629e-01
3.376205265522003174e-01 8.962498307228088379e-01
4.780784621834754944e-02 4.805656671524047852e-01
5.712579488754272461e-01 4.747841656208038330e-01
8.801832050085067749e-02 5.532298088073730469e-01
8.203723430633544922e-01 5.235034823417663574e-01
9.218947291374206543e-01 7.064261436462402344e-01
9.152484536170959473e-01 4.199774265289306641e-01
5.897433683276176453e-02 6.384432315826416016e-01
7.835664749145507812e-01 4.047977551817893982e-02
7.390618324279785156e-03 4.317090809345245361e-01
5.274628996849060059e-01 4.328451156616210938e-01
8.226311802864074707e-01 4.647693037986755371e-01
7.255285978317260742e-01 5.096248984336853027e-01
4.636712968349456787e-01 9.406891465187072754e-01
3.370748162269592285e-01 7.504817247390747070e-01
5.560433864593505859e-01 8.142917156219482422e-01
6.255909204483032227e-01 9.429909586906433105e-01
5.246148705482482910e-01 6.804550290107727051e-01
5.463327765464782715e-01 1.706938445568084717e-01
2.929861545562744141e-01 2.294853180646896362e-01
1.253944039344787598e-01 1.413731873035430908e-01
6.144143342971801758e-01 1.377749592065811157e-01
3.527966141700744629e-01 2.812523841857910156e-01
6.059758067131042480e-01 4.856656193733215332e-01
2.400537729263305664e-01 2.035682201385498047e-01
7.317402362823486328e-01 7.870606184005737305e-01
6.529678702354431152e-01 7.994777560234069824e-01
3.759545683860778809e-01 8.758280277252197266e-01
1.187084168195724487e-01 3.689917922019958496e-01
1.333438456058502197e-01 5.694714784622192383e-01
8.120839595794677734e-01 4.411027133464813232e-01
5.896457433700561523e-01 3.103047236800193787e-02
6.355112791061401367e-01 6.272845268249511719e-01
1.083938404917716980e-01 4.286395311355590820e-01
5.504188537597656250e-01 7.222084999084472656e-01
3.498097658157348633e-01 6.346978545188903809e-01
4.134439826011657715e-01 6.384618878364562988e-01
8.603984117507934570e-01 2.595671713352203369e-01
9.959388375282287598e-01 1.260753870010375977e-01
6.073244810104370117e-01 6.468488574028015137e-01
8.299005627632141113e-01 9.877316653728485107e-02
7.644435763359069824e-01 1.955020576715469360e-01
8.037091493606567383e-01 5.321313142776489258e-01
3.653420805931091309e-01 6.920084953308105469e-01
8.917434215545654297e-01 8.494200706481933594e-01
2.093429714441299438e-01 1.729307323694229126e-01
3.892860710620880127e-01 8.211733698844909668e-01
8.650375008583068848e-01 4.000512883067131042e-03
9.497654438018798828e-01 6.906749010086059570e-01
8.507930040359497070e-01 9.242087602615356445e-01
1.357526928186416626e-01 3.345953524112701416e-01
6.545882225036621094e-01 9.522255063056945801e-01
7.951959371566772461e-01 8.824238181114196777e-01
7.201290130615234375e-01 4.019967615604400635e-01
5.851770639419555664e-01 2.833207510411739349e-02
9.249060153961181641e-01 1.948175579309463501e-01
8.509742021560668945e-01 3.992543816566467285e-01
1.582552343606948853e-01 7.949554324150085449e-01
2.220851629972457886e-01 9.431175589561462402e-01
1.051305681467056274e-01 9.629383087158203125e-01
6.405888199806213379e-01 5.205814242362976074e-01
4.204342663288116455e-01 9.705680012702941895e-01
5.783405303955078125e-01 4.447367787361145020e-01
8.972975611686706543e-01 5.908961892127990723e-01
7.463325262069702148e-01 9.267616271972656250e-01
9.262816309928894043e-01 9.031192660331726074e-01
5.532269477844238281e-01 9.313514232635498047e-01
3.442101776599884033e-01 1.494956612586975098e-01
4.531213939189910889e-01 9.098194837570190430e-01
4.052288085222244263e-02 9.569831490516662598e-01
2.131063342094421387e-01 7.464239597320556641e-01
3.150196075439453125e-01 8.500500023365020752e-02
7.114924788475036621e-01 2.201622724533081055e-01
8.472127914428710938e-01 9.832887649536132812e-01
5.654132962226867676e-01 9.544754028320312500e-01
7.778339982032775879e-01 9.454055428504943848e-01
1.259993016719818115e-01 3.393970727920532227e-01
3.631047308444976807e-01 9.682035446166992188e-01
8.180645704269409180e-01 6.848283410072326660e-01
1.290675848722457886e-01 6.052556633949279785e-01
3.922267258167266846e-01 2.492921203374862671e-01
5.343776345252990723e-01 7.825594544410705566e-01
2.079785242676734924e-02 7.914097905158996582e-01
4.887770414352416992e-01 4.685727655887603760e-01
6.813392043113708496e-01 5.485813021659851074e-01
6.868863701820373535e-01 5.933039188385009766e-01
4.942022860050201416e-01 1.956541538238525391e-01
9.069217443466186523e-01 1.019553616642951965e-01
1.011840179562568665e-01 7.132211923599243164e-01
6.183523684740066528e-02 1.541564911603927612e-01
8.361617326736450195e-01 8.583431839942932129e-01
9.090261459350585938e-01 3.764733672142028809e-01
4.964137077331542969e-02 6.749411821365356445e-01
5.347427129745483398e-01 7.625574469566345215e-01
8.452029824256896973e-01 8.785456418991088867e-01
3.356922566890716553e-01 1.179865747690200806e-01
2.073367536067962646e-01 1.381223946809768677e-01
4.021915495395660400e-01 5.894358158111572266e-01
3.397971689701080322e-01 8.347366452217102051e-01
3.868787586688995361e-01 4.025406241416931152e-01
9.111662954092025757e-02 3.631106913089752197e-01
4.967744946479797363e-01 7.952918410301208496e-01
8.909835815429687500e-01 4.142002761363983154e-01
1.502797156572341919e-01 7.520617246627807617e-01
6.301131844520568848e-01 2.923377752304077148e-01
2.902399301528930664e-01 1.291733831167221069e-01
9.815872311592102051e-01 5.463054180145263672e-01
4.444402158260345459e-01 7.390040159225463867e-01
9.842712283134460449e-01 5.569039583206176758e-01
3.416649997234344482e-01 1.235532909631729126e-01
5.623919367790222168e-01 9.724169969558715820e-01
6.171342357993125916e-02 5.942080020904541016e-01
8.256052732467651367e-01 5.107200741767883301e-01
6.239569783210754395e-01 4.389955401420593262e-01
2.583675384521484375e-01 7.694726586341857910e-01
1.019985079765319824e-01 8.692101836204528809e-01
8.683041334152221680e-01 1.664102673530578613e-01
9.128895401954650879e-01 1.657613813877105713e-01
6.054848432540893555e-01 5.981271266937255859e-01
9.881131649017333984e-01 7.559701204299926758e-01
8.650461435317993164e-01 4.043456315994262695e-01
4.593122601509094238e-01 8.889597058296203613e-01
9.364699721336364746e-01 1.187639310956001282e-01
7.156740427017211914e-01 6.899232864379882812e-01
5.519846677780151367e-01 9.813179373741149902e-01
3.066539764404296875e-01 3.140040934085845947e-01
1.632233858108520508e-01 1.360850334167480469e-01
9.244822859764099121e-01 9.421264380216598511e-02
2.872152924537658691e-01 4.673904180526733398e-01
4.938045144081115723e-01 1.344788670539855957e-01
9.390404820442199707e-01 4.861700534820556641e-02
5.078461170196533203e-01 2.413446605205535889e-01
7.486548423767089844e-01 3.803322613239288330e-01
1.907558590173721313e-01 8.114677071571350098e-01
7.812527418136596680e-01 5.141807198524475098e-01
9.719489812850952148e-01 1.538106650114059448e-01
5.663095116615295410e-01 3.960255980491638184e-01
1.285062730312347412e-01 7.050470709800720215e-01
8.758127093315124512e-01 3.074503839015960693e-01
3.930472135543823242e-01 9.498409628868103027e-01
9.199156761169433594e-01 4.643396735191345215e-01
7.389050722122192383e-01 3.316465020179748535e-01
3.072718977928161621e-01 2.055590748786926270e-01
3.633375167846679688e-01 9.548758268356323242e-01
3.399492055177688599e-02 1.424076557159423828e-01
2.392418682575225830e-01 5.777153968811035156e-01
2.878199145197868347e-02 5.199052095413208008e-01
4.934197664260864258e-02 8.069402575492858887e-01
9.659516215324401855e-01 6.438462436199188232e-02
7.964962124824523926e-01 7.432469725608825684e-01
1.810190528631210327e-01 4.488507807254791260e-01
4.067354276776313782e-02 9.771156907081604004e-01
4.704815149307250977e-01 1.425373554229736328e-02
1.668866425752639771e-01 2.479216754436492920e-01
9.454228878021240234e-01 4.545444250106811523e-01
1.410136520862579346e-01 8.313126564025878906e-01
6.072618961334228516e-01 8.481476306915283203e-01
4.998078346252441406e-01 7.014293968677520752e-02
4.300038218498229980e-01 9.027431160211563110e-02
4.950820207595825195e-01 6.828627586364746094e-01
4.659763872623443604e-01 3.257471323013305664e-01
6.685663461685180664e-01 1.242582425475120544e-01
5.973722338676452637e-01 7.632071375846862793e-01
8.826162219047546387e-01 7.793648838996887207e-01
1.971578449010848999e-01 2.733499109745025635e-01
5.740786194801330566e-01 8.870888948440551758e-01
6.147607564926147461e-01 8.392565846443176270e-01
2.845528125762939453e-01 8.588855862617492676e-01
8.736571669578552246e-01 3.077237866818904877e-02
1.922145485877990723e-01 4.378328099846839905e-02
5.725365281105041504e-01 6.441709995269775391e-01
2.162611782550811768e-01 7.652381062507629395e-01
9.711951017379760742e-01 6.830744147300720215e-01
5.980504751205444336e-01 7.050693631172180176e-01
8.371178060770034790e-02 8.130769133567810059e-01
1.737006455659866333e-01 7.576956599950790405e-02
9.531767964363098145e-01 9.412400722503662109e-01
9.926176667213439941e-01 6.877548098564147949e-01
6.895074248313903809e-01 4.282646179199218750e-01
1.462953239679336548e-01 8.637848496437072754e-01
2.933407425880432129e-01 4.990008771419525146e-01
2.053916603326797485e-01 7.407667636871337891e-01
7.273073792457580566e-01 9.371068477630615234e-01
4.105986952781677246e-01 1.290917396545410156e-03
4.249008893966674805e-01 6.654061675071716309e-01
2.229210734367370605e-02 6.461246013641357422e-01
3.863960802555084229e-01 6.680503487586975098e-01
1.924360096454620361e-01 9.659277796745300293e-01
5.743969678878784180e-01 6.737535595893859863e-01
3.673166036605834961e-01 3.681581616401672363e-01
5.042253136634826660e-01 6.245601177215576172e-01
8.117663115262985229e-02 2.293843179941177368e-01
3.229608833789825439e-01 5.655896067619323730e-01
9.026216864585876465e-01 7.800947427749633789e-01
8.152535557746887207e-01 3.819968998432159424e-01
3.121990561485290527e-01 6.399553269147872925e-02
7.776216268539428711e-01 1.506092250347137451e-01
5.723065510392189026e-02 8.579767346382141113e-01
5.753806233406066895e-01 1.871057450771331787e-01
4.476645886898040771e-01 4.668703973293304443e-01
7.468405365943908691e-02 8.407618999481201172e-01
8.447194099426269531e-01 4.538953304290771484e-01
8.682123422622680664e-01 7.394276261329650879e-01
2.634680569171905518e-01 5.418810844421386719e-01
6.699903011322021484e-01 4.116834402084350586e-01
4.125351607799530029e-01 8.072557449340820312e-01
3.552068024873733521e-02 2.530271112918853760e-01
1.333918124437332153e-01 2.253488600254058838e-01
2.579104900360107422e-01 3.670841753482818604e-01
6.508288383483886719e-01 9.946630001068115234e-01
9.938289523124694824e-01 1.753536462783813477e-01
8.447368144989013672e-01 8.624274730682373047e-01
4.588321149349212646e-01 8.237769603729248047e-01
2.391415387392044067e-01 4.724912047386169434e-01
4.603103995323181152e-01 1.235333308577537537e-01
3.476097583770751953e-01 9.401910752058029175e-02
9.926436543464660645e-01 2.315563112497329712e-01
2.160289287567138672e-01 3.936795890331268311e-01
6.663988232612609863e-01 7.624460011720657349e-02
5.642037987709045410e-01 5.227246880531311035e-01
9.969761967658996582e-01 4.509919881820678711e-01
6.554144620895385742e-01 8.588280081748962402e-01
9.651355743408203125e-01 7.419570684432983398e-01
3.896920084953308105e-01 7.686832547187805176e-01
5.324669480323791504e-01 6.290380656719207764e-02
2.704634368419647217e-01 9.435988664627075195e-01
5.822119712829589844e-01 3.372933566570281982e-01
5.353188514709472656e-01 9.012836813926696777e-01
1.267936453223228455e-02 9.309671521186828613e-01
6.095995903015136719e-01 4.536046981811523438e-01
3.107431530952453613e-01 2.587274834513664246e-02
5.450228452682495117e-01 7.085359096527099609e-01
6.100881695747375488e-01 9.873732924461364746e-01
3.893341422080993652e-01 1.697087138891220093e-01
6.235169619321823120e-02 5.170529484748840332e-01
6.049334406852722168e-01 1.118112057447433472e-01
2.627753019332885742e-01 6.341072916984558105e-01
3.364252448081970215e-01 2.370608448982238770e-01
7.241432070732116699e-01 7.982704043388366699e-01
2.376786023378372192e-01 1.325086355209350586e-01
7.966268062591552734e-01 6.452178359031677246e-01
6.070507764816284180e-01 5.553566813468933105e-01
6.072257161140441895e-01 2.371721863746643066e-01
1.552977692335844040e-02 8.417147397994995117e-01
6.054949164390563965e-01 6.389562487602233887e-01
2.283240854740142822e-01 4.920522868633270264e-01
9.863959550857543945e-01 3.928574621677398682e-01
8.110166192054748535e-01 7.022687792778015137e-01
2.143698930740356445e-01 2.560935616493225098e-01
6.828500628471374512e-01 1.956582814455032349e-01
6.071998476982116699e-01 1.740477830171585083e-01
9.039194136857986450e-02 9.707240462303161621e-01
3.118760585784912109e-01 8.563566207885742188e-01
1.371328383684158325e-01 6.859031319618225098e-01
1.196593567728996277e-01 9.399233460426330566e-01
4.019334539771080017e-02 9.002808332443237305e-01
2.521071434020996094e-01 1.710434257984161377e-01
8.901890367269515991e-02 5.442811250686645508e-01
8.023679852485656738e-01 6.139219403266906738e-01
4.282100126147270203e-02 2.724935114383697510e-01
9.951897263526916504e-01 3.714488446712493896e-01
8.539237082004547119e-02 1.284750550985336304e-01
8.444035649299621582e-01 8.046188950538635254e-01
7.758694291114807129e-01 5.835866928100585938e-01
3.098601698875427246e-01 8.986362218856811523e-01
8.421130776405334473e-01 9.778001904487609863e-01
3.737955689430236816e-01 6.741125583648681641e-01
7.552304267883300781e-01 8.901140689849853516e-01
4.107688665390014648e-01 1.257794201374053955e-01
8.066094517707824707e-01 4.097754359245300293e-01
9.522447586059570312e-01 7.656649351119995117e-01
8.628836274147033691e-01 2.879083156585693359e-01
7.159553170204162598e-01 6.256794333457946777e-01
1.797149479389190674e-01 8.949064612388610840e-01
5.927380174398422241e-02 5.615923404693603516e-01
6.734648942947387695e-01 5.554866790771484375e-01
2.868910431861877441e-01 6.069111227989196777e-01
5.294220149517059326e-02 2.929793298244476318e-01
8.791596889495849609e-01 9.899750351905822754e-01
7.716168761253356934e-01 2.509496212005615234e-01
2.459194511175155640e-01 1.120886653661727905e-01
1.736012399196624756e-01 6.758503317832946777e-01
6.502295136451721191e-01 3.281143307685852051e-01
3.136333227157592773e-01 6.574230194091796875e-01
8.056811690330505371e-01 8.924023807048797607e-02
9.468184113502502441e-01 6.370260119438171387e-01
2.048203647136688232e-01 3.850049972534179688e-01
9.439877867698669434e-01 3.512354791164398193e-01
1.574762016534805298e-01 4.422945678234100342e-01
2.802316844463348389e-01 8.926203846931457520e-01
7.337976694107055664e-01 3.592086434364318848e-01
7.017635107040405273e-01 7.156834006309509277e-01
3.551686108112335205e-01 4.929344654083251953e-01
6.211383342742919922e-01 7.844346761703491211e-02
5.907887816429138184e-01 2.871555984020233154e-01
7.078372836112976074e-01 1.447592079639434814e-01
4.674930572509765625e-01 7.093142271041870117e-01
5.456135421991348267e-02 4.474831521511077881e-01
3.524664640426635742e-01 5.595754459500312805e-02
6.046756505966186523e-01 8.047555088996887207e-01
8.366664648056030273e-01 1.985932439565658569e-01
7.240085601806640625e-01 6.056916713714599609e-01
2.697255909442901611e-01 6.687731146812438965e-01
1.173405498266220093e-01 5.989310741424560547e-01
1.273787021636962891e-02 4.971879124641418457e-01
7.046087980270385742e-01 4.972785413265228271e-01
2.210117280483245850e-01 6.136896610260009766e-01
1.555762737989425659e-01 2.923925817012786865e-01
8.098866343498229980e-01 3.397793769836425781e-01
5.413491725921630859e-01 6.935003995895385742e-01
3.079558014869689941e-01 1.873592585325241089e-01
6.180253624916076660e-01 1.786501407623291016e-01
1.696617603302001953e-01 7.098651528358459473e-01
5.434840917587280273e-01 6.556809544563293457e-01
2.266306988894939423e-02 3.937337696552276611e-01
2.209555655717849731e-01 4.141571521759033203e-01
9.059444069862365723e-02 3.086745142936706543e-01
6.450980156660079956e-02 7.084989547729492188e-01
6.888543963432312012e-01 6.138486787676811218e-02
4.678211733698844910e-02 7.508605122566223145e-01
3.791030049324035645e-01 7.795725762844085693e-02
9.426690340042114258e-01 3.708681166172027588e-01
3.241707384586334229e-01 4.464093744754791260e-01
8.504737615585327148e-01 1.859370917081832886e-01
2.380141317844390869e-01 9.609558582305908203e-01
7.343881726264953613e-01 9.742397665977478027e-01
6.916434764862060547e-01 2.455691844224929810e-01
5.094239115715026855e-01 2.582499571144580841e-02
4.159450531005859375e-01 7.054377198219299316e-01
4.443768262863159180e-01 2.317651063203811646e-01
6.414598226547241211e-01 5.520128607749938965e-01
4.621615707874298096e-01 7.663997411727905273e-01
5.523463487625122070e-01 1.287470161914825439e-01
2.483983635902404785e-01 5.198349952697753906e-01
3.976483643054962158e-01 9.804058670997619629e-01
9.952681064605712891e-01 6.320719122886657715e-01
1.644812524318695068e-01 1.945894956588745117e-01
4.862976074218750000e-01 9.030961990356445312e-01
9.324192404747009277e-01 1.694936491549015045e-02
7.058238983154296875e-01 1.041266918182373047e-01
6.961665749549865723e-01 9.670385122299194336e-01
8.795250058174133301e-01 3.491239249706268311e-01
6.776143908500671387e-01 5.205989480018615723e-01
3.716485500335693359e-01 4.065605700016021729e-01
7.142773866653442383e-01 1.220924183726310730e-01
6.127097830176353455e-02 7.438380271196365356e-03
7.570421695709228516e-01 8.296386003494262695e-01
1.101109683513641357e-01 9.286604821681976318e-02
2.088140994310379028e-01 1.125051453709602356e-01
6.391616463661193848e-01 7.728460431098937988e-01
2.768665254116058350e-01 4.840839505195617676e-01
3.074454963207244873e-01 7.756839394569396973e-01
5.644194781780242920e-02 1.457463353872299194e-01
1.996121406555175781e-01 8.561350107192993164e-01
8.414770960807800293e-01 8.278608322143554688e-03
9.449514746665954590e-01 5.685438513755798340e-01
8.670120239257812500e-01 2.469332665205001831e-01
4.375963807106018066e-01 2.703906595706939697e-01
6.316890120506286621e-01 4.756425321102142334e-01
4.777399897575378418e-01 5.123619437217712402e-01
2.502154111862182617e-01 9.834222793579101562e-01
2.934942543506622314e-01 2.913531363010406494e-01
8.899093270301818848e-01 1.868692338466644287e-01
2.488874644041061401e-01 2.606042921543121338e-01
9.611137956380844116e-02 3.941649794578552246e-01
6.777625083923339844e-01 9.757193922996520996e-01
4.192309975624084473e-01 9.620363265275955200e-02
7.275012880563735962e-02 6.854695081710815430e-01
4.358813166618347168e-02 3.852203190326690674e-01
8.128207921981811523e-01 2.248815298080444336e-01
2.169533967971801758e-01 7.873033732175827026e-02
4.813098013401031494e-01 7.179397940635681152e-01
2.103785276412963867e-01 8.043642044067382812e-01
6.327397227287292480e-01 1.083005666732788086e-01
2.438279241323471069e-01 4.480708837509155273e-01
2.957030385732650757e-02 1.574145406484603882e-01
5.389990806579589844e-01 2.462811470031738281e-01
6.825962662696838379e-01 9.444416165351867676e-01
9.007448554039001465e-01 9.820917248725891113e-01
1.274391710758209229e-01 6.602728366851806641e-02
7.015405893325805664e-01 3.640195727348327637e-01
2.017740011215209961e-01 6.399795413017272949e-01
2.462667375802993774e-01 8.158783316612243652e-01
2.058153599500656128e-02 7.421971857547760010e-02
6.386640667915344238e-01 1.750613562762737274e-02
5.260825157165527344e-01 8.266212940216064453e-01
6.814930438995361328e-01 7.616198062896728516e-01
4.866255819797515869e-01 1.727059781551361084e-01
4.834205806255340576e-01 1.052684932947158813e-01
3.577186465263366699e-01 4.291252195835113525e-01
2.920556366443634033e-01 1.105223894119262695e-01
9.083291888236999512e-01 5.074836015701293945e-01
3.048391044139862061e-01 5.237436294555664062e-01
6.712378263473510742e-01 4.464650750160217285e-01
2.216940522193908691e-01 5.993728041648864746e-01
1.721885949373245239e-01 8.124403953552246094e-01
1.714695990085601807e-01 3.680384159088134766e-01
3.147267699241638184e-01 2.453341931104660034e-01
9.439167976379394531e-01 4.162600040435791016e-01
1.311188489198684692e-01 5.245308876037597656e-01
3.548657521605491638e-02 4.925185441970825195e-01
2.270500510931015015e-01 6.553501486778259277e-01
3.338903188705444336e-01 4.417155981063842773e-01
7.935578227043151855e-01 9.012134671211242676e-01
1.183550655841827393e-01 4.960041642189025879e-01
2.616574428975582123e-02 8.447051048278808594e-02
1.650223731994628906e-01 9.496088027954101562e-01
2.810017764568328857e-02 9.877143502235412598e-01
1.365676969289779663e-01 4.037149548530578613e-01
4.905096292495727539e-01 5.275543332099914551e-01
7.925936579704284668e-01 1.566290855407714844e-03
9.793622791767120361e-02 8.150663375854492188e-01
2.424291335046291351e-02 3.055928945541381836e-01
8.196010440587997437e-02 6.541968137025833130e-02
7.100017070770263672e-01 1.555240452289581299e-01
9.804185628890991211e-01 7.039242237806320190e-02
1.580458283424377441e-01 1.120081245899200439e-01
8.086370229721069336e-01 3.076061904430389404e-01
6.820028424263000488e-01 7.295526862144470215e-01
1.732438951730728149e-01 9.482929110527038574e-02
6.067337989807128906e-01 1.266833692789077759e-01
5.483685135841369629e-01 2.323168367147445679e-01
8.419233560562133789e-01 4.930693805217742920e-01
3.500758409500122070e-01 3.197594285011291504e-01
1.801686584949493408e-01 2.967783510684967041e-01
7.356224209070205688e-02 4.711591899394989014e-01
3.116777241230010986e-01 4.870565235614776611e-01
3.697956502437591553e-01 9.045987129211425781e-01
6.471964120864868164e-01 5.798109173774719238e-01
8.351640105247497559e-01 9.006086587905883789e-01
5.093992352485656738e-01 3.705236613750457764e-01
6.244336962699890137e-01 3.830020129680633545e-01
8.414458036422729492e-01 1.826255470514297485e-01
4.302609562873840332e-01 8.343994617462158203e-01
7.557896524667739868e-02 5.086829662322998047e-01
6.166992783546447754e-01 5.165360495448112488e-02
3.199675679206848145e-01 9.760769009590148926e-01
9.542917013168334961e-01 2.769207358360290527e-01
6.817156672477722168e-01 1.835581213235855103e-01
5.530484318733215332e-01 2.866726517677307129e-01
2.008552998304367065e-01 1.635237969458103180e-02
6.127658486366271973e-01 9.519128799438476562e-01
9.935805201530456543e-01 5.217006206512451172e-01
4.427990913391113281e-01 3.025831282138824463e-01
7.368720769882202148e-01 1.646407544612884521e-01
5.403220653533935547e-01 1.851173676550388336e-02
7.371789813041687012e-01 8.240650296211242676e-01
8.541536927223205566e-01 3.737178146839141846e-01
2.666816413402557373e-01 6.961904764175415039e-01
6.286671757698059082e-01 4.122970402240753174e-01
4.563844203948974609e-01 6.612201929092407227e-01
1.566806137561798096e-01 4.824847579002380371e-01
3.226300776004791260e-01 4.936533272266387939e-01
4.468608796596527100e-01 6.004106402397155762e-01
5.041490197181701660e-01 5.736388564109802246e-01
3.278447389602661133e-01 1.546696275472640991e-01
9.380650520324707031e-01 8.012387156486511230e-01
1.168401092290878296e-01 6.214541792869567871e-01
2.603864073753356934e-01 3.944448530673980713e-01
9.310137033462524414e-01 7.353263497352600098e-01
5.280959010124206543e-01 5.385076999664306641e-01
4.869681596755981445e-01 4.000597596168518066e-01
2.108677774667739868e-01 2.348081618547439575e-01
2.560654282569885254e-01 7.075367569923400879e-01
