6.538149714469909668e-01 2.283798158168792725e-01
6.149430871009826660e-01 5.016723275184631348e-01
4.480756074190139771e-02 7.898957729339599609e-01
8.947567343711853027e-01 9.639915227890014648e-01
2.771541476249694824e-01 3.655804991722106934e-01
6.733367443084716797e-01 1.065089702606201172e-01
1.666942536830902100e-01 1.616511791944503784e-01
8.552304506301879883e-01 9.240554571151733398e-01
1.737311631441116333e-01 4.794157147407531738e-01
3.666966259479522705e-01 8.932164311408996582e-01
5.687249898910522461e-01 6.539150476455688477e-01
3.506397306919097900e-01 5.054010748863220215e-01
4.000713825225830078e-01 3.203825056552886963e-01
4.209776520729064941e-01 2.813069522380828857e-01
4.450425133109092712e-02 5.190091133117675781e-01
1.820970326662063599e-01 5.853202939033508301e-01
9.409419894218444824e-01 6.353428959846496582e-01
4.264419674873352051e-01 9.038237333297729492e-01
6.740489043295383453e-04 5.326484441757202148e-01
4.247452318668365479e-01 6.858668327331542969e-01
5.096284151077270508e-01 1.951690465211868286e-01
4.640225470066070557e-01 3.445979654788970947e-01
5.043461322784423828e-01 4.807931184768676758e-01
3.536846637725830078e-01 9.314202070236206055e-01
9.032644629478454590e-01 3.748222719877958298e-03
7.996694445610046387e-01 5.495206713676452637e-01
4.207313060760498047e-01 9.650658965110778809e-01
8.310115933418273926e-01 7.898749783635139465e-03
5.695326924324035645e-01 7.262083292007446289e-01
5.978206992149353027e-01 9.027627855539321899e-02
5.866958498954772949e-01 8.389250636100769043e-01
6.397999078035354614e-02 4.537995159626007080e-01
6.597204208374023438e-01 2.671276926994323730e-01
4.358790516853332520e-01 9.742058068513870239e-02
1.125601679086685181e-01 6.699303388595581055e-01
7.109660506248474121e-01 4.893413782119750977e-01
9.144037365913391113e-01 7.996128797531127930e-01
6.741756796836853027e-01 7.728539109230041504e-01
7.277678847312927246e-01 6.278181672096252441e-01
3.099600970745086670e-02 6.532473564147949219e-01
9.017922878265380859e-01 6.096847653388977051e-01
1.024090424180030823e-01 3.200675249099731445e-01
7.285735011100769043e-01 2.439414113759994507e-01
6.670180559158325195e-01 1.750051677227020264e-01
9.465422034263610840e-01 7.546960711479187012e-01
6.743220686912536621e-01 4.113655984401702881e-01
1.555861532688140869e-01 8.216134309768676758e-01
4.556644558906555176e-01 5.084799528121948242e-01
6.332027167081832886e-02 6.485920548439025879e-01
6.485655307769775391e-01 2.718059532344341278e-02
9.741319715976715088e-02 8.067399859428405762e-01
3.758856281638145447e-02 9.326368570327758789e-01
3.245400488376617432e-01 3.980015516281127930e-01
3.824232518672943115e-02 2.061852365732192993e-01
2.026982307434082031e-01 2.579218447208404541e-01
5.879411697387695312e-01 2.457437664270401001e-01
8.851919770240783691e-01 3.559477627277374268e-01
4.232175648212432861e-01 2.377942018210887909e-02
1.791084706783294678e-01 2.148839831352233887e-01
5.747257471084594727e-01 4.318350180983543396e-02
8.421523571014404297e-01 7.727524638175964355e-01
1.866891831159591675e-01 6.886132955551147461e-01
2.486763596534729004e-01 2.977816164493560791e-01
6.448378413915634155e-02 9.772747755050659180e-01
7.133227586746215820e-01 8.265535235404968262e-01
2.932541668415069580e-01 9.516324400901794434e-01
3.675368130207061768e-01 5.662668943405151367e-01
9.842028468847274780e-02 2.502354681491851807e-01
5.217551589012145996e-01 9.522683173418045044e-02
3.657343983650207520e-01 8.437044024467468262e-01
2.327781468629837036e-01 4.286173880100250244e-01
8.530133366584777832e-01 3.539099991321563721e-01
3.808085322380065918e-01 3.041662871837615967e-01
9.431937932968139648e-01 4.529425799846649170e-01
1.691627949476242065e-01 8.180774748325347900e-02
5.534642338752746582e-01 8.201572299003601074e-01
1.373096089810132980e-02 5.898285508155822754e-01
2.830003201961517334e-01 6.677845120429992676e-01
2.804454267024993896e-01 3.352788090705871582e-01
4.644610881805419922e-01 5.036542415618896484e-01
3.040108382701873779e-01 4.724985361099243164e-01
5.297144651412963867e-01 8.410129547119140625e-01
7.987356185913085938e-01 2.587305009365081787e-01
7.961922287940979004e-01 9.410503506660461426e-01
2.975026965141296387e-01 7.877388596534729004e-01
2.114423662424087524e-01 6.082279086112976074e-01
7.430822849273681641e-01 2.912712097167968750e-01
9.891905188560485840e-01 5.605935454368591309e-01
3.830348253250122070e-01 1.987408101558685303e-01
9.455364942550659180e-01 5.247397422790527344e-01
7.613453269004821777e-01 6.522397994995117188e-01
7.188140749931335449e-01 5.743157863616943359e-01
7.976874113082885742e-01 4.809023141860961914e-01
4.760903418064117432e-01 6.994508504867553711e-01
4.963119924068450928e-01 4.080807268619537354e-01
5.069029927253723145e-01 3.793591260910034180e-01
5.396199822425842285e-01 4.025912880897521973e-01
5.702031254768371582e-01 5.315572023391723633e-01
5.665618777275085449e-01 1.677805036306381226e-01
9.388197064399719238e-01 3.019998967647552490e-01
6.194953322410583496e-01 4.385679662227630615e-01
4.455924034118652344e-03 1.389820128679275513e-01
5.282998681068420410e-01 1.100873947143554688e-02
7.405149340629577637e-01 4.443252682685852051e-01
7.379042506217956543e-01 3.725347220897674561e-01
5.323845744132995605e-01 2.365303784608840942e-01
5.100492238998413086e-01 7.576698064804077148e-01
6.736956238746643066e-01 6.128140091896057129e-01
3.512432277202606201e-01 4.204761087894439697e-01
1.070743948221206665e-01 1.622140854597091675e-01
5.892444029450416565e-02 1.872203201055526733e-01
9.617571234703063965e-01 9.906765222549438477e-01
2.932898998260498047e-01 8.120357394218444824e-01
4.875954389572143555e-01 2.224833071231842041e-01
7.801312804222106934e-01 4.502851143479347229e-02
3.161520659923553467e-01 3.118647634983062744e-01
1.910811103880405426e-02 4.416266679763793945e-01
7.342429757118225098e-01 6.984763741493225098e-01
7.921199798583984375e-01 4.053342342376708984e-01
9.967699646949768066e-01 4.133360683917999268e-01
1.398086547851562500e-03 1.637009233236312866e-01
2.365045547485351562e-01 9.863510727882385254e-01
8.796219229698181152e-01 3.152219951152801514e-01
5.363286137580871582e-01 3.386653363704681396e-01
2.819018661975860596e-01 4.394578933715820312e-01
8.592724204063415527e-01 8.958078026771545410e-01
9.905808568000793457e-01 5.019694566726684570e-01
8.947734832763671875e-01 8.572803139686584473e-01
8.965967297554016113e-01 3.880606964230537415e-02
4.298984110355377197e-01 4.943362772464752197e-01
7.670748829841613770e-01 7.097982764244079590e-01
5.759965777397155762e-01 1.295880228281021118e-01
3.036251664161682129e-01 6.669372916221618652e-01
1.180334389209747314e-01 7.544607520103454590e-01
5.709734559059143066e-01 3.140156269073486328e-01
6.316187381744384766e-01 4.830296635627746582e-01
5.179808735847473145e-01 4.531671404838562012e-01
2.287918031215667725e-01 4.081635773181915283e-01
2.254856228828430176e-01 2.090121358633041382e-01
9.845157712697982788e-02 4.646211564540863037e-01
5.569678544998168945e-01 3.999176323413848877e-01
2.591983377933502197e-01 1.665072739124298096e-01
8.561677932739257812e-01 4.131036996841430664e-01
1.990958005189895630e-01 7.986873984336853027e-01
3.870739936828613281e-01 1.657207459211349487e-01
5.102509856224060059e-01 8.683543205261230469e-01
3.011461198329925537e-01 6.252149939537048340e-01
9.389789700508117676e-01 2.418956458568572998e-01
8.950842618942260742e-01 9.935447573661804199e-01
7.259446978569030762e-01 4.959979653358459473e-01
9.547184109687805176e-01 1.011308878660202026e-01
1.288659721612930298e-01 6.884492635726928711e-01
6.852892637252807617e-01 1.454812940210103989e-02
8.111397624015808105e-01 6.329983472824096680e-01
5.011414885520935059e-01 9.968228936195373535e-01
1.427485048770904541e-01 2.722980976104736328e-01
8.439735770225524902e-01 2.427065074443817139e-01
4.817493259906768799e-01 4.561349451541900635e-01
3.071352243423461914e-01 3.828271329402923584e-01
6.865605115890502930e-01 6.615618467330932617e-01
9.773182868957519531e-02 6.165111064910888672e-01
1.811429411172866821e-01 9.550915360450744629e-01
6.503702700138092041e-02 9.066635966300964355e-01
9.744893908500671387e-01 4.710941612720489502e-01
3.610434830188751221e-01 1.510834991931915283e-01
1.169822290539741516e-01 3.697445988655090332e-02
3.509774804115295410e-01 1.427931636571884155e-01
2.056591510772705078e-01 1.825471371412277222e-01
3.480422198772430420e-01 3.559039831161499023e-01
9.963830709457397461e-01 5.989747047424316406e-01
5.004274845123291016e-01 1.422324031591415405e-01
8.714690208435058594e-01 5.418005585670471191e-01
1.410235464572906494e-01 3.113065958023071289e-01
7.623865008354187012e-01 8.125138282775878906e-01
7.595590353012084961e-01 1.112542301416397095e-01
1.792208105325698853e-01 5.048309564590454102e-01
6.784525513648986816e-01 3.554749786853790283e-01
1.527987867593765259e-01 9.433405399322509766e-01
3.552489280700683594e-01 3.270486891269683838e-01
3.321501016616821289e-01 8.608012795448303223e-01
6.414547562599182129e-01 5.981083586812019348e-02
9.701539278030395508e-01 5.510182976722717285e-01
6.458436250686645508e-01 1.375000327825546265e-01
2.820729315280914307e-01 4.062994420528411865e-01
3.046768307685852051e-01 1.189919039607048035e-01
5.429781675338745117e-01 5.274716019630432129e-01
7.018623948097229004e-01 3.156822919845581055e-01
7.457866668701171875e-01 4.658546149730682373e-01
3.061084747314453125e-01 3.732566833496093750e-01
3.955751657485961914e-01 5.584020018577575684e-01
6.181821227073669434e-01 3.038068115711212158e-02
5.333617925643920898e-01 9.346907138824462891e-01
9.923250079154968262e-01 9.211540222167968750e-03
8.402806520462036133e-01 8.968383669853210449e-01
4.065165668725967407e-02 2.309574186801910400e-01
7.845982909202575684e-01 8.845455050468444824e-01
1.949584037065505981e-01 2.693687081336975098e-01
3.774946331977844238e-01 4.474176764488220215e-01
2.119033038616180420e-01 4.236590862274169922e-01
1.900606304407119751e-01 8.626284003257751465e-01
7.528352141380310059e-01 8.997680544853210449e-01
5.977997183799743652e-01 2.743187844753265381e-01
3.745450377464294434e-01 5.593147873878479004e-01
4.434595406055450439e-01 1.156756877899169922e-01
3.357496559619903564e-01 9.625735878944396973e-01
6.130446791648864746e-01 1.411209553480148315e-01
1.493968442082405090e-02 9.372689127922058105e-01
4.066160917282104492e-01 8.349494934082031250e-01
2.362245023250579834e-01 4.820341765880584717e-01
5.472817420959472656e-01 2.022443152964115143e-02
5.701664686203002930e-01 5.126712322235107422e-01
1.035327613353729248e-01 6.426826119422912598e-01
3.032574653625488281e-01 2.053070068359375000e-01
4.528198242187500000e-01 4.672207832336425781e-01
7.934953570365905762e-01 5.062142610549926758e-01
4.234999716281890869e-01 1.150793805718421936e-01
8.255807161331176758e-01 3.013895153999328613e-01
9.518110752105712891e-01 1.934968829154968262e-01
5.859880447387695312e-01 4.286440312862396240e-01
7.562885060906410217e-03 8.851923346519470215e-01
8.272110223770141602e-01 5.088437795639038086e-01
8.267840147018432617e-01 1.077140346169471741e-01
8.646174073219299316e-01 6.251123547554016113e-01
5.947923064231872559e-01 3.490355312824249268e-01
9.609624743461608887e-01 6.189653277397155762e-01
6.144936680793762207e-01 2.039448767900466919e-01
6.941177248954772949e-01 9.361948370933532715e-01
1.049470379948616028e-01 1.877129264175891876e-02
5.689644217491149902e-01 2.240016013383865356e-01
3.428767025470733643e-01 7.785735726356506348e-01
4.322036355733871460e-02 1.646289229393005371e-01
1.850031912326812744e-01 9.994510412216186523e-01
1.026328727602958679e-01 7.149472832679748535e-01
4.886221885681152344e-01 6.069070696830749512e-01
2.264687865972518921e-01 2.651661932468414307e-01
7.033563405275344849e-02 7.170246839523315430e-01
6.557188630104064941e-01 1.031460762023925781e-01
2.659009099006652832e-01 6.631391048431396484e-01
7.321053147315979004e-01 4.661217629909515381e-01
5.382186770439147949e-01 5.699753761291503906e-01
7.618471384048461914e-01 4.122236073017120361e-01
1.868550777435302734e-01 5.760375857353210449e-01
5.969290733337402344e-01 7.806193232536315918e-01
7.283372282981872559e-01 9.532845616340637207e-01
4.097759425640106201e-01 1.559967994689941406e-01
8.795935511589050293e-01 1.014554575085639954e-01
7.396177947521209717e-02 9.521358609199523926e-01
5.112855434417724609e-01 6.135590672492980957e-01
1.955610327422618866e-02 4.819026589393615723e-01
5.983373522758483887e-01 2.944414019584655762e-01
5.049429088830947876e-02 8.803336024284362793e-01
7.198429703712463379e-01 6.861376166343688965e-01
3.349201679229736328e-01 7.964016795158386230e-01
8.854904174804687500e-01 5.455357432365417480e-01
5.994628369808197021e-02 9.465928077697753906e-01
5.757337212562561035e-01 4.834994971752166748e-01
8.725503683090209961e-01 2.187458425760269165e-01
1.397084891796112061e-01 2.435595393180847168e-01
5.684571266174316406e-01 9.108803868293762207e-01
8.551205992698669434e-01 8.045476078987121582e-01
4.608234018087387085e-02 5.796271562576293945e-01
6.994880437850952148e-01 7.690175771713256836e-01
2.469598352909088135e-01 8.581303954124450684e-01
7.750610113143920898e-01 5.190457701683044434e-01
7.443262338638305664e-01 1.701508015394210815e-01
8.368247747421264648e-01 3.746809065341949463e-01
7.730137705802917480e-01 1.523227989673614502e-01
1.376818716526031494e-01 8.711045384407043457e-01
9.767670631408691406e-01 6.517068147659301758e-01
4.508435726165771484e-01 7.929905056953430176e-01
7.589669823646545410e-01 6.100330352783203125e-01
3.249688446521759033e-01 1.242566108703613281e-02
4.683656394481658936e-01 3.725424110889434814e-01
3.740486502647399902e-01 7.693797349929809570e-01
2.319298386573791504e-01 5.776820182800292969e-01
1.678160130977630615e-01 4.549964070320129395e-01
7.757614254951477051e-01 6.025853157043457031e-01
5.189306735992431641e-01 2.483024448156356812e-01
4.144552648067474365e-01 3.297536969184875488e-01
2.668708562850952148e-01 7.225825190544128418e-01
3.709299266338348389e-01 2.498404979705810547e-01
7.265828251838684082e-01 8.420501947402954102e-01
8.584711700677871704e-02 8.910979628562927246e-01
5.854362249374389648e-01 5.742326378822326660e-01
3.320275545120239258e-01 5.338096618652343750e-01
2.715788185596466064e-01 5.882123708724975586e-01
4.036915898323059082e-01 2.473651766777038574e-01
2.858130335807800293e-01 8.822239637374877930e-01
1.808430999517440796e-02 3.367014527320861816e-01
5.002245903015136719e-01 9.401931762695312500e-01
5.473192334175109863e-01 1.526571959257125854e-01
6.755400300025939941e-01 4.767817258834838867e-01
2.079176604747772217e-01 5.556843876838684082e-01
5.938478708267211914e-01 1.142652705311775208e-01
1.363609731197357178e-01 4.970282614231109619e-01
2.041763514280319214e-01 4.399745464324951172e-01
2.468447983264923096e-01 6.945761442184448242e-01
7.905587553977966309e-01 8.005841076374053955e-02
5.909065604209899902e-01 5.478484034538269043e-01
8.526197671890258789e-01 4.709829092025756836e-01
6.403013467788696289e-01 7.344300150871276855e-01
7.341954112052917480e-01 2.000199109315872192e-01
9.534648060798645020e-01 9.396184086799621582e-01
3.883101046085357666e-01 6.491309404373168945e-01
3.539036512374877930e-01 6.729398369789123535e-01
3.198004364967346191e-01 2.424051463603973389e-01
9.089224934577941895e-01 7.583420872688293457e-01
1.833441108465194702e-02 6.309456229209899902e-01
6.558531522750854492e-01 7.436524629592895508e-01
2.482153922319412231e-01 7.762517035007476807e-02
1.695240885019302368e-01 2.437852919101715088e-01
1.842999756336212158e-01 3.458760976791381836e-01
1.941432505846023560e-01 3.263868987560272217e-01
7.370179891586303711e-01 3.016870617866516113e-01
3.120886087417602539e-01 2.173673808574676514e-01
5.454413294792175293e-01 6.406879425048828125e-01
7.558071017265319824e-01 8.257644772529602051e-01
4.761520922183990479e-01 1.389248222112655640e-01
6.725029945373535156e-01 4.981113374233245850e-01
4.603787362575531006e-01 6.975893676280975342e-02
7.009715437889099121e-01 6.453939080238342285e-01
5.357728600502014160e-01 8.008666038513183594e-01
6.285864114761352539e-01 4.587754309177398682e-01
8.305584192276000977e-01 5.459843277931213379e-01
4.575055241584777832e-01 9.716502428054809570e-01
3.508768677711486816e-01 2.831371314823627472e-02
7.690472602844238281e-01 7.925156950950622559e-01
6.682187318801879883e-02 7.751363515853881836e-01
2.562856674194335938e-01 8.287640213966369629e-01
3.997936546802520752e-01 6.965579390525817871e-01
7.597591280937194824e-01 3.557164669036865234e-01
9.996555447578430176e-01 2.207786142826080322e-01
1.020992994308471680e-01 5.250447392463684082e-01
8.253688812255859375e-01 3.794621527194976807e-01
6.369318366050720215e-01 4.041891992092132568e-01
6.135231852531433105e-01 3.699953556060791016e-01
1.302983704954385757e-02 5.528382062911987305e-01
1.998797506093978882e-01 5.687533020973205566e-01
1.433860063552856445e-01 9.436559677124023438e-01
1.049141660332679749e-01 7.599432766437530518e-02
9.062327742576599121e-01 1.363951414823532104e-01
4.348714351654052734e-01 2.689522877335548401e-02
3.493780195713043213e-01 9.852219223976135254e-01
7.925658822059631348e-01 7.024526596069335938e-01
5.863555669784545898e-01 5.919844508171081543e-01
7.373973131179809570e-01 4.208842664957046509e-02
9.872631430625915527e-01 2.204082757234573364e-01
7.674841880798339844e-01 3.899239301681518555e-01
8.270509243011474609e-01 1.795662492513656616e-01
4.967897236347198486e-01 8.461749553680419922e-01
4.919709563255310059e-01 9.865655899047851562e-01
6.377720832824707031e-01 2.009591311216354370e-01
7.862191796302795410e-01 4.801052510738372803e-01
6.485544145107269287e-02 2.172585874795913696e-01
7.354276180267333984e-01 1.494447737932205200e-01
1.563019603490829468e-01 4.159998297691345215e-01
8.053356409072875977e-01 3.297580182552337646e-01
1.411552876234054565e-01 3.332571089267730713e-01
8.393476903438568115e-02 5.507394075393676758e-01
9.800333380699157715e-01 8.904629945755004883e-01
1.344675719738006592e-01 7.674882411956787109e-01
1.619613915681838989e-01 6.518220901489257812e-02
8.038286566734313965e-01 9.744217991828918457e-02
4.362555742263793945e-01 5.990470647811889648e-01
8.038518428802490234e-01 5.677022337913513184e-01
5.377449989318847656e-01 1.937632411718368530e-01
8.029775023460388184e-01 6.749778985977172852e-01
7.708588838577270508e-01 1.801955848932266235e-01
7.978991866111755371e-01 9.961568713188171387e-01
4.000553786754608154e-01 4.954117536544799805e-01
7.554194331169128418e-01 1.025426462292671204e-01
2.817915380001068115e-01 7.484029531478881836e-01
3.197073042392730713e-01 5.973461270332336426e-01
2.136112563312053680e-02 8.561365008354187012e-01
5.618158727884292603e-02 2.816295921802520752e-01
2.795558571815490723e-01 5.714816451072692871e-01
4.611110389232635498e-01 5.826515331864356995e-02
5.707505345344543457e-01 2.059344649314880371e-01
3.696744441986083984e-01 6.939715743064880371e-01
2.659150362014770508e-01 7.547238469123840332e-01
4.413317888975143433e-02 7.499251961708068848e-01
2.870434522628784180e-01 8.548461198806762695e-01
5.545489192008972168e-01 8.614971041679382324e-01
4.175152257084846497e-02 8.532646894454956055e-01
7.927822470664978027e-01 8.106898069381713867e-01
7.637348175048828125e-01 1.364011503756046295e-02
3.053634166717529297e-01 5.276006460189819336e-01
4.728646278381347656e-01 8.971109986305236816e-01
1.671156883239746094e-01 3.938524127006530762e-01
7.111607193946838379e-01 3.517386317253112793e-02
6.088752746582031250e-01 6.806038022041320801e-01
7.309255599975585938e-01 9.997578263282775879e-01
2.449446618556976318e-01 9.059324860572814941e-01
2.316010147333145142e-01 1.373066306114196777e-01
9.590541720390319824e-01 5.702608823776245117e-01
5.857632756233215332e-01 9.926627278327941895e-01
4.857603311538696289e-01 5.253908038139343262e-01
7.429488897323608398e-01 5.396887063980102539e-01
9.292278885841369629e-01 3.408756852149963379e-01
9.437299370765686035e-01 7.976377010345458984e-01
6.363657712936401367e-01 6.471898555755615234e-01
7.041401863098144531e-01 9.964870214462280273e-01
7.719493508338928223e-01 2.219839096069335938e-01
6.937243938446044922e-01 5.943037867546081543e-01
7.544199228286743164e-01 3.137070238590240479e-01
3.297815620899200439e-01 6.193937063217163086e-01
9.586156010627746582e-01 8.287906050682067871e-01
4.313469231128692627e-01 9.407603740692138672e-01
6.890712380409240723e-01 8.942869305610656738e-02
8.665863275527954102e-01 8.185121417045593262e-01
9.541913270950317383e-01 7.065208554267883301e-01
2.769845537841320038e-02 3.054321110248565674e-01
5.105081945657730103e-02 4.553849995136260986e-01
6.527289748191833496e-01 4.654156565666198730e-01
5.971505641937255859e-01 8.771685957908630371e-01
1.576133221387863159e-01 8.510504961013793945e-01
2.558589577674865723e-01 2.123132944107055664e-01
7.913909554481506348e-01 7.598043680191040039e-01
5.886890292167663574e-01 9.557121396064758301e-01
8.797410726547241211e-01 5.801538005471229553e-02
6.235809996724128723e-03 7.391453981399536133e-01
8.468880057334899902e-01 4.595273733139038086e-02
7.332789301872253418e-01 3.880784511566162109e-01
2.516889274120330811e-01 6.564114689826965332e-01
4.116576164960861206e-02 4.132660031318664551e-01
4.979804754257202148e-01 2.537527382373809814e-01
9.324736595153808594e-01 1.052367016673088074e-01
9.548234343528747559e-01 8.697420954704284668e-01
2.374745756387710571e-01 1.715728789567947388e-01
9.188801050186157227e-01 3.981121480464935303e-01
1.862168312072753906e-03 3.867655396461486816e-01
2.199669927358627319e-01 1.181173175573348999e-01
3.978221416473388672e-01 8.592871576547622681e-02
2.597109377384185791e-01 8.178943991661071777e-01
8.489731550216674805e-01 9.319100379943847656e-01
7.711602449417114258e-01 9.711734056472778320e-01
6.227284073829650879e-01 9.909271597862243652e-01
9.083973169326782227e-01 2.459069639444351196e-01
7.310588657855987549e-02 1.647090464830398560e-01
9.776706099510192871e-01 8.282351493835449219e-01
1.056638173758983612e-02 2.786675691604614258e-01
9.885514378547668457e-01 9.689404964447021484e-01
6.681619286537170410e-01 5.643750429153442383e-01
9.655043482780456543e-01 1.349059641361236572e-01
3.462180197238922119e-01 1.615861952304840088e-01
9.562404751777648926e-01 2.887548804283142090e-01
3.884178698062896729e-01 5.222563743591308594e-01
7.796457409858703613e-01 6.689324975013732910e-01
9.531950950622558594e-01 9.057744145393371582e-01
8.630905747413635254e-01 4.391968250274658203e-01
6.450997591018676758e-01 2.452503293752670288e-01
3.584895730018615723e-01 7.508807778358459473e-01
6.979550123214721680e-01 3.356267511844635010e-02
7.135409116744995117e-01 5.482019782066345215e-01
5.005431771278381348e-01 4.762249439954757690e-02
9.325993061065673828e-01 7.466453909873962402e-01
4.188348054885864258e-01 3.724256753921508789e-01
6.036009788513183594e-01 9.119093418121337891e-01
7.210351228713989258e-01 7.569604516029357910e-01
5.228242650628089905e-02 2.629671711474657059e-03
9.651970863342285156e-01 1.561117321252822876e-01
4.564199149608612061e-01 2.191586941480636597e-01
5.379507541656494141e-01 5.948854088783264160e-01
5.260264873504638672e-01 6.900179982185363770e-01
3.796092569828033447e-01 5.169929936528205872e-02
6.935405135154724121e-01 1.453589051961898804e-01
4.762932360172271729e-01 9.480679631233215332e-01
2.116276919841766357e-01 6.393415927886962891e-01
8.160076737403869629e-01 9.740156531333923340e-01
7.172495722770690918e-01 9.369742274284362793e-01
2.970751821994781494e-01 8.311280608177185059e-01
3.039477467536926270e-01 9.110691547393798828e-01
4.553995728492736816e-01 6.290753483772277832e-01
8.754245638847351074e-01 2.864639461040496826e-01
5.612909793853759766e-01 3.509653359651565552e-02
9.811578989028930664e-01 7.566029429435729980e-01
9.417901635169982910e-01 9.044793248176574707e-02
1.137682870030403137e-01 5.582730770111083984e-01
9.523290395736694336e-01 2.031431198120117188e-01
9.182863235473632812e-01 6.581403613090515137e-01
9.816780090332031250e-01 6.640800237655639648e-01
4.720293581485748291e-01 2.899320051074028015e-02
9.378996491432189941e-01 6.126617789268493652e-01
2.326218336820602417e-01 6.497480273246765137e-01
9.075648188591003418e-01 4.956943094730377197e-01
4.096335545182228088e-02 8.180694282054901123e-02
9.811560511589050293e-01 5.926206111907958984e-01
7.074180841445922852e-01 7.052851319313049316e-01
9.636347293853759766e-01 6.811589598655700684e-01
1.168663278222084045e-01 3.002188503742218018e-01
5.087903141975402832e-01 4.241962730884552002e-01
9.009901285171508789e-01 1.966000348329544067e-01
5.090323686599731445e-01 3.125534951686859131e-01
1.301136910915374756e-01 5.246208310127258301e-01
9.021885395050048828e-01 1.431327611207962036e-01
8.649341464042663574e-01 8.502738475799560547e-01
6.307253241539001465e-01 5.879756212234497070e-01
7.308297753334045410e-01 1.488522291183471680e-01
6.382125020027160645e-01 8.498540520668029785e-01
9.628756642341613770e-01 3.464770317077636719e-01
8.691060543060302734e-01 7.440840601921081543e-01
2.171567380428314209e-01 1.212922949343919754e-02
3.092236220836639404e-01 7.232517004013061523e-02
7.672087103128433228e-02 8.391656912863254547e-03
4.275370538234710693e-01 4.269751310348510742e-01
7.082860469818115234e-01 2.850644886493682861e-01
5.522484183311462402e-01 6.131166815757751465e-01
9.483677744865417480e-01 5.309019982814788818e-02
9.029321074485778809e-01 5.387434959411621094e-01
4.791914820671081543e-01 9.146080017089843750e-01
4.090877771377563477e-01 5.862774252891540527e-01
2.349126487970352173e-01 7.315474748611450195e-01
5.961425900459289551e-01 1.787756085395812988e-01
2.661758661270141602e-01 5.270314216613769531e-02
9.623873233795166016e-01 3.268155455589294434e-01
5.427585840225219727e-01 9.142986536026000977e-01
9.380981326103210449e-02 9.424662590026855469e-01
1.374745965003967285e-01 7.381609678268432617e-01
2.160391658544540405e-01 9.598657488822937012e-01
9.111421704292297363e-01 4.557650089263916016e-01
2.665515542030334473e-01 4.351690784096717834e-02
2.511313855648040771e-01 9.454810023307800293e-01
2.660504579544067383e-01 2.532585263252258301e-01
2.678582631051540375e-02 4.037357270717620850e-01
7.340153455734252930e-01 8.297865837812423706e-02
3.711420670151710510e-02 6.884374618530273438e-01
5.510655045509338379e-02 5.489840507507324219e-01
4.531900584697723389e-01 5.541616678237915039e-01
8.347480893135070801e-01 5.865601822733879089e-02
7.366450428962707520e-01 9.008485078811645508e-01
2.924027740955352783e-01 3.661872074007987976e-02
8.436709046363830566e-01 2.345533370971679688e-01
8.700406551361083984e-01 7.290306091308593750e-01
9.614343047142028809e-01 2.851099967956542969e-01
2.412378638982772827e-01 3.405620455741882324e-01
5.334254503250122070e-01 1.301159262657165527e-01
8.536452054977416992e-02 3.729381859302520752e-01
8.883219957351684570e-01 5.834825634956359863e-01
1.360380947589874268e-01 6.466695070266723633e-01
8.058676123619079590e-01 7.309794425964355469e-01
4.491709172725677490e-01 3.069652915000915527e-01
7.891241908073425293e-01 3.924588859081268311e-01
3.603404760360717773e-01 8.591149449348449707e-01
7.805809974670410156e-01 4.402756392955780029e-01
5.416708588600158691e-01 2.889491617679595947e-01
4.836091697216033936e-01 5.514997243881225586e-01
4.238547086715698242e-01 1.997234821319580078e-01
7.116431593894958496e-01 7.234176397323608398e-01
3.538148701190948486e-01 5.147124528884887695e-01
5.658911466598510742e-01 7.993800193071365356e-02
4.174094498157501221e-01 2.317383289337158203e-01
2.424638271331787109e-01 1.627254299819469452e-02
4.413852691650390625e-01 7.800917029380798340e-01
6.686164736747741699e-01 8.262808322906494141e-01
1.985869854688644409e-01 3.554854094982147217e-01
3.789647817611694336e-01 9.525161385536193848e-01
8.061505556106567383e-01 4.952691495418548584e-01
2.347293198108673096e-01 2.982298731803894043e-01
5.484012961387634277e-01 4.812797605991363525e-01
8.346768617630004883e-01 2.865212559700012207e-01
3.884588778018951416e-01 7.012169957160949707e-01
7.849723100662231445e-01 2.848998010158538818e-01
4.180601835250854492e-01 7.627280354499816895e-01
6.300064325332641602e-01 7.246209979057312012e-01
7.246507406234741211e-01 3.519387245178222656e-01
5.993584990501403809e-01 6.050277873873710632e-02
4.924296736717224121e-01 8.247777223587036133e-01
6.042125225067138672e-01 3.126102387905120850e-01
2.422217093408107758e-02 2.518164217472076416e-01
2.823974788188934326e-01 2.875403165817260742e-01
1.912215352058410645e-01 1.502674669027328491e-01
3.758512064814567566e-02 4.336820170283317566e-02
8.646076917648315430e-01 5.863574147224426270e-01
4.972425103187561035e-01 7.271574735641479492e-01
6.260355710983276367e-01 8.158660531044006348e-01
3.291653692722320557e-01 1.454783678054809570e-01
3.866522759199142456e-02 7.237871289253234863e-01
7.868567705154418945e-01 9.125548601150512695e-01
2.714877426624298096e-01 6.286025047302246094e-03
7.472463846206665039e-01 9.565111994743347168e-01
8.820940256118774414e-01 3.885457813739776611e-01
6.678951978683471680e-01 6.381412148475646973e-01
2.898731827735900879e-01 5.124673843383789062e-01
7.193332072347402573e-03 1.907774433493614197e-02
5.453630089759826660e-01 7.340959906578063965e-01
3.701240420341491699e-01 2.154500633478164673e-01
3.043685853481292725e-01 6.863397955894470215e-01
6.330099701881408691e-01 9.316200613975524902e-01
2.427073866128921509e-01 9.269314408302307129e-01
6.875348091125488281e-01 4.508419930934906006e-01
6.560217142105102539e-01 8.949121832847595215e-01
4.537438601255416870e-02 6.838208436965942383e-01
8.371553421020507812e-01 6.751642823219299316e-01
2.802186906337738037e-01 5.536448955535888672e-01
5.203377008438110352e-01 8.851888775825500488e-01
9.641256332397460938e-01 9.278171062469482422e-01
8.555869460105895996e-01 5.058590769767761230e-01
3.445646464824676514e-01 2.901071906089782715e-01
4.852170944213867188e-01 3.608592450618743896e-01
6.074135303497314453e-01 3.927196562290191650e-01
3.682331442832946777e-01 8.229088187217712402e-01
5.479593276977539062e-01 6.951392889022827148e-01
7.778353244066238403e-02 7.649130821228027344e-01
8.415502309799194336e-01 9.450456500053405762e-01
1.508164256811141968e-01 5.532686114311218262e-01
2.432704269886016846e-01 5.887729525566101074e-01
9.296952486038208008e-01 4.106990098953247070e-01
1.570620536804199219e-01 2.056045532226562500e-01
6.319068074226379395e-01 5.346017479896545410e-01
8.611581325531005859e-01 1.962127536535263062e-01
3.700012341141700745e-02 4.496978521347045898e-01
4.433955252170562744e-01 8.162621855735778809e-01
3.117542564868927002e-01 7.200288772583007812e-01
9.118264913558959961e-01 2.266530245542526245e-01
8.940904140472412109e-01 9.794820100069046021e-02
3.262305855751037598e-01 8.319549560546875000e-01
4.038009345531463623e-01 5.242145061492919922e-01
6.719002723693847656e-01 9.230082035064697266e-01
8.467241525650024414e-01 5.994067788124084473e-01
8.941273689270019531e-01 9.028341770172119141e-01
8.178310990333557129e-01 8.994685411453247070e-01
6.137058734893798828e-01 4.240527451038360596e-01
3.742594122886657715e-01 6.239452362060546875e-01
2.246454954147338867e-01 6.592920422554016113e-02
4.842433035373687744e-01 7.478911280632019043e-01
8.383625149726867676e-01 4.453243017196655273e-01
3.313077390193939209e-01 8.928110003471374512e-01
2.045822888612747192e-01 7.436298131942749023e-01
5.505082011222839355e-01 7.499628067016601562e-01
4.204099476337432861e-01 4.400042891502380371e-01
7.003087401390075684e-01 6.007555127143859863e-02
7.920090109109878540e-02 4.359517991542816162e-01
3.281269967555999756e-01 5.658087134361267090e-01
7.193939685821533203e-01 6.028288006782531738e-01
5.053985714912414551e-01 7.853397130966186523e-01
7.720741629600524902e-01 8.724481612443923950e-02
3.153465390205383301e-01 4.644131958484649658e-01
1.343822479248046875e-01 3.951593637466430664e-01
7.632176280021667480e-01 8.581416010856628418e-01
6.254498362541198730e-01 7.789689302444458008e-01
2.068719454109668732e-02 7.938949465751647949e-01
4.461306631565093994e-01 7.410141229629516602e-01
6.925153732299804688e-01 1.523613184690475464e-01
2.368649393320083618e-01 7.093939781188964844e-01
9.500236809253692627e-02 4.083864688873291016e-01
5.894367098808288574e-01 9.411150813102722168e-01
3.981476724147796631e-01 1.233001947402954102e-01
9.765777587890625000e-01 2.682705223560333252e-01
8.673490285873413086e-01 3.309060931205749512e-01
2.769266664981842041e-01 2.725913524627685547e-01
1.863778382539749146e-01 3.615128993988037109e-02
1.667052507400512695e-01 1.131506189703941345e-01
1.546091437339782715e-01 7.661654353141784668e-01
4.154084715992212296e-03 8.411043286323547363e-01
2.540233135223388672e-01 1.257316768169403076e-01
7.445806264877319336e-01 1.631053537130355835e-02
3.614951968193054199e-01 4.136862456798553467e-01
6.937282681465148926e-01 4.115060865879058838e-01
5.885343551635742188e-01 1.439724415540695190e-01
8.086921572685241699e-01 8.770094513893127441e-01
1.580001860857009888e-01 4.933243691921234131e-01
1.089000105857849121e-01 8.485479950904846191e-01
7.975937128067016602e-01 1.525018960237503052e-01
5.427961945533752441e-01 3.488879501819610596e-01
6.180270314216613770e-01 7.461206614971160889e-02
9.163049459457397461e-01 8.801138997077941895e-01
2.811547219753265381e-01 1.608926951885223389e-01
6.524098515510559082e-01 7.982926964759826660e-01
8.698781132698059082e-01 3.464655876159667969e-01
7.696949839591979980e-01 9.329347610473632812e-01
9.215812683105468750e-01 8.397034406661987305e-01
6.536110639572143555e-01 5.125618577003479004e-01
1.479057371616363525e-01 5.818091034889221191e-01
4.000767469406127930e-01 2.280859202146530151e-01
4.202417135238647461e-01 8.814401030540466309e-01
5.650587752461433411e-02 1.171421110630035400e-01
7.983350157737731934e-01 7.844887971878051758e-01
4.417359083890914917e-02 5.072773098945617676e-01
9.833839535713195801e-01 3.524152636528015137e-01
9.641708731651306152e-01 5.085301399230957031e-01
9.522283673286437988e-01 6.859994530677795410e-01
1.707363277673721313e-01 4.063682556152343750e-01
4.459749460220336914e-01 9.231994152069091797e-01
8.901943564414978027e-01 4.924917221069335938e-01
7.390716671943664551e-01 2.596983015537261963e-01
4.919811189174652100e-01 8.136546015739440918e-01
9.148390293121337891e-01 7.223289012908935547e-01
1.757982559502124786e-02 6.477552652359008789e-01
4.402333199977874756e-01 2.507903277873992920e-01
1.792331188917160034e-01 8.141900300979614258e-01
6.565671563148498535e-01 2.361570149660110474e-01
8.911724686622619629e-01 8.126363158226013184e-01
6.889046430587768555e-01 3.126009702682495117e-01
1.366695463657379150e-01 6.217994689941406250e-01
7.092694640159606934e-01 8.654654026031494141e-01
9.754288792610168457e-01 9.761304855346679688e-01
3.441295027732849121e-01 4.698608815670013428e-01
2.236413955688476562e-01 7.835958003997802734e-01
8.136560916900634766e-01 6.683010607957839966e-02
1.552717685699462891e-01 9.366402626037597656e-01
5.176370739936828613e-01 3.193346560001373291e-01
2.283966839313507080e-01 8.637692332267761230e-01
3.318934142589569092e-01 9.893482327461242676e-01
9.439117312431335449e-01 1.480457484722137451e-01
1.522203385829925537e-01 1.323406547307968140e-01
2.774221897125244141e-01 1.395702362060546875e-03
3.486446440219879150e-01 7.090877294540405273e-01
7.836839556694030762e-01 9.750819206237792969e-01
6.349073052406311035e-01 7.859899997711181641e-01
3.202847540378570557e-01 5.867489054799079895e-02
8.811026215553283691e-01 1.417148411273956299e-01
8.458847403526306152e-01 9.794505834579467773e-01
3.322227597236633301e-01 2.554953694343566895e-01
1.965694278478622437e-01 9.040738344192504883e-01
9.927827119827270508e-01 7.722632884979248047e-01
3.974758684635162354e-01 8.776758313179016113e-01
9.366378784179687500e-01 8.365303277969360352e-01
3.755393326282501221e-01 7.376683950424194336e-01
3.250209391117095947e-01 3.467068374156951904e-01
9.455880522727966309e-01 4.217134714126586914e-01
2.860125899314880371e-01 2.022494077682495117e-01
9.850740432739257812e-01 7.096230983734130859e-01
6.614615917205810547e-01 6.765767931938171387e-01
3.190456032752990723e-01 9.366455674171447754e-01
4.332573115825653076e-01 6.560194492340087891e-01
1.704138368368148804e-01 8.726672530174255371e-01
4.242364168167114258e-01 8.479568362236022949e-01
5.842997878789901733e-02 6.227364540100097656e-01
8.000813126564025879e-01 2.332301288843154907e-01
1.894829422235488892e-01 6.306923031806945801e-01
8.661058545112609863e-02 3.030854761600494385e-01
7.637258172035217285e-01 7.639720439910888672e-01
1.532841771841049194e-01 7.979452013969421387e-01
9.211362898349761963e-02 9.580099582672119141e-01
3.698237538337707520e-01 9.864653944969177246e-01
8.604038953781127930e-01 2.735706567764282227e-01
5.579289793968200684e-01 3.079946152865886688e-02
9.901762008666992188e-02 1.219007149338722229e-01
1.642374545335769653e-01 6.538589000701904297e-01
6.059756278991699219e-01 5.117987990379333496e-01
9.340590834617614746e-01 5.598567128181457520e-01
2.012948244810104370e-01 7.144298553466796875e-01
6.975203156471252441e-01 3.854513466358184814e-01
9.144054353237152100e-02 3.819073438644409180e-01
3.427522182464599609e-01 3.817843198776245117e-01
9.479874372482299805e-02 2.124044746160507202e-01
4.995594918727874756e-01 6.725772023200988770e-01
1.594802439212799072e-01 3.139198422431945801e-01
9.180588722229003906e-01 9.334996938705444336e-01
2.072517871856689453e-01 8.967087268829345703e-01
2.639187574386596680e-01 4.884048998355865479e-01
8.689271211624145508e-01 7.169339656829833984e-01
4.002733528614044189e-01 9.308314919471740723e-01
6.897642016410827637e-01 9.664889574050903320e-01
6.885942220687866211e-01 1.974878460168838501e-01
7.826589792966842651e-02 7.017127275466918945e-01
1.720965057611465454e-01 7.494519948959350586e-01
7.635797858238220215e-01 5.627983212471008301e-01
2.199135534465312958e-02 8.132060766220092773e-01
5.118408203125000000e-01 3.891019225120544434e-01
8.219526410102844238e-01 1.288800835609436035e-01
5.323463678359985352e-01 1.699203550815582275e-01
3.846568167209625244e-01 3.495719730854034424e-01
5.588907003402709961e-01 6.829453259706497192e-02
1.824751347303390503e-01 5.850410461425781250e-02
1.615451872348785400e-01 9.904568791389465332e-01
2.548066973686218262e-01 6.188959479331970215e-01
1.527609974145889282e-01 7.140542864799499512e-01
3.655637800693511963e-01 4.542939960956573486e-01
4.609965085983276367e-01 2.557997107505798340e-01
4.057244360446929932e-01 4.583338201045989990e-01
3.397660553455352783e-01 7.083854079246520996e-01
9.115979075431823730e-01 6.050751209259033203e-01
6.015124320983886719e-01 8.872829675674438477e-01
7.153563499450683594e-01 7.826822400093078613e-01
2.386323660612106323e-01 3.787081837654113770e-01
6.200376749038696289e-01 5.676994323730468750e-01
5.016329884529113770e-01 2.671866118907928467e-02
8.934859633445739746e-01 4.327017962932586670e-01
2.135046124458312988e-01 5.405058860778808594e-01
5.072352886199951172e-01 6.671561598777770996e-01
6.299141645431518555e-01 1.312222927808761597e-01
7.042844891548156738e-01 2.145108878612518311e-01
1.755375713109970093e-01 2.569991052150726318e-01
4.551674127578735352e-01 8.716726303100585938e-01
8.657373189926147461e-01 3.692586347460746765e-02
2.783404663205146790e-02 5.016024112701416016e-01
5.096107125282287598e-01 6.328272223472595215e-01
5.103170871734619141e-01 2.179255783557891846e-01
2.671597301959991455e-01 4.515036046504974365e-01
8.328791260719299316e-01 4.169600307941436768e-01
8.515490889549255371e-01 1.512642502784729004e-01
4.523715078830718994e-01 1.517067253589630127e-01
3.838157653808593750e-01 4.319356083869934082e-01
7.002056837081909180e-01 8.947909474372863770e-01
9.107554554939270020e-01 3.123978078365325928e-01
2.758689522743225098e-01 9.102199226617813110e-02
8.142945170402526855e-01 6.438648700714111328e-01
6.503746509552001953e-01 3.221002519130706787e-01
2.584530413150787354e-01 7.839360237121582031e-01
9.996712803840637207e-01 3.857909142971038818e-02
8.233089447021484375e-01 3.170321285724639893e-01
6.449967026710510254e-01 3.657666742801666260e-01
7.453597784042358398e-01 6.449722647666931152e-01
8.510777354240417480e-02 2.627813220024108887e-01
5.824417471885681152e-01 7.562770247459411621e-01
1.127009466290473938e-01 8.840560317039489746e-01
4.697128236293792725e-01 4.227733016014099121e-01
9.012556672096252441e-01 3.101794123649597168e-01
1.570158153772354126e-01 1.916649639606475830e-01
3.101721405982971191e-01 7.781269550323486328e-01
6.843899376690387726e-03 4.587391912937164307e-01
6.366227269172668457e-01 9.552466869354248047e-01
5.626897811889648438e-01 9.936507344245910645e-01
6.531009078025817871e-01 5.416092276573181152e-01
8.737044930458068848e-01 9.826201200485229492e-01
4.512883722782135010e-01 2.868600785732269287e-01
7.767527699470520020e-01 2.668322622776031494e-01
6.801136583089828491e-02 3.482399582862854004e-01
5.729107856750488281e-01 2.557771503925323486e-01
1.234143674373626709e-01 5.127876996994018555e-02
2.722282409667968750e-01 6.007576584815979004e-01
1.572386324405670166e-01 9.118118882179260254e-01
7.661931514739990234e-01 7.384634613990783691e-01
6.739073991775512695e-01 8.784409761428833008e-01
4.044581949710845947e-02 3.645895719528198242e-01
5.486110448837280273e-01 9.556462764739990234e-01
9.408975839614868164e-01 9.806501269340515137e-01
9.895623922348022461e-01 9.448697566986083984e-01
3.884037137031555176e-01 7.756136655807495117e-01
6.710199713706970215e-01 4.818980768322944641e-02
2.399564161896705627e-02 1.116890609264373779e-01
9.005300700664520264e-03 3.124507367610931396e-01
1.380131840705871582e-01 8.144620060920715332e-02
4.634605944156646729e-01 3.153719007968902588e-01
5.814463496208190918e-01 7.585365772247314453e-01
9.677476882934570312e-01 7.081714272499084473e-01
7.905475497245788574e-01 4.469556808471679688e-01
7.805927395820617676e-01 3.384407460689544678e-01
4.318672716617584229e-01 6.928575634956359863e-01
9.205845594406127930e-01 1.572184115648269653e-01
8.252380490303039551e-01 3.546141088008880615e-02
3.361584842205047607e-01 2.222590595483779907e-01
9.336074441671371460e-02 9.863116741180419922e-01
9.764786958694458008e-01 3.736838102340698242e-01
1.316572576761245728e-01 1.084157600998878479e-01
3.747615218162536621e-01 3.939390480518341064e-01
2.119128257036209106e-01 9.883868694305419922e-01
2.994717471301555634e-02 1.204528585076332092e-01
3.063581883907318115e-01 1.743208765983581543e-01
9.221291542053222656e-01 5.159798860549926758e-01
9.608021378517150879e-01 8.617128729820251465e-01
9.653357863426208496e-01 4.704587906599044800e-02
4.592138528823852539e-01 7.013597488403320312e-01
2.312996238470077515e-01 7.961159348487854004e-01
1.064490154385566711e-01 5.070313811302185059e-01
1.163801178336143494e-01 9.174807071685791016e-01
8.485533297061920166e-02 5.858933925628662109e-01
1.131135299801826477e-01 1.026182994246482849e-01
6.739166378974914551e-01 3.866750001907348633e-01
2.983716130256652832e-01 3.383543193340301514e-01
1.191296800971031189e-01 4.501341283321380615e-01
7.157804965972900391e-01 9.182842075824737549e-02
9.576261639595031738e-01 4.520091414451599121e-01
4.187161028385162354e-01 7.706392407417297363e-01
6.484184861183166504e-01 7.203424572944641113e-01
8.911693096160888672e-02 8.301343321800231934e-01
5.408656001091003418e-01 8.660588860511779785e-01
8.686543107032775879e-01 2.252268940210342407e-01
8.815159201622009277e-01 8.837199211120605469e-01
2.768588624894618988e-02 4.562770202755928040e-02
4.612810611724853516e-01 8.547022938728332520e-02
9.417390823364257812e-01 2.867534011602401733e-02
1.836987584829330444e-01 4.850669503211975098e-01
4.202471375465393066e-01 5.432355403900146484e-01
6.678671836853027344e-01 6.789804697036743164e-01
6.786960363388061523e-01 8.710141777992248535e-01
3.026631176471710205e-01 7.316544651985168457e-01
3.058999180793762207e-01 4.956097304821014404e-01
8.523339033126831055e-01 8.581446409225463867e-01
8.515786379575729370e-02 6.333295255899429321e-02
6.179324388504028320e-01 9.529672265052795410e-01
3.565506637096405029e-02 9.934428930282592773e-01
6.377483606338500977e-01 4.187065064907073975e-01
8.931692838668823242e-01 3.978383839130401611e-01
9.163712859153747559e-01 6.447362899780273438e-01
4.651489257812500000e-01 6.329224705696105957e-01
6.078072190284729004e-01 6.970253586769104004e-01
3.933747708797454834e-01 9.243598580360412598e-01
1.179879084229469299e-01 1.814991086721420288e-01
5.917138233780860901e-02 8.389445543289184570e-01
6.814811229705810547e-01 8.000322580337524414e-01
2.968173287808895111e-02 7.801471948623657227e-01
2.249581664800643921e-01 4.446268379688262939e-01
7.568141818046569824e-01 2.399066388607025146e-01
7.169886827468872070e-01 5.243867635726928711e-01
7.639704346656799316e-01 8.660371899604797363e-01
2.716090083122253418e-01 9.390878081321716309e-01
9.832062125205993652e-01 9.270557761192321777e-01
8.318700790405273438e-01 8.231605291366577148e-01
4.453143179416656494e-01 8.446624279022216797e-01
5.355674028396606445e-01 4.627096056938171387e-01
5.030861496925354004e-02 3.177493214607238770e-01
1.999644637107849121e-01 9.185450077056884766e-01
1.916096359491348267e-01 9.364233165979385376e-02
2.136225998401641846e-01 5.248183012008666992e-01
4.334378540515899658e-01 9.873487353324890137e-01
1.077100485563278198e-01 8.073342442512512207e-01
5.366050601005554199e-01 6.677107810974121094e-01
8.297406435012817383e-01 7.275999188423156738e-01
1.845282316207885742e-01 6.725874543190002441e-01
5.269482731819152832e-01 4.978946447372436523e-01
5.645125508308410645e-01 6.801791191101074219e-01
2.784145623445510864e-02 8.905934691429138184e-01
9.723432064056396484e-01 9.404545277357101440e-02
2.702689468860626221e-01 9.147177934646606445e-01
8.307662010192871094e-01 5.701860785484313965e-01
6.693966388702392578e-01 9.525775909423828125e-01
4.873144030570983887e-01 5.651265382766723633e-01
2.660415172576904297e-01 3.983923494815826416e-01
5.267844200134277344e-01 5.934271216392517090e-01
5.587562918663024902e-01 9.129488468170166016e-01
6.241607666015625000e-01 6.326643228530883789e-01
3.215859532356262207e-01 6.706160902976989746e-01
9.908900260925292969e-01 1.177228763699531555e-01
5.113626644015312195e-02 6.103006601333618164e-01
1.263013333082199097e-01 2.146047651767730713e-01
1.575086712837219238e-01 3.568607568740844727e-01
6.938406229019165039e-01 5.610180497169494629e-01
2.225731611251831055e-01 2.746431902050971985e-02
4.540118575096130371e-01 1.791308447718620300e-02
3.991412818431854248e-01 7.820598483085632324e-01
7.867125272750854492e-01 6.229926347732543945e-01
7.067264318466186523e-01 4.272179305553436279e-01
6.257656812667846680e-01 3.026835322380065918e-01
6.175818443298339844e-01 3.335564136505126953e-01
6.994623541831970215e-01 2.482084333896636963e-01
6.731866002082824707e-01 2.771171629428863525e-01
5.770416855812072754e-01 3.763772547245025635e-01
6.665388345718383789e-01 9.903360009193420410e-01
1.357344090938568115e-01 4.671277403831481934e-01
2.455004453659057617e-01 5.242738127708435059e-01
5.738747715950012207e-01 2.768585383892059326e-01
3.016774952411651611e-01 1.444933563470840454e-01
8.109377622604370117e-01 8.394164443016052246e-01
3.837193846702575684e-01 7.723633944988250732e-02
3.494077622890472412e-01 7.646988332271575928e-02
1.377507001161575317e-01 2.806569822132587433e-02
1.847678869962692261e-01 3.168456554412841797e-01
7.620470225811004639e-02 2.493491470813751221e-01
3.732284605503082275e-01 2.007227949798107147e-02
4.555009901523590088e-01 4.160660505294799805e-01
8.380246758460998535e-01 6.290451288223266602e-01
6.707867980003356934e-02 4.874341189861297607e-02
5.820335149765014648e-01 6.332519650459289551e-01
1.060558259487152100e-01 9.995433688163757324e-01
4.757776558399200439e-01 1.755522191524505615e-01
4.402726292610168457e-01 9.277373552322387695e-02
2.884023785591125488e-01 2.454243898391723633e-01
7.868831753730773926e-01 2.238763272762298584e-01
1.606470644474029541e-01 6.834444999694824219e-01
9.940510392189025879e-01 2.493255436420440674e-01
4.743207693099975586e-01 1.632022112607955933e-01
8.371164202690124512e-01 7.789586186408996582e-01
5.903018712997436523e-01 4.677135348320007324e-01
5.871323943138122559e-01 7.892624735832214355e-01
1.371994465589523315e-01 7.252357006072998047e-01
2.948260605335235596e-01 1.054690405726432800e-01
8.840222358703613281e-01 6.749740839004516602e-01
9.048094153404235840e-01 5.597070604562759399e-02
2.900088727474212646e-01 9.016215801239013672e-01
3.418093621730804443e-01 5.729222297668457031e-01
6.202368140220642090e-01 8.429890871047973633e-01
1.101320236921310425e-01 2.569979727268218994e-01
8.440337330102920532e-02 8.087584972381591797e-01
5.229384303092956543e-01 5.584216117858886719e-01
9.413391351699829102e-01 2.526281177997589111e-01
8.198751807212829590e-01 5.927047133445739746e-01
5.369015932083129883e-01 2.734515070915222168e-01
8.447749614715576172e-01 6.969476342201232910e-01
6.320375204086303711e-01 1.662376672029495239e-01
1.967726945877075195e-01 1.861172914505004883e-01
4.436837434768676758e-01 4.511530995368957520e-01
3.468159735202789307e-01 3.053891956806182861e-01
7.741328328847885132e-02 1.349655687808990479e-01
1.334704160690307617e-01 4.547514915466308594e-01
3.909335732460021973e-01 9.848644733428955078e-01
4.328785240650177002e-01 5.679720044136047363e-01
1.438420545309782028e-02 1.928741931915283203e-01
1.073438972234725952e-01 3.531773984432220459e-01
6.480661034584045410e-01 6.073224544525146484e-01
1.608371138572692871e-01 3.658921122550964355e-01
6.733366250991821289e-01 7.336131930351257324e-01
9.062542915344238281e-01 6.847829222679138184e-01
7.060380578041076660e-01 1.812541633844375610e-01
8.842563033103942871e-01 1.899906992912292480e-01
8.551647663116455078e-01 1.040345430374145508e-01
9.000713825225830078e-01 7.325186729431152344e-01
4.889565706253051758e-01 2.636553645133972168e-01
9.317753314971923828e-01 4.677665829658508301e-01
2.030120342969894409e-01 7.698630094528198242e-01
6.551779806613922119e-02 3.766394853591918945e-01
3.945010602474212646e-01 2.387301251292228699e-02
8.029360175132751465e-01 1.746803671121597290e-01
8.630996942520141602e-01 6.785572767257690430e-01
5.699826478958129883e-01 7.982386350631713867e-01
8.687305450439453125e-01 9.941415190696716309e-01
4.107615649700164795e-01 1.744437515735626221e-01
5.116848349571228027e-01 5.428521633148193359e-01
3.295151293277740479e-01 6.056988835334777832e-01
1.265900135040283203e-01 5.959105491638183594e-01
9.923494458198547363e-01 7.874922454357147217e-02
3.978971540927886963e-01 2.756879031658172607e-01
2.254448384046554565e-01 2.448422163724899292e-01
5.350700616836547852e-01 7.860497236251831055e-01
2.058480829000473022e-01 7.494813948869705200e-02
4.043005108833312988e-01 3.744930624961853027e-01
5.027999281883239746e-01 1.084818691015243530e-01
4.832447469234466553e-01 7.625260949134826660e-01
5.913270711898803711e-01 6.861322522163391113e-01
2.603224515914916992e-01 4.564735591411590576e-01
3.368486762046813965e-01 1.312718912959098816e-02
4.957435429096221924e-01 9.688252210617065430e-01
4.351937472820281982e-01 3.596885800361633301e-01
