9.835108369588851929e-02 5.476603507995605469e-01
3.261778876185417175e-02 9.939873814582824707e-01
3.153098821640014648e-01 8.656427860260009766e-01
2.794955968856811523e-01 1.674200892448425293e-01
3.066157400608062744e-01 1.761390715837478638e-01
6.363478899002075195e-01 7.742456793785095215e-01
3.351697623729705811e-01 7.944805622100830078e-01
2.635434865951538086e-01 1.998634636402130127e-01
3.607506752014160156e-01 8.813666105270385742e-01
9.492927193641662598e-01 7.326080799102783203e-01
5.687484145164489746e-01 3.908095657825469971e-01
1.014287397265434265e-01 1.406606584787368774e-01
3.827451765537261963e-01 6.433161497116088867e-01
7.797998785972595215e-01 9.353628754615783691e-01
6.960719823837280273e-01 7.252632975578308105e-01
3.755520656704902649e-02 6.452960371971130371e-01
6.915464997291564941e-01 3.918407261371612549e-01
2.104046195745468140e-02 7.240722179412841797e-01
1.675876826047897339e-01 2.209924161434173584e-01
2.763091325759887695e-01 3.346519172191619873e-01
5.562784671783447266e-01 8.278619050979614258e-01
7.817430496215820312e-01 5.416770577430725098e-01
1.011473983526229858e-01 2.872542142868041992e-01
1.623344272375106812e-01 8.668085336685180664e-01
2.728097438812255859e-01 6.141406297683715820e-01
5.756636261940002441e-01 1.011301875114440918e-01
6.604589223861694336e-01 1.646316796541213989e-01
7.790359854698181152e-01 1.574086025357246399e-02
5.401669740676879883e-01 1.348884552717208862e-01
5.229295417666435242e-02 7.916094362735748291e-02
3.092068433761596680e-01 3.989603519439697266e-01
3.730930387973785400e-02 5.341553092002868652e-01
8.961893916130065918e-01 6.614164710044860840e-01
7.398864030838012695e-01 4.945818185806274414e-01
4.037358239293098450e-02 3.064873255789279938e-02
1.350868493318557739e-01 4.663956463336944580e-01
1.795621067285537720e-01 6.075543761253356934e-01
4.546729922294616699e-01 4.471939802169799805e-01
2.468506246805191040e-01 8.159233331680297852e-01
6.997219324111938477e-01 8.459536433219909668e-01
5.629131793975830078e-01 5.324230790138244629e-01
6.857947111129760742e-01 7.835339307785034180e-01
9.339104890823364258e-01 8.490178585052490234e-01
3.528828918933868408e-01 6.158780455589294434e-01
7.545381784439086914e-01 5.992695093154907227e-01
2.862785756587982178e-02 3.276800811290740967e-01
5.770107507705688477e-01 5.952759385108947754e-01
8.783996701240539551e-01 9.558349847793579102e-01
1.187013089656829834e-01 9.412397742271423340e-01
6.588350236415863037e-02 6.052579879760742188e-01
9.550268650054931641e-01 1.422875467687845230e-02
6.141993999481201172e-01 3.748090565204620361e-01
5.331871509552001953e-01 5.880018472671508789e-01
1.737709343433380127e-01 3.026471138000488281e-01
6.385655403137207031e-01 9.299432039260864258e-01
6.089645624160766602e-01 2.566700428724288940e-02
8.787021040916442871e-01 8.589518666267395020e-01
9.148237705230712891e-01 6.036563590168952942e-02
2.402847856283187866e-01 1.389520764350891113e-01
4.908123984932899475e-02 4.471172690391540527e-01
3.786070644855499268e-01 3.658385276794433594e-01
6.032010540366172791e-02 9.514992237091064453e-01
1.105269119143486023e-01 7.786475867033004761e-02
6.818131804466247559e-01 9.911795854568481445e-01
5.238811373710632324e-01 7.521190047264099121e-01
8.911609053611755371e-01 6.230760812759399414e-01
5.367019772529602051e-01 9.951021075248718262e-01
5.924243330955505371e-01 5.952247977256774902e-02
8.782953619956970215e-01 6.667493581771850586e-01
8.053262829780578613e-01 1.333609819412231445e-01
5.391083955764770508e-01 9.117997288703918457e-01
5.497702956199645996e-01 1.603032648563385010e-01
9.027038514614105225e-02 9.755707979202270508e-01
7.729592323303222656e-01 2.884212732315063477e-01
2.002354264259338379e-01 8.493149876594543457e-01
3.457976877689361572e-01 3.564624190330505371e-01
5.895670056343078613e-01 3.381793498992919922e-01
8.259460330009460449e-01 9.731897711753845215e-01
7.402424216270446777e-01 4.217123985290527344e-01
7.357212901115417480e-02 2.532710134983062744e-01
2.136080414056777954e-01 7.946632504463195801e-01
7.961751520633697510e-02 3.511726558208465576e-01
7.184754014015197754e-01 9.924924373626708984e-01
2.692289054393768311e-01 7.653132081031799316e-02
1.069432217627763748e-02 8.654901385307312012e-01
4.975194036960601807e-01 7.921999692916870117e-01
6.891545057296752930e-01 2.184839695692062378e-01
9.430641531944274902e-01 9.524247050285339355e-01
9.401751160621643066e-01 6.306039094924926758e-01
4.812552928924560547e-01 8.541738986968994141e-01
7.464687824249267578e-01 3.887533843517303467e-01
3.323026895523071289e-01 4.281657338142395020e-01
8.821548819541931152e-01 3.648412525653839111e-01
4.859400391578674316e-01 3.656357824802398682e-01
2.712021172046661377e-01 5.841108560562133789e-01
4.155426323413848877e-01 2.035073786973953247e-01
2.719003260135650635e-01 5.437874794006347656e-01
7.378989458084106445e-01 6.986162066459655762e-01
5.094865560531616211e-01 2.594553232192993164e-01
6.223980188369750977e-01 7.903674840927124023e-01
2.719638645648956299e-01 7.989251017570495605e-01
4.706398546695709229e-01 1.484574973583221436e-01
6.872438192367553711e-01 4.358623027801513672e-01
6.594765931367874146e-02 8.362014293670654297e-01
6.045455932617187500e-01 8.985884785652160645e-01
4.452547430992126465e-01 6.835134625434875488e-01
5.226543545722961426e-01 8.066706359386444092e-02
9.007750153541564941e-01 7.043075561523437500e-01
8.334181308746337891e-01 8.293396234512329102e-02
9.459872245788574219e-01 5.635764598846435547e-01
3.263101875782012939e-01 3.305849134922027588e-01
3.178603649139404297e-01 2.326902002096176147e-01
1.306441277265548706e-01 9.301129579544067383e-01
6.349894404411315918e-01 4.769004881381988525e-01
4.243739247322082520e-01 2.044850140810012817e-01
3.165078759193420410e-01 2.579011023044586182e-01
1.422929763793945312e-02 3.038313388824462891e-01
7.439702153205871582e-01 9.479997158050537109e-01
5.229861736297607422e-01 6.656082272529602051e-01
9.727234244346618652e-01 8.155827522277832031e-01
1.870754919946193695e-02 5.474768877029418945e-01
5.783860087394714355e-01 7.759413123130798340e-01
2.844703793525695801e-01 9.574582576751708984e-01
5.866326093673706055e-01 4.104354381561279297e-01
9.857656359672546387e-01 1.560210138559341431e-01
2.163119316101074219e-01 4.494972229003906250e-01
1.976969093084335327e-01 3.598405718803405762e-01
5.312654972076416016e-01 9.549344182014465332e-01
8.066462278366088867e-01 9.514107108116149902e-01
7.193428277969360352e-01 6.344214081764221191e-01
9.782162904739379883e-01 3.021150827407836914e-01
5.814177170395851135e-02 1.883585155010223389e-01
4.411675333976745605e-01 5.220553278923034668e-01
8.954894542694091797e-02 4.885918200016021729e-01
1.126086711883544922e-02 4.347070157527923584e-01
1.452448070049285889e-01 9.020387530326843262e-01
4.302136600017547607e-01 1.529942601919174194e-01
6.793001294136047363e-01 5.214907526969909668e-01
4.463410675525665283e-01 9.980939030647277832e-01
7.611525654792785645e-01 4.552312791347503662e-01
4.102361202239990234e-01 7.993069887161254883e-01
6.082152128219604492e-01 3.203669786453247070e-01
7.945558428764343262e-01 8.168832063674926758e-01
1.200306639075279236e-01 9.865302443504333496e-01
7.580449581146240234e-01 2.682233452796936035e-01
3.447415232658386230e-01 5.531045794486999512e-01
1.394874155521392822e-01 7.806977033615112305e-01
3.057970404624938965e-01 2.884535193443298340e-01
9.747090339660644531e-01 4.750854372978210449e-01
3.312636315822601318e-01 5.004165768623352051e-01
4.054134488105773926e-01 3.354171812534332275e-01
4.701401591300964355e-01 9.286296367645263672e-01
1.694520115852355957e-01 3.388229310512542725e-01
8.886466026306152344e-01 3.645105063915252686e-01
8.695499897003173828e-01 6.934546232223510742e-01
3.707268238067626953e-01 7.734990715980529785e-01
4.882663190364837646e-01 3.079949319362640381e-01
3.593169450759887695e-01 4.498114585876464844e-01
9.788435697555541992e-01 9.696879386901855469e-01
5.092607736587524414e-01 1.835434436798095703e-01
2.876414358615875244e-01 7.391154766082763672e-01
4.596888720989227295e-01 7.618858814239501953e-01
8.214088678359985352e-01 3.351547122001647949e-01
8.499127626419067383e-01 1.390103995800018311e-02
3.602024316787719727e-01 7.331718206405639648e-01
8.435264229774475098e-01 3.991894125938415527e-01
2.876575291156768799e-01 2.549868822097778320e-01
5.651419758796691895e-01 8.137382268905639648e-01
8.736198544502258301e-01 8.803402185440063477e-01
1.626176834106445312e-01 2.249128520488739014e-01
5.941931605339050293e-01 6.776031255722045898e-01
9.771198034286499023e-01 2.601185441017150879e-01
6.925812363624572754e-01 4.786372482776641846e-01
6.067084670066833496e-01 9.248775839805603027e-01
6.613320112228393555e-01 9.096023440361022949e-02
9.304097294807434082e-01 4.724178612232208252e-01
6.391952037811279297e-01 3.054980039596557617e-01
4.592729806900024414e-01 9.016496539115905762e-01
4.132671058177947998e-01 2.263825833797454834e-01
8.291031122207641602e-01 5.265097022056579590e-01
2.155618071556091309e-01 5.603304505348205566e-02
2.447694987058639526e-01 6.549181938171386719e-01
2.880581021308898926e-01 6.834666132926940918e-01
6.843203306198120117e-01 2.131657153367996216e-01
8.305302262306213379e-01 4.634417891502380371e-01
9.699534177780151367e-01 8.401902019977569580e-02
5.785226225852966309e-01 4.638029634952545166e-01
2.146272063255310059e-01 1.964737623929977417e-01
3.791605234146118164e-01 9.061222076416015625e-01
4.972094297409057617e-01 3.524632155895233154e-01
3.197919130325317383e-01 9.706675261259078979e-02
7.735662162303924561e-02 5.776337385177612305e-01
3.221494853496551514e-01 2.298462688922882080e-01
5.646936297416687012e-01 2.565178573131561279e-01
1.627809405326843262e-01 9.711220860481262207e-01
3.155115246772766113e-01 7.159699201583862305e-01
8.565304279327392578e-01 2.045019567012786865e-01
5.459105372428894043e-01 1.535544265061616898e-02
5.592061281204223633e-01 7.881921529769897461e-02
8.557204008102416992e-01 3.074100911617279053e-01
9.083943963050842285e-01 9.819427132606506348e-01
4.388258755207061768e-01 2.762401401996612549e-01
2.952219247817993164e-01 3.866827487945556641e-01
3.255293071269989014e-01 1.606782227754592896e-01
8.817342519760131836e-01 8.445361852645874023e-01
7.728887796401977539e-01 5.028081536293029785e-01
5.704177021980285645e-01 9.857447743415832520e-01
2.908045053482055664e-01 7.193672060966491699e-01
3.333868980407714844e-01 1.496975719928741455e-01
3.047402203083038330e-02 5.907781720161437988e-01
7.887154817581176758e-01 2.666820585727691650e-01
9.351358413696289062e-01 7.077379822731018066e-01
4.535504281520843506e-01 3.726350963115692139e-01
5.745242238044738770e-01 4.812653362751007080e-02
3.915060460567474365e-01 6.788358092308044434e-01
6.321713924407958984e-01 5.237602591514587402e-01
1.284587848931550980e-02 4.952950179576873779e-01
9.674065113067626953e-01 4.925808012485504150e-01
4.124630689620971680e-01 8.800972104072570801e-01
8.175384998321533203e-02 6.497235894203186035e-01
8.909122943878173828e-01 6.899595260620117188e-03
3.829276263713836670e-01 1.446481347084045410e-01
1.853290796279907227e-01 5.283643007278442383e-01
7.031040787696838379e-01 7.612798810005187988e-01
5.214333534240722656e-01 6.276530027389526367e-01
8.846810460090637207e-01 8.155367970466613770e-01
7.208721637725830078e-01 1.559157818555831909e-01
7.165660262107849121e-01 5.089926719665527344e-01
5.254938006401062012e-01 9.350514411926269531e-01
2.825975716114044189e-01 7.734248042106628418e-01
7.713409066200256348e-01 6.728380322456359863e-01
7.710647583007812500e-01 8.002914786338806152e-01
3.642549216747283936e-01 5.509579777717590332e-01
9.763963520526885986e-02 2.226033806800842285e-01
1.629858762025833130e-01 6.843830347061157227e-01
2.230134904384613037e-01 5.013745427131652832e-01
8.098594546318054199e-01 3.837412968277931213e-02
5.812765955924987793e-01 6.102648973464965820e-01
7.758352756500244141e-01 7.475805878639221191e-01
3.272387385368347168e-01 7.436026930809020996e-01
5.917306542396545410e-01 3.795562088489532471e-01
8.922140598297119141e-01 6.376513093709945679e-02
6.245742440223693848e-01 1.433058548718690872e-02
3.020769655704498291e-01 5.860700011253356934e-01
4.483758211135864258e-01 3.371687829494476318e-01
1.152159646153450012e-01 8.250792026519775391e-01
3.822566568851470947e-01 1.001310069113969803e-02
7.860675454139709473e-01 6.054711937904357910e-01
9.112581014633178711e-01 5.905071496963500977e-01
9.835195541381835938e-01 7.567869424819946289e-01
6.893174648284912109e-01 9.960985183715820312e-01
1.204397976398468018e-01 8.641512393951416016e-01
7.034716755151748657e-02 8.427956104278564453e-01
9.280831813812255859e-01 8.857207298278808594e-01
4.380494058132171631e-01 3.387022018432617188e-01
8.718539476394653320e-01 9.803209900856018066e-01
9.117029309272766113e-01 1.465979367494583130e-01
7.699542641639709473e-01 7.896237969398498535e-01
8.699405193328857422e-01 9.360811710357666016e-01
5.622803568840026855e-01 6.963583230972290039e-01
3.998722136020660400e-01 1.266638785600662231e-01
6.227297782897949219e-01 4.147098362445831299e-01
6.173561811447143555e-01 1.372617036104202271e-01
2.535173892974853516e-01 4.807507991790771484e-01
5.355294942855834961e-01 7.006312012672424316e-01
3.403301835060119629e-01 9.159637242555618286e-02
4.765746593475341797e-01 7.592621445655822754e-01
9.044452309608459473e-01 6.356462836265563965e-01
6.406074166297912598e-01 4.666837304830551147e-02
2.959277033805847168e-01 4.374797046184539795e-01
4.755991101264953613e-01 5.911862850189208984e-01
6.845622062683105469e-01 9.391981959342956543e-01
2.000592499971389771e-01 3.854497671127319336e-01
4.486567527055740356e-02 6.097174808382987976e-02
7.296437621116638184e-01 4.539099335670471191e-01
4.997764527797698975e-01 6.511926651000976562e-02
6.166270747780799866e-02 5.342957377433776855e-01
5.988711118698120117e-01 1.732948571443557739e-01
9.248626232147216797e-01 2.494413554668426514e-01
6.553096175193786621e-01 4.559087753295898438e-01
8.113262653350830078e-01 1.109654158353805542e-01
1.193411648273468018e-01 8.890395760536193848e-01
4.046190679073333740e-01 4.410200715065002441e-01
4.179818630218505859e-01 6.058514863252639771e-02
9.682790637016296387e-01 7.721444368362426758e-01
7.531464099884033203e-01 3.569914102554321289e-01
5.233935713768005371e-01 3.495225310325622559e-01
1.927504092454910278e-01 4.585761725902557373e-01
3.531670868396759033e-01 5.170563459396362305e-01
2.524722218513488770e-01 9.440212249755859375e-01
2.245323359966278076e-01 7.798336148262023926e-01
3.746207058429718018e-01 7.569376826286315918e-01
5.968968272209167480e-01 2.966413795948028564e-01
8.578376173973083496e-01 6.495467424392700195e-01
5.812720656394958496e-01 2.625085115432739258e-01
7.500853538513183594e-01 3.287862539291381836e-01
2.413215339183807373e-01 7.675813436508178711e-01
8.713431954383850098e-01 2.487702667713165283e-01
2.679163515567779541e-01 4.035749733448028564e-01
2.647967636585235596e-01 8.766607642173767090e-01
8.106733560562133789e-01 4.718962609767913818e-01
1.952671706676483154e-01 8.531961590051651001e-02
4.377356171607971191e-01 6.483622789382934570e-01
6.879815459251403809e-01 8.725964426994323730e-01
9.290229678153991699e-01 8.134469389915466309e-01
5.886521935462951660e-01 4.839133024215698242e-01
4.894502162933349609e-01 6.279942393302917480e-01
6.819896101951599121e-01 5.706368684768676758e-01
1.783653050661087036e-01 1.579667627811431885e-01
2.939082086086273193e-01 5.240356326103210449e-01
2.247788012027740479e-01 8.068852424621582031e-01
4.519577324390411377e-02 2.784356474876403809e-01
3.375317528843879700e-02 2.975578010082244873e-01
1.879725456237792969e-01 9.422403573989868164e-01
6.501833200454711914e-01 2.317258268594741821e-01
6.545742154121398926e-01 8.874381780624389648e-01
9.774448871612548828e-01 9.394961595535278320e-01
7.506561875343322754e-01 1.963905543088912964e-01
7.567795515060424805e-01 6.854519248008728027e-01
8.537483960390090942e-02 2.424500435590744019e-01
9.653164148330688477e-01 7.213852405548095703e-01
7.993030548095703125e-01 8.694090247154235840e-01
3.690599501132965088e-01 2.203461676836013794e-01
4.810410439968109131e-01 5.351113677024841309e-01
2.087972462177276611e-01 3.210147023200988770e-01
1.474806815385818481e-01 4.424978494644165039e-01
1.743809729814529419e-01 4.428430199623107910e-01
8.391944766044616699e-01 6.248320341110229492e-01
7.081149220466613770e-01 6.625689268112182617e-01
9.623304605484008789e-01 8.574613332748413086e-01
2.869965434074401855e-01 4.618061780929565430e-01
3.304121196269989014e-01 3.767302930355072021e-01
6.258208751678466797e-01 2.578241825103759766e-01
7.949367761611938477e-01 9.304085969924926758e-01
1.206039041280746460e-01 5.933046340942382812e-01
4.617374241352081299e-01 8.574448227882385254e-01
6.229172646999359131e-02 1.101289130747318268e-02
4.308935105800628662e-01 3.074555695056915283e-01
7.837160229682922363e-01 7.100971937179565430e-01
1.133124455809593201e-01 5.259014368057250977e-01
2.916861139237880707e-02 6.763002872467041016e-01
8.455592393875122070e-01 9.170543551445007324e-01
3.670301437377929688e-01 1.474664807319641113e-01
4.481339752674102783e-01 1.034504622220993042e-01
9.948325753211975098e-01 1.795241981744766235e-01
5.399312376976013184e-01 3.336891233921051025e-01
6.529445052146911621e-01 6.709080934524536133e-01
5.465654730796813965e-01 8.536967635154724121e-01
7.209821343421936035e-01 8.117964863777160645e-01
5.994801521301269531e-01 8.444041013717651367e-01
2.732131481170654297e-01 3.450242578983306885e-01
3.971372842788696289e-01 5.981659889221191406e-01
8.376181125640869141e-01 8.087234497070312500e-01
5.905739068984985352e-01 6.453384757041931152e-01
3.905899822711944580e-01 7.283802032470703125e-01
1.490639299154281616e-01 1.132206469774246216e-01
9.077593684196472168e-01 4.433587491512298584e-01
4.816052317619323730e-01 4.973286092281341553e-01
6.133543848991394043e-01 7.484406828880310059e-01
7.566697001457214355e-01 7.184842824935913086e-01
6.116396188735961914e-01 4.358804970979690552e-02
9.321523308753967285e-01 4.014968872070312500e-03
6.723944544792175293e-01 2.792565524578094482e-01
3.672875761985778809e-01 2.892820835113525391e-01
5.578200221061706543e-01 6.706204414367675781e-01
7.809019684791564941e-01 3.049346208572387695e-01
3.929139077663421631e-01 7.136209607124328613e-01
6.531405448913574219e-01 6.051169633865356445e-01
7.086566686630249023e-01 6.104664206504821777e-01
2.667340338230133057e-01 1.211275607347488403e-01
5.459623932838439941e-01 7.204294204711914062e-01
9.758965969085693359e-01 5.602603554725646973e-01
6.717082858085632324e-01 6.442601084709167480e-01
2.139917910099029541e-01 1.306116580963134766e-01
4.488471150398254395e-01 1.867336779832839966e-01
5.033017396926879883e-01 4.961460828781127930e-01
9.583182930946350098e-01 4.309006035327911377e-02
3.182809650897979736e-01 1.393439024686813354e-01
3.214879035949707031e-01 4.591183066368103027e-01
2.042056173086166382e-01 2.233075797557830811e-01
9.558917284011840820e-01 3.873913586139678955e-01
5.334466323256492615e-02 7.630136013031005859e-01
2.995182201266288757e-02 9.996061325073242188e-01
3.906569480895996094e-01 4.216612577438354492e-01
8.970838785171508789e-01 3.300381004810333252e-01
2.569423317909240723e-01 9.339973926544189453e-01
5.206192731857299805e-01 2.863373607397079468e-02
3.988991379737854004e-01 1.332299411296844482e-01
9.082240462303161621e-01 7.694043517112731934e-01
2.335377335548400879e-01 3.666176199913024902e-01
9.101220369338989258e-01 2.424313575029373169e-01
9.220052957534790039e-01 5.498926043510437012e-01
2.471760213375091553e-01 9.848874807357788086e-01
3.536907583475112915e-02 9.071704149246215820e-01
4.332150220870971680e-01 2.230931967496871948e-01
1.853259354829788208e-01 7.936501502990722656e-01
1.193818524479866028e-01 2.722756564617156982e-01
7.325952649116516113e-01 9.704558849334716797e-01
6.806860566139221191e-01 8.601403832435607910e-01
4.187403023242950439e-01 9.112579822540283203e-01
5.646065473556518555e-01 2.978771030902862549e-01
9.309721738100051880e-02 3.925556242465972900e-01
4.540787041187286377e-01 3.905441761016845703e-01
3.155138790607452393e-01 9.082526564598083496e-01
6.676232218742370605e-01 9.430671334266662598e-01
6.507021784782409668e-01 3.329153358936309814e-01
6.521868705749511719e-01 4.222554564476013184e-01
1.541592180728912354e-01 4.757320582866668701e-01
8.353961110115051270e-01 1.637068390846252441e-01
2.828088998794555664e-01 6.779372096061706543e-01
5.427540540695190430e-01 6.224585175514221191e-01
5.247672200202941895e-01 1.093792766332626343e-01
8.605772256851196289e-01 3.771048784255981445e-01
4.579917192459106445e-01 6.408162117004394531e-01
9.641702175140380859e-01 1.192395612597465515e-01
3.704118728637695312e-01 9.763059765100479126e-02
5.623180270195007324e-01 7.853649258613586426e-01
8.973421454429626465e-01 2.225416749715805054e-01
6.745433211326599121e-01 5.378342270851135254e-01
2.570951282978057861e-01 7.490120530128479004e-01
5.557900667190551758e-01 1.275051534175872803e-01
8.152670860290527344e-01 5.205029249191284180e-01
7.091899514198303223e-01 9.726267307996749878e-02
2.333174347877502441e-01 2.926051020622253418e-01
5.695002675056457520e-01 4.312416613101959229e-01
8.976591229438781738e-01 1.799232661724090576e-01
2.318579554557800293e-01 1.019383817911148071e-01
6.102612018585205078e-01 4.784487187862396240e-01
3.929242789745330811e-01 8.679813742637634277e-01
1.824994832277297974e-01 7.177249193191528320e-01
6.825804710388183594e-03 2.306656539440155029e-01
1.184505037963390350e-02 7.084399461746215820e-01
4.230981469154357910e-01 6.784012168645858765e-02
7.148770093917846680e-01 3.124619089066982269e-02
1.293759047985076904e-01 8.302591741085052490e-03
6.126659512519836426e-01 9.527210593223571777e-01
1.990964114665985107e-01 7.103653550148010254e-01
7.716746330261230469e-01 9.819999933242797852e-01
6.227450817823410034e-02 3.137550950050354004e-01
4.762671291828155518e-01 9.665265679359436035e-01
4.105865061283111572e-01 8.889198303222656250e-03
2.223299294710159302e-01 9.052273631095886230e-01
7.358309030532836914e-01 6.460241973400115967e-02
4.980590641498565674e-01 3.984096944332122803e-01
6.112313270568847656e-01 2.123598456382751465e-01
7.195087075233459473e-01 2.959917187690734863e-01
2.101563289761543274e-02 1.993661075830459595e-01
8.211685717105865479e-02 3.162860870361328125e-03
6.813542842864990234e-01 2.896615564823150635e-01
9.590547680854797363e-01 7.885683774948120117e-01
8.645454049110412598e-01 7.597411423921585083e-02
5.702100396156311035e-01 3.093725740909576416e-01
1.784802973270416260e-01 5.173745155334472656e-01
9.347438812255859375e-01 9.263414144515991211e-01
4.886155948042869568e-02 6.561266183853149414e-01
5.359661206603050232e-02 6.138293817639350891e-02
7.247218489646911621e-01 6.801111698150634766e-01
7.095227837562561035e-01 5.359022617340087891e-01
5.682764053344726562e-01 5.768368840217590332e-01
7.829387784004211426e-01 3.685236275196075439e-01
5.170277953147888184e-01 7.237344384193420410e-01
1.663841158151626587e-01 5.176056027412414551e-01
1.089368760585784912e-02 6.002236604690551758e-01
2.442322224378585815e-01 5.934996604919433594e-01
1.283493936061859131e-01 5.353113636374473572e-02
7.413118481636047363e-01 5.404408574104309082e-01
2.015395760536193848e-01 8.816729187965393066e-01
9.283500909805297852e-01 9.014255404472351074e-01
8.661741018295288086e-01 5.686973333358764648e-01
8.541451096534729004e-01 1.231951341032981873e-01
7.406026721000671387e-01 7.548883557319641113e-01
1.657624542713165283e-01 5.527465343475341797e-01
2.317049652338027954e-01 1.782898157835006714e-01
7.596050202846527100e-02 8.143950104713439941e-01
4.251787364482879639e-01 1.202342286705970764e-01
6.055051684379577637e-01 8.260064721107482910e-01
9.081221818923950195e-01 4.251350462436676025e-01
9.853124618530273438e-01 2.627854347229003906e-01
9.933047890663146973e-01 5.626758337020874023e-01
3.288142979145050049e-01 9.456533193588256836e-01
8.810325264930725098e-01 4.533387124538421631e-01
7.611222863197326660e-01 9.019988775253295898e-01
7.239981889724731445e-01 5.219837650656700134e-02
2.319375723600387573e-01 4.832918345928192139e-01
7.971269488334655762e-01 5.945777297019958496e-01
8.024811148643493652e-01 3.827888071537017822e-01
1.315504014492034912e-01 7.827050983905792236e-02
6.283725500106811523e-01 1.261412799358367920e-01
8.043236732482910156e-01 9.930666089057922363e-01
5.985711216926574707e-01 4.337628185749053955e-01
5.855441093444824219e-03 8.979043364524841309e-01
8.219247460365295410e-01 8.923195600509643555e-01
3.845760226249694824e-01 9.600189924240112305e-01
1.835031062364578247e-01 6.137236952781677246e-01
4.300378262996673584e-01 6.680347919464111328e-01
3.814775943756103516e-01 4.585176706314086914e-01
1.321160495281219482e-01 8.064404129981994629e-01
7.524516582489013672e-01 9.360976815223693848e-01
2.935419976711273193e-02 8.594664335250854492e-01
4.031403362751007080e-01 5.773714780807495117e-01
2.367142140865325928e-01 8.403053879737854004e-02
4.098132997751235962e-02 7.889580130577087402e-01
2.747400999069213867e-01 4.940947294235229492e-01
3.627100586891174316e-02 1.123290359973907471e-01
7.796880006790161133e-01 8.850356340408325195e-01
1.373409330844879150e-01 5.868953466415405273e-01
6.265039443969726562e-01 5.860742330551147461e-01
9.303577542304992676e-01 9.059065580368041992e-01
6.135110259056091309e-01 7.111164331436157227e-01
2.520923614501953125e-01 2.756639122962951660e-01
6.978901028633117676e-01 2.657808363437652588e-01
5.563961863517761230e-01 9.740033149719238281e-01
6.319609880447387695e-01 8.811903595924377441e-01
6.949266195297241211e-01 2.270761728286743164e-01
2.536092996597290039e-01 8.420585393905639648e-01
9.352667331695556641e-01 3.432554900646209717e-01
1.987269967794418335e-01 2.204279452562332153e-01
8.654241561889648438e-01 4.359269440174102783e-01
6.598051190376281738e-01 5.010722279548645020e-01
8.855673670768737793e-01 2.898198962211608887e-01
2.957434952259063721e-01 2.694939076900482178e-01
8.196515440940856934e-01 3.119134604930877686e-01
3.292445242404937744e-01 5.185081809759140015e-02
4.742688238620758057e-01 4.107477962970733643e-01
4.781975150108337402e-01 2.718206942081451416e-01
9.850615262985229492e-01 3.370655477046966553e-01
7.619423270225524902e-01 2.101181298494338989e-01
7.223524153232574463e-02 8.493114113807678223e-01
1.607523858547210693e-01 3.718312680721282959e-01
1.375348716974258423e-01 6.535722613334655762e-01
3.093706369400024414e-01 5.648319721221923828e-01
9.536098241806030273e-01 2.140066176652908325e-01
2.484874129295349121e-01 5.377789735794067383e-01
6.299581527709960938e-01 9.836137294769287109e-01
9.047128558158874512e-01 2.723367512226104736e-01
6.014387011528015137e-01 2.691630125045776367e-01
2.066612243652343750e-01 3.393691778182983398e-01
7.505096197128295898e-01 8.520131111145019531e-01
5.113625526428222656e-01 3.783178925514221191e-01
1.335495114326477051e-01 7.336624860763549805e-01
5.554422140121459961e-01 8.645589947700500488e-01
6.786316037178039551e-01 6.627770662307739258e-01
8.271299004554748535e-01 6.290223002433776855e-01
9.970474839210510254e-01 6.143621802330017090e-01
2.241762578487396240e-01 5.651321411132812500e-01
4.998023509979248047e-01 9.033966660499572754e-01
6.336725950241088867e-01 1.644936501979827881e-01
4.685614407062530518e-01 6.649034023284912109e-01
8.844797015190124512e-01 1.402332633733749390e-01
4.900467693805694580e-01 4.595811069011688232e-01
2.888895943760871887e-02 4.230176508426666260e-01
9.541419744491577148e-01 3.540077805519104004e-01
8.505345135927200317e-02 7.009328007698059082e-01
2.568415366113185883e-02 8.671497553586959839e-02
7.991112470626831055e-01 4.573497474193572998e-01
8.248400092124938965e-01 6.720601916313171387e-01
9.913570880889892578e-01 5.777692794799804688e-01
9.364678710699081421e-02 7.946095466613769531e-01
2.370019108057022095e-01 2.055469602346420288e-01
1.077039539813995361e-01 5.086441040039062500e-01
2.089764028787612915e-01 6.740778088569641113e-01
1.566906571388244629e-01 6.438672542572021484e-01
1.912752985954284668e-01 1.177044771611690521e-02
4.630574584007263184e-01 5.584025382995605469e-01
3.077998459339141846e-01 9.310736060142517090e-01
8.324840664863586426e-01 5.613851547241210938e-01
7.927156090736389160e-01 9.008722305297851562e-01
3.136872351169586182e-01 6.888202428817749023e-01
7.987433075904846191e-01 1.757675409317016602e-01
8.612933754920959473e-01 7.664638757705688477e-01
4.127917885780334473e-01 7.118598818778991699e-01
9.824821949005126953e-01 7.118818908929824829e-02
5.155565738677978516e-01 8.220550417900085449e-01
3.511920273303985596e-01 9.366133213043212891e-01
5.984085202217102051e-01 9.816743135452270508e-01
3.672432526946067810e-02 6.088581681251525879e-01
8.069939613342285156e-01 2.500787079334259033e-01
9.675517678260803223e-01 9.009072780609130859e-01
5.331042781472206116e-02 9.850411415100097656e-01
8.279287815093994141e-01 2.773630023002624512e-01
1.865285187959671021e-01 9.653583168983459473e-01
1.451077461242675781e-01 5.283098667860031128e-02
1.020089387893676758e-01 7.241151332855224609e-01
1.020478531718254089e-01 7.412566989660263062e-02
3.935503363609313965e-01 2.761691510677337646e-01
8.428069949150085449e-01 1.949114054441452026e-01
6.812048554420471191e-01 5.878342390060424805e-01
2.091098725795745850e-01 2.711611986160278320e-02
8.113005198538303375e-03 5.193286538124084473e-01
6.089895367622375488e-01 9.867464900016784668e-01
1.792830228805541992e-01 2.330454587936401367e-01
8.173602819442749023e-01 5.565931797027587891e-01
3.893974423408508301e-01 1.855956763029098511e-02
8.471342325210571289e-01 1.510049104690551758e-01
9.694678187370300293e-01 6.836292743682861328e-01
6.000351905822753906e-01 1.247566714882850647e-01
9.815260171890258789e-01 4.585346281528472900e-01
9.133950471878051758e-01 9.536532759666442871e-01
2.399166971445083618e-01 4.173276722431182861e-01
2.001551836729049683e-01 9.473477602005004883e-01
8.876364231109619141e-01 5.292590856552124023e-01
7.102247476577758789e-01 4.077388346195220947e-01
6.877697259187698364e-02 5.388798117637634277e-01
6.193835139274597168e-01 6.613124608993530273e-01
2.062545120716094971e-01 5.224657654762268066e-01
3.575699031352996826e-01 6.457430124282836914e-01
6.863387823104858398e-01 8.247805237770080566e-01
2.957890629768371582e-01 4.898903369903564453e-01
2.211483865976333618e-01 8.608177900314331055e-01
9.287093877792358398e-01 2.007628232240676880e-01
6.540720351040363312e-04 7.350767254829406738e-01
4.930878281593322754e-01 2.785531580448150635e-01
7.700225710868835449e-01 8.302952051162719727e-01
8.692033886909484863e-01 1.278568208217620850e-01
3.283232152462005615e-01 6.512876749038696289e-01
5.415393710136413574e-01 8.829948902130126953e-01
1.620652973651885986e-01 8.375344872474670410e-01
1.494621336460113525e-01 4.454243183135986328e-01
3.405027687549591064e-01 4.000586569309234619e-01
3.693364262580871582e-01 1.755182445049285889e-01
4.790849387645721436e-01 8.063259720802307129e-01
6.031081676483154297e-01 5.190976262092590332e-01
5.422677993774414062e-01 2.202281504869461060e-01
8.349310159683227539e-01 7.462533116340637207e-01
2.857104539871215820e-01 8.590244650840759277e-01
8.469440340995788574e-01 4.879891574382781982e-01
7.142643928527832031e-01 7.525538206100463867e-01
2.760187685489654541e-01 2.551442012190818787e-02
3.909536600112915039e-01 7.042260169982910156e-01
1.346369683742523193e-01 5.587514042854309082e-01
1.902115195989608765e-01 1.167245805263519287e-01
6.725521683692932129e-01 1.427046209573745728e-01
4.960737824440002441e-01 3.872529044747352600e-02
4.558531939983367920e-01 9.986627697944641113e-01
1.698336005210876465e-02 8.228160738945007324e-01
6.173917055130004883e-01 3.398529589176177979e-01
5.190207809209823608e-02 4.884123206138610840e-01
1.112960427999496460e-01 3.948196768760681152e-01
8.136603981256484985e-02 2.219610363245010376e-01
5.725097656250000000e-01 1.820879131555557251e-01
4.199012219905853271e-01 4.045836031436920166e-01
9.259264171123504639e-02 8.726881742477416992e-01
1.693522743880748749e-02 7.655900120735168457e-01
1.879584640264511108e-01 5.172837153077125549e-02
6.491989493370056152e-01 3.734696209430694580e-01
9.563871622085571289e-01 4.016140401363372803e-01
5.743215680122375488e-01 6.457793116569519043e-01
3.677767217159271240e-01 5.293338298797607422e-01
7.574614286422729492e-01 2.343843430280685425e-01
2.863887846469879150e-01 2.286242246627807617e-01
2.033948451280593872e-01 5.515933036804199219e-01
7.685025334358215332e-01 1.604210883378982544e-01
1.010209396481513977e-01 6.157183647155761719e-01
8.859691023826599121e-01 4.070010483264923096e-01
6.900561451911926270e-01 4.269542396068572998e-01
8.739151060581207275e-02 3.407833352684974670e-02
3.517868816852569580e-01 2.655627429485321045e-01
5.251802802085876465e-01 4.653500914573669434e-01
1.983011960983276367e-01 7.555633783340454102e-01
7.543569803237915039e-01 4.246999025344848633e-01
1.194786205887794495e-01 9.460003972053527832e-01
5.223047733306884766e-01 9.720447063446044922e-01
4.633310064673423767e-02 4.676530063152313232e-01
5.471192598342895508e-01 3.885257542133331299e-01
2.379263341426849365e-01 8.678558468818664551e-01
4.886285066604614258e-01 9.773215055465698242e-01
6.811837553977966309e-01 6.589750200510025024e-02
9.394246339797973633e-01 3.792923688888549805e-01
1.712453365325927734e-01 3.983185291290283203e-01
5.039167404174804688e-01 6.816030740737915039e-01
9.552900791168212891e-01 8.476680517196655273e-02
9.285370111465454102e-01 1.404297500848770142e-01
9.748805165290832520e-01 2.209397964179515839e-02
2.022664695978164673e-01 6.488049626350402832e-01
1.162014901638031006e-01 1.583203226327896118e-01
8.588738739490509033e-03 4.575560986995697021e-01
9.845028519630432129e-01 6.443026065826416016e-01
4.551449120044708252e-01 4.966093599796295166e-01
9.423474669456481934e-01 1.117435172200202942e-01
6.389275193214416504e-01 9.059646725654602051e-01
7.786580324172973633e-01 2.351488322019577026e-01
9.324474930763244629e-01 3.354325592517852783e-01
2.305177152156829834e-01 2.914558164775371552e-02
5.601586103439331055e-01 2.740679085254669189e-01
4.065008759498596191e-01 9.805849790573120117e-01
6.290246844291687012e-01 6.117883920669555664e-01
7.880066633224487305e-01 3.001853525638580322e-01
6.728646904230117798e-02 6.828405857086181641e-01
1.701375991106033325e-01 5.589874461293220520e-02
3.948078453540802002e-01 3.152073025703430176e-01
8.016953468322753906e-01 6.300960183143615723e-01
8.753476291894912720e-02 7.765515446662902832e-01
7.616253495216369629e-01 3.593290150165557861e-01
3.786914646625518799e-01 8.308674097061157227e-01
3.594000041484832764e-01 6.130177974700927734e-01
2.479786723852157593e-01 9.963283538818359375e-01
7.918505072593688965e-01 4.315399229526519775e-01
8.532193303108215332e-01 5.965586304664611816e-01
5.300073623657226562e-01 4.219084680080413818e-01
6.739879846572875977e-01 1.062978133559226990e-01
7.402759194374084473e-01 9.033441543579101562e-03
3.770408630371093750e-01 8.617967367172241211e-01
3.626063168048858643e-01 2.007837146520614624e-01
3.457814753055572510e-01 6.734421253204345703e-01
8.526149392127990723e-01 9.673635959625244141e-01
8.913391828536987305e-01 7.892124056816101074e-01
8.635482192039489746e-01 8.319004774093627930e-01
8.160343170166015625e-01 3.607578575611114502e-01
9.835107326507568359e-01 8.246421813964843750e-01
9.162425994873046875e-03 1.100079789757728577e-01
3.587467372417449951e-01 7.094777822494506836e-01
5.585792660713195801e-01 5.549318194389343262e-01
7.128649950027465820e-01 4.663200974464416504e-01
7.126609086990356445e-01 3.710704445838928223e-01
9.295606613159179688e-01 7.754818201065063477e-01
2.077068388462066650e-01 4.135819971561431885e-01
3.243014812469482422e-01 9.994043707847595215e-01
6.235448271036148071e-02 1.190890595316886902e-01
3.623923063278198242e-01 9.772216081619262695e-01
4.212377369403839111e-01 3.833565115928649902e-01
3.573332130908966064e-01 5.843556951731443405e-03
6.423924863338470459e-02 3.856793642044067383e-01
4.001440107822418213e-01 5.072185397148132324e-01
5.631684064865112305e-01 3.538558483123779297e-01
1.793702542781829834e-01 1.205079331994056702e-01
9.639429450035095215e-01 1.218087226152420044e-02
5.247162282466888428e-02 6.702842712402343750e-01
7.723023295402526855e-01 5.690988898277282715e-01
3.128295242786407471e-01 7.795736789703369141e-01
3.125394582748413086e-01 3.119182884693145752e-01
1.556164920330047607e-01 5.943997502326965332e-01
8.626970052719116211e-01 5.270490795373916626e-02
4.578643441200256348e-01 6.302244067192077637e-01
7.422558069229125977e-01 9.608626365661621094e-02
4.773249924182891846e-01 5.191939473152160645e-01
7.921816110610961914e-01 2.122778445482254028e-01
4.693224728107452393e-01 6.916085481643676758e-01
5.343642234802246094e-01 3.016663491725921631e-01
3.183921799063682556e-02 1.165283396840095520e-01
8.355822563171386719e-01 2.420509606599807739e-01
5.786116123199462891e-01 9.296967387199401855e-01
3.765062093734741211e-01 5.075635313987731934e-01
7.186027169227600098e-01 3.579151630401611328e-01
8.840497732162475586e-01 2.803164720535278320e-02
5.319780111312866211e-01 3.845996782183647156e-02
7.842104136943817139e-02 1.160217523574829102e-01
3.800843954086303711e-01 3.981828689575195312e-01
8.482208251953125000e-01 3.388887345790863037e-01
9.706398844718933105e-01 8.685322999954223633e-01
1.712159514427185059e-01 7.939007878303527832e-01
1.467341035604476929e-01 7.620665431022644043e-01
9.951455593109130859e-01 7.878896594047546387e-01
1.334485262632369995e-01 3.062500655651092529e-01
3.257044553756713867e-01 5.333525538444519043e-01
9.954034686088562012e-01 3.701713085174560547e-01
6.530957818031311035e-01 2.177538871765136719e-01
1.477546095848083496e-01 1.855573654174804688e-01
1.088092252612113953e-01 4.092052280902862549e-01
6.080066561698913574e-01 1.770053803920745850e-01
1.707771867513656616e-01 2.870921194553375244e-01
5.167692303657531738e-01 6.063066124916076660e-01
1.129753962159156799e-01 4.468923509120941162e-01
5.765248537063598633e-01 7.303413152694702148e-01
2.296614944934844971e-01 6.209878921508789062e-01
6.867004632949829102e-01 8.032968640327453613e-01
9.630826115608215332e-01 5.483618974685668945e-01
6.433889865875244141e-01 8.269734382629394531e-01
4.219727814197540283e-01 5.106716156005859375e-01
3.687089085578918457e-01 3.550833165645599365e-01
2.082323096692562103e-02 2.530859410762786865e-01
5.152287334203720093e-02 2.296601533889770508e-01
2.596996128559112549e-01 1.603337079286575317e-01
9.429020881652832031e-01 4.200178980827331543e-01
2.668915390968322754e-01 3.732240200042724609e-01
5.328009724617004395e-01 7.979074120521545410e-01
7.971514463424682617e-01 6.972651481628417969e-01
8.444896936416625977e-01 1.974115334451198578e-02
6.544864922761917114e-02 8.017383813858032227e-01
5.922717601060867310e-02 8.842834830284118652e-01
7.758051753044128418e-01 1.656024307012557983e-01
3.519712984561920166e-01 9.003127813339233398e-01
3.238534033298492432e-01 8.617118597030639648e-01
4.220590293407440186e-01 6.114367246627807617e-01
1.258128434419631958e-01 6.844013333320617676e-01
9.374613165855407715e-01 9.923109412193298340e-01
7.298815250396728516e-01 8.731659054756164551e-01
4.890047907829284668e-01 7.428484559059143066e-01
3.352188467979431152e-01 5.811380147933959961e-01
8.000100255012512207e-01 4.560419917106628418e-02
9.382457733154296875e-01 5.016818642616271973e-01
8.441396355628967285e-01 8.395124673843383789e-01
4.256371259689331055e-01 5.424999594688415527e-01
1.187958754599094391e-02 2.648249641060829163e-02
6.635857224464416504e-01 2.906993031501770020e-01
9.776852726936340332e-01 3.328638374805450439e-01
4.407908022403717041e-02 2.012766599655151367e-01
3.512100875377655029e-01 8.488254547119140625e-01
9.208739399909973145e-01 8.306533098220825195e-01
9.197543263435363770e-01 6.680131554603576660e-01
2.768317162990570068e-01 4.446068406105041504e-01
6.500746011734008789e-01 1.065218448638916016e-02
8.909994959831237793e-01 8.907116949558258057e-02
9.042742848396301270e-01 4.752220809459686279e-01
1.617176830768585205e-01 9.418188929557800293e-01
2.069455683231353760e-01 5.824652910232543945e-01
9.227110743522644043e-01 2.714920341968536377e-01
5.771174430847167969e-01 7.624654769897460938e-01
4.786893427371978760e-01 1.298018842935562134e-01
1.304765045642852783e-01 2.535677701234817505e-02
5.507798194885253906e-01 5.438566803932189941e-01
9.171987175941467285e-01 8.534777164459228516e-02
7.402620315551757812e-01 1.119663342833518982e-01
3.522279560565948486e-01 3.900518417358398438e-01
1.460578590631484985e-01 6.453615427017211914e-01
1.082533821463584900e-01 9.137623906135559082e-01
2.520526647567749023e-01 7.280836105346679688e-01
4.072451889514923096e-01 9.401247501373291016e-01
9.812183380126953125e-01 4.281988739967346191e-01
3.088195025920867920e-01 3.489555418491363525e-02
8.092083036899566650e-02 9.423336982727050781e-01
4.326214790344238281e-01 8.568781614303588867e-01
9.789685904979705811e-02 3.399740159511566162e-01
4.733416736125946045e-01 7.346284389495849609e-02
2.196102142333984375e-01 3.791444897651672363e-01
3.049184009432792664e-02 4.024836719036102295e-01
7.833492159843444824e-01 6.332822442054748535e-01
4.900467395782470703e-02 1.458041518926620483e-01
7.100661396980285645e-01 4.234535992145538330e-01
8.807372450828552246e-01 3.324569165706634521e-01
7.530708909034729004e-01 1.291910707950592041e-01
6.257005929946899414e-01 5.556743144989013672e-01
7.506055235862731934e-01 5.272165536880493164e-01
8.506882786750793457e-01 4.556601345539093018e-01
6.854660809040069580e-02 9.010726809501647949e-01
4.766000211238861084e-01 4.540916681289672852e-01
6.348710656166076660e-01 1.219205781817436218e-01
1.236829087138175964e-01 3.272192478179931641e-01
8.655225038528442383e-01 6.728428602218627930e-01
4.476395845413208008e-01 7.881388068199157715e-01
9.022018909454345703e-01 7.347915172576904297e-01
3.467926084995269775e-01 4.646421968936920166e-02
1.571341902017593384e-01 8.211376667022705078e-01
7.963127493858337402e-01 6.318254023790359497e-02
3.924955427646636963e-01 7.911854982376098633e-01
5.040742754936218262e-01 1.298351120203733444e-02
2.511231005191802979e-01 3.077473938465118408e-01
2.739224731922149658e-01 6.447315812110900879e-01
5.464268326759338379e-01 4.910717010498046875e-01
4.326772987842559814e-01 5.564138889312744141e-01
9.726879596710205078e-01 5.031507611274719238e-01
2.746399939060211182e-01 9.128956794738769531e-01
6.949758529663085938e-01 1.729116141796112061e-01
6.899058222770690918e-01 6.331841349601745605e-01
4.991483390331268311e-01 1.911068707704544067e-01
9.777863621711730957e-01 6.904134154319763184e-01
9.631916284561157227e-01 2.214656025171279907e-01
3.320699036121368408e-01 6.134181618690490723e-01
1.085513755679130554e-01 6.324962973594665527e-01
2.088181674480438232e-03 3.541841506958007812e-01
4.720200598239898682e-01 1.651247888803482056e-01
5.391575694084167480e-01 8.996729254722595215e-01
7.231562733650207520e-01 2.219093590974807739e-01
2.861371040344238281e-01 9.131440520286560059e-01
6.626006960868835449e-02 2.851228117942810059e-01
3.894121646881103516e-01 1.906659752130508423e-01
9.670922160148620605e-02 4.238779544830322266e-01
9.744724035263061523e-01 6.442915201187133789e-01
8.691146373748779297e-01 5.220025181770324707e-01
1.430993620306253433e-02 6.268198788166046143e-02
9.600074291229248047e-01 6.099866032600402832e-01
6.477258205413818359e-01 6.756234765052795410e-01
3.503111004829406738e-01 2.974397540092468262e-01
7.145693898200988770e-02 4.173038899898529053e-01
9.390836358070373535e-01 8.315364271402359009e-02
3.746096789836883545e-01 9.339448213577270508e-01
5.178605318069458008e-01 2.421465218067169189e-01
9.122037887573242188e-01 1.824882626533508301e-01
2.708213329315185547e-01 8.628546595573425293e-01
9.207449108362197876e-02 1.446703523397445679e-01
5.345547795295715332e-01 2.552933394908905029e-01
1.326882392168045044e-01 1.635725796222686768e-01
7.227982282638549805e-01 2.729358077049255371e-01
5.259130001068115234e-01 4.392501413822174072e-01
1.366713196039199829e-01 2.746988534927368164e-01
8.336964845657348633e-01 1.041458100080490112e-01
8.462893366813659668e-01 5.616936683654785156e-01
3.662522733211517334e-01 4.700087308883666992e-01
2.455924600362777710e-01 4.015964269638061523e-02
6.892548799514770508e-01 3.089694976806640625e-01
6.436599791049957275e-02 7.080227136611938477e-01
5.196011662483215332e-01 1.056687459349632263e-01
5.822438001632690430e-01 8.768548369407653809e-01
7.720887064933776855e-01 6.534208655357360840e-01
9.733586311340332031e-01 1.515610218048095703e-01
6.670148968696594238e-01 5.896925926208496094e-03
9.985480457544326782e-02 1.704668551683425903e-01
4.477914273738861084e-01 8.711368441581726074e-01
4.666711986064910889e-01 9.118584394454956055e-01
7.128433585166931152e-01 7.066521048545837402e-01
1.716811358928680420e-01 2.753752768039703369e-01
4.813070967793464661e-02 3.625472486019134521e-01
6.107816472649574280e-03 6.734126806259155273e-01
8.188109397888183594e-01 7.747754454612731934e-01
1.790515333414077759e-02 9.616204500198364258e-01
4.841948151588439941e-01 8.448119163513183594e-01
4.600239098072052002e-01 2.775389850139617920e-01
4.959373176097869873e-01 2.385913133621215820e-01
1.307803839445114136e-01 7.058782577514648438e-01
7.652835249900817871e-01 9.857341647148132324e-01
1.333222538232803345e-01 7.390393018722534180e-01
5.223379135131835938e-01 5.404091477394104004e-01
2.348705083131790161e-01 6.846294999122619629e-01
8.073772788047790527e-01 8.727100491523742676e-01
6.117199063301086426e-01 2.076983898878097534e-01
4.005326032638549805e-01 3.311341404914855957e-01
2.689687348902225494e-02 1.619796305894851685e-01
6.730109453201293945e-02 3.644969761371612549e-01
8.229918479919433594e-01 7.726618051528930664e-01
8.566619157791137695e-01 9.221296310424804688e-01
6.566415429115295410e-01 9.810476899147033691e-01
6.508561968803405762e-01 7.351863384246826172e-01
9.512597322463989258e-01 2.620258927345275879e-01
8.651227355003356934e-01 2.727607190608978271e-01
6.112019419670104980e-01 2.367896288633346558e-01
4.591736942529678345e-02 8.795996904373168945e-01
3.065244853496551514e-01 6.076188758015632629e-02
1.276389062404632568e-01 3.239985704421997070e-01
4.335132539272308350e-01 4.318663477897644043e-01
2.395387291908264160e-01 5.711811184883117676e-01
1.568613052368164062e-01 9.064966440200805664e-02
8.524794578552246094e-01 5.380373597145080566e-01
8.281164169311523438e-01 4.202667474746704102e-01
3.888822495937347412e-01 8.044160008430480957e-01
6.316097974777221680e-01 6.571953743696212769e-02
9.077830314636230469e-01 4.948313236236572266e-01
8.028516769409179688e-01 2.024350911378860474e-01
2.001955956220626831e-01 5.033739209175109863e-01
5.684388875961303711e-01 1.657483875751495361e-01
3.286114931106567383e-01 8.317401409149169922e-01
4.306333959102630615e-01 7.583248615264892578e-01
2.466456145048141479e-01 4.197330176830291748e-01
5.943228006362915039e-01 5.459279417991638184e-01
2.052504867315292358e-01 4.062056541442871094e-03
7.412925958633422852e-01 6.343535184860229492e-01
4.081702530384063721e-01 3.627988696098327637e-02
1.839509466663002968e-03 9.429872632026672363e-01
5.565242767333984375e-01 4.624102413654327393e-01
4.766142368316650391e-01 9.933783411979675293e-01
4.851313829421997070e-01 8.269582390785217285e-01
8.446475863456726074e-01 7.179653048515319824e-01
8.629433512687683105e-01 2.317335307598114014e-01
9.161367416381835938e-01 5.672096014022827148e-01
3.055104613304138184e-01 8.080453276634216309e-01
7.050805687904357910e-01 9.533476233482360840e-01
9.799978733062744141e-01 1.853234171867370605e-01
8.019299507141113281e-01 7.329917550086975098e-01
4.021843671798706055e-01 9.967803210020065308e-02
2.312022596597671509e-01 2.562352120876312256e-01
9.370492100715637207e-01 7.592443227767944336e-01
1.823468059301376343e-01 8.410797715187072754e-01
1.714956909418106079e-01 6.856476068496704102e-01
4.884022474288940430e-01 9.313866496086120605e-01
2.681105136871337891e-01 6.309496760368347168e-01
7.009836435317993164e-01 1.207562834024429321e-01
2.058116495609283447e-01 6.397870779037475586e-01
6.186462640762329102e-01 6.945073008537292480e-01
2.490947395563125610e-01 2.463518977165222168e-01
7.230347990989685059e-01 4.693551361560821533e-01
3.031013607978820801e-01 1.124279201030731201e-01
7.125039696693420410e-01 8.961235284805297852e-01
6.682075262069702148e-01 7.282196879386901855e-01
3.856842219829559326e-01 7.578479051589965820e-01
8.641232252120971680e-01 7.631317973136901855e-01
7.718786001205444336e-01 8.594236522912979126e-02
6.306865215301513672e-01 6.362760066986083984e-01
8.936515450477600098e-01 5.805544853210449219e-01
4.212923049926757812e-01 6.657330393791198730e-01
7.846712470054626465e-01 7.304696738719940186e-02
4.867641627788543701e-01 7.077257037162780762e-01
1.182244420051574707e-01 2.017205655574798584e-01
5.758149027824401855e-01 4.988808333873748779e-01
2.644957602024078369e-01 3.392966464161872864e-04
2.135206162929534912e-01 1.689858883619308472e-01
4.190606176853179932e-01 9.493764042854309082e-01
6.834465861320495605e-01 3.496742248535156250e-01
4.289346337318420410e-01 2.574445307254791260e-01
3.353026509284973145e-01 2.345604002475738525e-01
6.936719417572021484e-01 7.835746407508850098e-01
7.368169426918029785e-01 7.827111482620239258e-01
4.749080538749694824e-01 1.857201159000396729e-01
4.942096769809722900e-01 5.975121855735778809e-01
2.562125921249389648e-01 6.973632574081420898e-01
6.754106879234313965e-01 3.386541008949279785e-01
8.418353796005249023e-01 9.411816000938415527e-01
7.054039239883422852e-01 9.227267503738403320e-01
8.746681809425354004e-01 7.300097942352294922e-01
5.917112231254577637e-01 7.660405337810516357e-02
3.173359930515289307e-01 7.387306541204452515e-02
1.725771129131317139e-01 1.922939717769622803e-01
5.314872264862060547e-01 3.571042418479919434e-01
6.649680137634277344e-01 8.042901158332824707e-01
7.387825846672058105e-01 7.924796938896179199e-01
7.356438040733337402e-01 1.838050931692123413e-01
4.821350872516632080e-01 1.009818688035011292e-01
1.909950971603393555e-01 3.047986030578613281e-01
5.958890169858932495e-02 7.559054493904113770e-01
9.171957373619079590e-01 3.786796033382415771e-01
3.791855573654174805e-01 8.154129981994628906e-01
6.009867191314697266e-01 5.703580975532531738e-01
7.045496702194213867e-01 5.652975440025329590e-01
7.988453507423400879e-01 5.260556340217590332e-01
5.201647877693176270e-01 7.929134368896484375e-01
2.717910706996917725e-01 9.796891212463378906e-01
9.632415771484375000e-01 9.893965721130371094e-01
4.210124611854553223e-01 4.745186269283294678e-01
4.609819352626800537e-01 6.441180408000946045e-02
8.913426846265792847e-02 5.877596735954284668e-01
3.549858033657073975e-01 7.499825209379196167e-02
4.694476425647735596e-01 5.794758796691894531e-01
8.137846589088439941e-01 8.452597260475158691e-01
3.187830150127410889e-01 3.597438037395477295e-01
1.736066639423370361e-01 9.054909944534301758e-01
2.868446521461009979e-02 3.912919163703918457e-01
6.074046492576599121e-01 7.784471511840820312e-01
