2.307115197181701660e-01 7.600768804550170898e-01
9.459820985794067383e-01 4.076147675514221191e-01
1.323535889387130737e-01 2.916570901870727539e-01
7.119802385568618774e-02 1.943548768758773804e-01
4.907007515430450439e-01 3.103502392768859863e-01
8.490145951509475708e-02 4.511164724826812744e-01
5.369746088981628418e-01 5.505970716476440430e-01
3.294997513294219971e-01 5.770733952522277832e-01
1.504208445549011230e-01 7.981144189834594727e-01
2.438896447420120239e-01 8.315581679344177246e-01
7.589200735092163086e-01 1.149875372648239136e-01
2.858361005783081055e-01 5.794291496276855469e-01
6.095925569534301758e-01 1.318334341049194336e-01
4.660557210445404053e-01 6.653928756713867188e-01
9.863114356994628906e-01 3.968150019645690918e-01
2.591981887817382812e-01 8.838888257741928101e-02
5.964024662971496582e-01 2.661624848842620850e-01
9.336935281753540039e-01 6.615755558013916016e-01
9.327551126480102539e-01 7.507453858852386475e-02
4.450440406799316406e-03 4.466278944164514542e-03
6.175478547811508179e-02 2.590922638773918152e-02
9.552216529846191406e-02 4.393911734223365784e-02
3.908213376998901367e-01 6.934998631477355957e-01
4.816094636917114258e-01 7.087194919586181641e-01
7.435806989669799805e-01 5.142765641212463379e-01
1.007920876145362854e-01 3.801696896553039551e-01
7.997648119926452637e-01 6.896068453788757324e-01
2.624781131744384766e-01 3.368974030017852783e-01
1.914955973625183105e-01 4.095955193042755127e-01
3.428531289100646973e-01 7.609979510307312012e-01
2.682621404528617859e-02 4.708800315856933594e-01
8.555554747581481934e-01 6.342958807945251465e-01
2.113734185695648193e-01 8.456026911735534668e-01
1.480396538972854614e-01 9.666902422904968262e-01
9.298630952835083008e-01 4.223436415195465088e-01
4.930192828178405762e-01 9.239355921745300293e-01
1.054247766733169556e-01 6.862493753433227539e-01
3.187419846653938293e-02 8.718611001968383789e-01
6.715562343597412109e-01 6.005674004554748535e-01
5.590584501624107361e-02 1.641582250595092773e-01
8.059888482093811035e-01 6.808490157127380371e-01
6.942700147628784180e-01 9.152360558509826660e-01
9.459469318389892578e-01 4.665020406246185303e-01
9.252763390541076660e-01 8.909802436828613281e-01
5.880937576293945312e-01 6.274073719978332520e-01
2.455369681119918823e-01 2.524355053901672363e-01
8.937388658523559570e-01 8.956976532936096191e-01
5.157769918441772461e-01 2.915264964103698730e-01
8.186999559402465820e-01 6.042001843452453613e-01
9.961674213409423828e-01 7.173187732696533203e-01
6.781421303749084473e-01 7.002149820327758789e-01
2.552570104598999023e-01 7.976659536361694336e-01
2.568891644477844238e-01 4.418365955352783203e-01
5.589771270751953125e-01 4.570284858345985413e-02
7.649823427200317383e-01 6.686303019523620605e-01
9.042425751686096191e-01 7.560087442398071289e-01
4.303174614906311035e-01 4.604590535163879395e-01
5.960111021995544434e-01 8.916864991188049316e-01
6.312437653541564941e-01 2.228915393352508545e-01
4.486760199069976807e-01 3.144569694995880127e-01
4.989395141601562500e-01 8.030480742454528809e-01
4.639556705951690674e-01 3.813643455505371094e-01
3.566888570785522461e-01 8.711387515068054199e-01
9.997080266475677490e-02 1.227563619613647461e-02
9.355983138084411621e-01 1.704547703266143799e-01
7.133882045745849609e-01 5.652155876159667969e-01
9.682695269584655762e-01 7.645468413829803467e-02
9.985696077346801758e-01 6.375396847724914551e-01
9.316133856773376465e-01 8.679656386375427246e-01
5.760741829872131348e-01 2.351810038089752197e-01
7.659625411033630371e-01 2.826175093650817871e-01
4.687027335166931152e-01 2.085813283920288086e-01
2.657191157341003418e-01 4.903163313865661621e-01
2.041395157575607300e-01 7.168842554092407227e-01
4.187827706336975098e-01 1.963345557451248169e-01
7.683781981468200684e-01 1.540996283292770386e-01
5.083259940147399902e-01 7.409406304359436035e-01
7.596708536148071289e-01 6.426270008087158203e-01
4.901305437088012695e-01 6.525306701660156250e-01
2.371137589216232300e-02 4.375654458999633789e-01
2.486101388931274414e-01 3.199779242277145386e-02
6.941393613815307617e-01 2.468556016683578491e-01
5.800724029541015625e-04 7.068452984094619751e-02
5.524442195892333984e-01 3.944898545742034912e-01
7.435349225997924805e-01 5.508815050125122070e-01
1.552079021930694580e-01 4.869606792926788330e-01
4.506703913211822510e-01 8.073139786720275879e-01
6.953521966934204102e-01 6.049947142601013184e-01
5.638399124145507812e-01 9.489612579345703125e-01
3.372803926467895508e-01 8.029758930206298828e-01
7.872624993324279785e-01 9.044138193130493164e-01
6.012685298919677734e-01 1.997852921485900879e-01
4.709491431713104248e-01 8.745498657226562500e-01
1.982409060001373291e-01 7.080075144767761230e-01
8.368826508522033691e-01 9.225805997848510742e-01
5.182006955146789551e-01 7.596534490585327148e-01
2.329214066267013550e-01 8.191841244697570801e-01
2.816199064254760742e-01 1.131674498319625854e-01
2.982579767704010010e-01 5.628444552421569824e-01
3.292775750160217285e-01 9.934762716293334961e-01
9.820421338081359863e-01 5.734391212463378906e-01
3.637883812189102173e-02 5.577813386917114258e-01
6.135729551315307617e-01 7.323512434959411621e-01
7.960411310195922852e-01 8.284866809844970703e-01
6.350716352462768555e-01 7.379885762929916382e-02
8.462413549423217773e-01 7.512602806091308594e-01
8.242803215980529785e-01 3.230893015861511230e-01
8.008549809455871582e-01 4.251729249954223633e-01
2.317611277103424072e-01 7.311710715293884277e-01
1.245554536581039429e-01 9.243991374969482422e-01
6.211082935333251953e-01 3.941344618797302246e-01
1.421696692705154419e-01 9.581239223480224609e-01
3.373733162879943848e-02 9.549840539693832397e-02
1.989236176013946533e-01 4.886065423488616943e-01
7.779190540313720703e-01 3.179233074188232422e-01
9.784297347068786621e-01 3.545107543468475342e-01
6.215239763259887695e-01 2.024966627359390259e-01
1.782751083374023438e-01 1.778120845556259155e-01
3.908054828643798828e-01 3.689062595367431641e-01
7.718242406845092773e-01 2.164428308606147766e-02
5.742964148521423340e-01 3.187424838542938232e-01
7.806594967842102051e-01 4.620770215988159180e-01
4.460625648498535156e-01 8.306244015693664551e-01
7.479487359523773193e-02 6.063971519470214844e-01
3.085089921951293945e-01 2.893669307231903076e-01
6.917735338211059570e-01 8.523198962211608887e-01
5.309844017028808594e-01 8.669613599777221680e-01
8.298300504684448242e-01 5.258605480194091797e-01
1.517548859119415283e-01 9.464819431304931641e-01
3.233348429203033447e-01 3.424580991268157959e-01
8.032070994377136230e-01 8.153472542762756348e-01
5.240944623947143555e-01 6.469599008560180664e-01
3.931432366371154785e-01 6.426474452018737793e-01
5.446176528930664062e-01 2.807190641760826111e-02
7.682433724403381348e-01 8.167627453804016113e-01
1.701790243387222290e-01 9.997603893280029297e-01
9.922550320625305176e-01 5.566950440406799316e-01
2.779413759708404541e-01 4.165784716606140137e-01
1.439676433801651001e-01 4.556063190102577209e-02
8.910216093063354492e-01 1.233574002981185913e-01
2.430297136306762695e-01 7.814025878906250000e-01
9.789519906044006348e-01 3.148610591888427734e-01
2.353574633598327637e-01 5.681108832359313965e-01
3.914982080459594727e-01 4.985941350460052490e-01
1.995130032300949097e-01 3.792784810066223145e-01
4.634977281093597412e-01 1.174198091030120850e-01
1.017570495605468750e-03 4.327795803546905518e-01
1.170294061303138733e-01 8.662578463554382324e-01
2.278234660625457764e-01 4.947125017642974854e-01
6.747565865516662598e-01 4.673572182655334473e-01
1.983501464128494263e-01 2.148119807243347168e-01
8.204172253608703613e-01 6.845649480819702148e-01
3.972111344337463379e-01 8.469378948211669922e-01
1.203314438462257385e-01 7.452344298362731934e-01
5.348551869392395020e-01 4.382940828800201416e-01
3.679600059986114502e-01 8.748630881309509277e-01
3.943709433078765869e-01 4.538918733596801758e-01
3.044819533824920654e-01 9.046410322189331055e-01
6.571432948112487793e-01 9.744355678558349609e-01
5.638902783393859863e-01 6.695467978715896606e-03
8.163502216339111328e-01 1.319399327039718628e-01
4.364735186100006104e-01 8.843461871147155762e-01
2.744730114936828613e-01 3.106856644153594971e-01
7.874950766563415527e-01 9.926687479019165039e-01
4.377521276473999023e-01 4.921581149101257324e-01
2.137591987848281860e-01 2.797704935073852539e-02
5.216051936149597168e-01 6.882396936416625977e-01
1.203012615442276001e-01 7.672772407531738281e-01
7.169358730316162109e-01 2.089390605688095093e-01
6.495174765586853027e-01 2.264857292175292969e-03
2.613723874092102051e-01 2.691730856895446777e-01
4.300487637519836426e-01 3.482733368873596191e-01
9.779222309589385986e-02 7.074834704399108887e-01
4.078190624713897705e-01 1.132469847798347473e-01
8.681600093841552734e-01 4.520381391048431396e-01
8.345001935958862305e-01 4.791941940784454346e-01
8.470215797424316406e-01 1.547934561967849731e-01
4.697161912918090820e-01 4.638356864452362061e-01
8.604812026023864746e-01 1.090915724635124207e-01
4.497184157371520996e-01 7.071346789598464966e-02
6.759753823280334473e-01 2.050770223140716553e-01
9.574708342552185059e-02 8.069753050804138184e-01
5.594609975814819336e-01 3.375546336174011230e-01
6.826317310333251953e-01 8.834932446479797363e-01
1.866909116506576538e-01 3.152489662170410156e-03
8.412359356880187988e-01 9.709045290946960449e-01
6.786772608757019043e-01 3.584671020507812500e-01
7.235363721847534180e-01 5.805743336677551270e-01
5.319683551788330078e-01 9.621983766555786133e-01
8.585501909255981445e-01 2.908986620604991913e-02
7.482881546020507812e-01 3.014289140701293945e-01
3.311201035976409912e-01 6.946279406547546387e-01
9.611371159553527832e-02 2.243799865245819092e-01
4.709314182400703430e-02 3.465546667575836182e-01
4.717150628566741943e-01 6.759863346815109253e-02
4.614487886428833008e-01 8.509560227394104004e-01
1.151387840509414673e-01 2.413848340511322021e-01
6.458152085542678833e-02 7.157686948776245117e-01
4.257601201534271240e-01 1.884444057941436768e-01
8.171793818473815918e-01 7.221470475196838379e-01
7.144379019737243652e-01 6.796478629112243652e-01
7.854624986648559570e-01 6.300514340400695801e-01
2.895278632640838623e-01 2.801506407558917999e-02
2.775274813175201416e-01 9.340321421623229980e-01
8.132361769676208496e-01 2.506963312625885010e-01
3.651812672615051270e-01 9.617975354194641113e-01
4.620571732521057129e-01 1.742408126592636108e-01
1.965999603271484375e-01 9.679261595010757446e-02
8.430253863334655762e-01 7.832524180412292480e-01
9.957881569862365723e-01 7.485045194625854492e-01
3.268639743328094482e-02 9.365243911743164062e-01
3.708119988441467285e-01 5.877252817153930664e-01
8.920436501502990723e-01 2.701674401760101318e-01
2.637116014957427979e-01 6.498175859451293945e-01
1.554004997014999390e-01 1.479773223400115967e-01
2.237035483121871948e-01 8.806652426719665527e-01
5.127965211868286133e-01 1.916662305593490601e-01
2.323492616415023804e-01 4.764612615108489990e-01
1.586707085371017456e-01 4.739104509353637695e-01
9.386155009269714355e-02 4.379935860633850098e-01
1.545778065919876099e-01 3.627270758152008057e-01
1.663940548896789551e-01 3.282121419906616211e-01
7.096386551856994629e-01 6.944030523300170898e-01
1.883886009454727173e-01 7.587050199508666992e-01
8.877309560775756836e-01 4.581201449036598206e-02
3.074876964092254639e-01 9.637923836708068848e-01
1.438465863466262817e-01 6.795444488525390625e-01
5.234801173210144043e-01 6.231459379196166992e-01
8.207712173461914062e-01 8.882145583629608154e-02
5.182752609252929688e-01 8.528575301170349121e-01
5.058478713035583496e-01 8.267081975936889648e-01
9.660769104957580566e-01 2.001819908618927002e-01
4.832022190093994141e-01 7.926719188690185547e-01
6.286621093750000000e-03 9.492250084877014160e-01
9.304003715515136719e-01 8.436696529388427734e-01
8.800778388977050781e-01 6.020893454551696777e-01
3.485144674777984619e-01 7.900827527046203613e-01
1.220972687005996704e-01 2.731732726097106934e-01
8.820140361785888672e-02 6.353039741516113281e-01
1.595572978258132935e-01 2.800311446189880371e-01
6.331151723861694336e-01 9.721866250038146973e-02
9.998635649681091309e-01 1.112680137157440186e-01
9.502416253089904785e-01 8.262816071510314941e-01
9.236729741096496582e-01 1.976115107536315918e-01
9.491211771965026855e-01 7.984834909439086914e-01
7.551415562629699707e-01 8.234510421752929688e-01
4.114390015602111816e-01 7.940376996994018555e-01
6.848838329315185547e-01 3.787414357066154480e-02
9.727954864501953125e-03 3.649676740169525146e-01
3.255147859454154968e-02 5.845638513565063477e-01
7.042905688285827637e-01 3.048950135707855225e-01
3.643541336059570312e-01 5.498577952384948730e-01
9.504622220993041992e-02 2.072877585887908936e-01
1.639683693647384644e-01 8.092138171195983887e-01
9.414896368980407715e-01 6.860849857330322266e-01
8.147197216749191284e-02 8.922564983367919922e-01
2.102307528257369995e-01 1.585101932287216187e-01
7.449734956026077271e-02 5.863687023520469666e-02
3.313553929328918457e-01 1.645332425832748413e-01
3.645768165588378906e-01 6.204664707183837891e-01
9.006535410881042480e-01 8.072864413261413574e-01
1.348134428262710571e-01 3.410918414592742920e-01
7.797937393188476562e-01 4.479942843317985535e-02
2.100417762994766235e-01 1.058370172977447510e-01
8.902034759521484375e-01 4.712350070476531982e-01
1.295798569917678833e-01 5.502258539199829102e-01
2.058908492326736450e-01 5.987988114356994629e-01
3.853370249271392822e-01 2.365909516811370850e-01
2.625836133956909180e-01 9.260126352310180664e-01
8.277749419212341309e-01 1.165146306157112122e-01
8.454658985137939453e-01 3.799948990345001221e-01
1.282113939523696899e-01 8.320285081863403320e-01
7.244391441345214844e-01 7.819439172744750977e-01
4.024111628532409668e-01 7.653850913047790527e-01
8.841107487678527832e-01 5.170722603797912598e-01
5.763392150402069092e-02 8.148182034492492676e-01
7.952896356582641602e-01 8.465047478675842285e-01
1.050853729248046875e-02 4.933024346828460693e-01
4.559553563594818115e-01 7.787709236145019531e-01
6.237950325012207031e-01 8.945837616920471191e-01
2.661534547805786133e-01 8.816859126091003418e-01
5.845408439636230469e-01 1.273559182882308960e-01
7.358199357986450195e-01 6.772149801254272461e-01
9.281554222106933594e-01 5.860008001327514648e-01
6.328703165054321289e-01 2.513496875762939453e-01
3.284670114517211914e-01 5.074955224990844727e-01
8.723587989807128906e-01 6.573016047477722168e-01
6.440317630767822266e-01 3.662614226341247559e-01
1.072398796677589417e-01 6.100733876228332520e-01
4.298918247222900391e-01 7.334479093551635742e-01
6.219432950019836426e-01 3.694684803485870361e-01
3.820729553699493408e-01 4.739871621131896973e-01
6.999975442886352539e-01 9.766749739646911621e-01
8.507988452911376953e-01 5.009123682975769043e-01
6.171599626541137695e-01 7.819445729255676270e-01
6.790873408317565918e-01 8.063794970512390137e-01
1.608691215515136719e-01 2.127010971307754517e-01
3.019456863403320312e-01 9.173580408096313477e-01
3.856653869152069092e-01 1.816041320562362671e-01
7.989535927772521973e-01 2.288866043090820312e-02
7.437835335731506348e-01 4.078676700592041016e-01
8.220195770263671875e-01 5.124490857124328613e-01
7.567147016525268555e-01 9.798045158386230469e-01
6.705743074417114258e-01 8.547805994749069214e-02
4.922167956829071045e-01 6.211255192756652832e-01
5.903238058090209961e-01 3.917203545570373535e-01
7.527642846107482910e-01 9.263116121292114258e-01
8.191992342472076416e-02 9.109399914741516113e-01
5.896227359771728516e-01 7.370069026947021484e-01
6.383840441703796387e-01 8.510147333145141602e-01
6.995419263839721680e-01 7.456523776054382324e-01
7.407971471548080444e-02 4.928905665874481201e-01
5.627841949462890625e-01 8.683900237083435059e-01
4.939667880535125732e-01 8.540093153715133667e-02
2.727643251419067383e-01 2.042582184076309204e-01
2.229572087526321411e-01 3.148284554481506348e-01
1.427991688251495361e-01 5.358651280403137207e-01
9.601509571075439453e-01 3.751149177551269531e-01
9.569498300552368164e-01 9.936735630035400391e-01
4.024376869201660156e-01 9.001005291938781738e-01
4.110553860664367676e-02 6.325960159301757812e-01
8.454633951187133789e-01 9.228044748306274414e-01
3.478232026100158691e-02 9.010086655616760254e-01
2.814430296421051025e-01 3.985801339149475098e-02
6.630439162254333496e-01 7.751372456550598145e-01
3.121542036533355713e-01 2.081969082355499268e-01
8.837701082229614258e-01 3.018264099955558777e-02
5.826131701469421387e-01 5.998365283012390137e-01
6.575543880462646484e-01 2.647837698459625244e-01
7.530187964439392090e-01 5.926555991172790527e-01
7.568775415420532227e-01 2.470491230487823486e-01
6.783496737480163574e-01 1.912615895271301270e-01
2.496834695339202881e-01 4.393496513366699219e-01
6.277807056903839111e-02 6.289978027343750000e-01
5.249544978141784668e-01 4.701091945171356201e-01
3.466479182243347168e-01 6.926587820053100586e-01
9.950851202011108398e-01 3.661342710256576538e-02
5.062856674194335938e-01 3.512088954448699951e-01
5.986897945404052734e-01 5.633474588394165039e-01
6.590354442596435547e-01 2.947397828102111816e-01
3.289249539375305176e-01 5.534659698605537415e-02
8.094568848609924316e-01 7.941527962684631348e-01
3.039149641990661621e-01 8.455433845520019531e-01
1.163364350795745850e-01 3.870921432971954346e-01
3.636180162429809570e-01 5.565406680107116699e-01
8.695604801177978516e-01 2.354453057050704956e-01
9.441934227943420410e-01 3.390292525291442871e-01
4.437338709831237793e-01 6.065555214881896973e-01
1.037971079349517822e-01 3.123069703578948975e-01
5.739230513572692871e-01 1.683805733919143677e-01
5.948170423507690430e-01 2.927638888359069824e-01
5.004109144210815430e-01 4.117746949195861816e-01
7.349871397018432617e-01 3.326348960399627686e-01
3.765261545777320862e-02 6.743003129959106445e-01
4.797011986374855042e-02 9.696277379989624023e-01
7.220769524574279785e-01 9.657879471778869629e-01
5.839443206787109375e-01 7.558429148048162460e-03
2.854718565940856934e-01 6.279634237289428711e-01
7.892506122589111328e-01 7.407981157302856445e-01
8.523284196853637695e-01 8.363918662071228027e-01
5.513974428176879883e-01 2.763652503490447998e-01
7.592475414276123047e-01 9.525139331817626953e-01
9.442646503448486328e-01 9.770695120096206665e-02
8.446753621101379395e-01 2.635564804077148438e-01
3.015974164009094238e-01 1.108781918883323669e-01
5.530897378921508789e-01 9.312065243721008301e-01
3.609245121479034424e-01 7.224381566047668457e-01
6.429066509008407593e-02 2.326058596372604370e-02
2.175815254449844360e-01 2.737464308738708496e-01
5.944222807884216309e-01 5.413520336151123047e-01
8.159078359603881836e-01 7.589562535285949707e-01
5.824450254440307617e-01 9.197185635566711426e-01
8.067026138305664062e-01 1.366322394460439682e-02
9.690846204757690430e-01 5.502825975418090820e-01
4.362784922122955322e-01 2.801156044006347656e-01
3.949087485671043396e-02 8.514182567596435547e-01
7.140319943428039551e-01 9.339769482612609863e-01
8.129289746284484863e-01 1.727003902196884155e-01
3.234783709049224854e-01 1.568825840950012207e-01
9.333334565162658691e-01 9.182711839675903320e-01
3.315232098102569580e-01 2.284837514162063599e-01
9.853507280349731445e-01 4.909733533859252930e-01
1.798329949378967285e-01 5.222861766815185547e-01
4.702822864055633545e-01 5.727134346961975098e-01
3.420311585068702698e-02 7.096732258796691895e-01
4.498901963233947754e-01 1.703766919672489166e-02
2.202014029026031494e-01 3.537448644638061523e-01
1.707423180341720581e-01 9.191473722457885742e-01
7.545118927955627441e-01 1.126497164368629456e-01
2.011337578296661377e-01 4.296052828431129456e-02
4.319117367267608643e-01 9.367147684097290039e-01
5.870293974876403809e-01 6.399201154708862305e-01
1.452297270298004150e-01 7.476466894149780273e-01
2.595846056938171387e-01 6.816734075546264648e-01
6.554475426673889160e-01 8.468341231346130371e-01
1.292780935764312744e-01 4.633904099464416504e-01
4.241875410079956055e-01 1.009811088442802429e-01
9.661629199981689453e-01 8.813837766647338867e-01
1.179693341255187988e-01 1.920530498027801514e-01
5.254685878753662109e-02 5.905365347862243652e-01
6.601509451866149902e-01 1.568108238279819489e-02
8.550320267677307129e-01 2.289088517427444458e-01
8.956533074378967285e-01 4.881577491760253906e-01
5.388876199722290039e-01 6.989939510822296143e-02
3.243829905986785889e-01 7.437424063682556152e-01
4.967148602008819580e-01 4.112923983484506607e-03
1.759152710437774658e-01 2.586106359958648682e-01
8.353441357612609863e-01 2.009136378765106201e-01
9.740975499153137207e-01 7.644989490509033203e-01
6.759037375450134277e-01 5.325232148170471191e-01
3.366887867450714111e-01 4.037491381168365479e-01
9.637936949729919434e-01 6.439401507377624512e-01
4.562643766403198242e-01 4.605179131031036377e-01
7.191960811614990234e-01 7.286980748176574707e-02
2.971461229026317596e-02 1.253720186650753021e-02
2.136449217796325684e-01 2.515123784542083740e-01
2.715663909912109375e-01 7.188498973846435547e-01
4.103181958198547363e-01 2.284208834171295166e-01
5.560771226882934570e-01 1.082920506596565247e-01
8.398212790489196777e-01 5.931974202394485474e-02
6.777177006006240845e-02 7.297705858945846558e-02
4.758311808109283447e-01 1.120645329356193542e-01
1.427848041057586670e-01 5.797193050384521484e-01
9.561715126037597656e-01 6.310733556747436523e-01
2.891405820846557617e-01 8.279137611389160156e-01
9.028388559818267822e-02 5.251092314720153809e-01
5.027928352355957031e-01 3.497484326362609863e-02
6.810571551322937012e-01 3.950221240520477295e-01
2.058917433023452759e-01 6.101946830749511719e-01
1.224775314331054688e-01 5.877809226512908936e-02
7.261756062507629395e-01 5.379798412322998047e-01
1.084126997739076614e-02 7.795773744583129883e-01
7.508707642555236816e-01 9.935168623924255371e-01
7.661718726158142090e-01 7.183281779289245605e-01
8.762823045253753662e-02 3.576871752738952637e-01
1.642594486474990845e-01 8.291155099868774414e-01
3.692571818828582764e-01 4.486909210681915283e-01
4.590930044651031494e-01 9.806550145149230957e-01
5.645019412040710449e-01 6.143589019775390625e-01
4.669584035873413086e-01 6.805686354637145996e-01
3.557457625865936279e-01 1.865977048873901367e-01
2.347516715526580811e-01 2.985743284225463867e-01
8.183844685554504395e-01 5.555694103240966797e-01
5.673707127571105957e-01 8.205854892730712891e-01
6.374497413635253906e-01 6.410402059555053711e-01
9.058827757835388184e-01 3.381497561931610107e-01
8.584721684455871582e-01 3.024215698242187500e-01
1.564732789993286133e-01 6.190500855445861816e-01
3.248084336519241333e-02 3.273612856864929199e-01
5.346971750259399414e-01 1.957285255193710327e-01
2.200594730675220490e-02 1.465096622705459595e-01
4.480237513780593872e-02 9.908977746963500977e-01
1.426076889038085938e-01 1.047561392188072205e-01
9.543423056602478027e-01 7.235479950904846191e-01
4.648366868495941162e-01 2.486811578273773193e-02
2.640176117420196533e-01 3.044304549694061279e-01
1.855931580066680908e-01 6.066800355911254883e-01
2.432979457080364227e-02 6.603500247001647949e-01
2.329228371381759644e-01 9.778681993484497070e-01
3.702596426010131836e-01 5.711374282836914062e-01
5.961659550666809082e-01 5.235496163368225098e-01
9.046250581741333008e-02 9.803637266159057617e-01
1.249469816684722900e-01 3.306871354579925537e-01
7.256983518600463867e-01 7.771937847137451172e-01
6.164839863777160645e-01 4.965727329254150391e-01
3.300621211528778076e-01 5.555711984634399414e-01
5.059663653373718262e-01 2.210173010826110840e-01
3.602793216705322266e-01 9.268355369567871094e-01
6.345102787017822266e-01 5.856196880340576172e-01
4.136527180671691895e-01 4.174637496471405029e-01
7.078970074653625488e-01 8.068245649337768555e-01
6.158714294433593750e-01 6.394100785255432129e-01
6.760587692260742188e-01 4.447186589241027832e-01
3.099740147590637207e-01 4.248678386211395264e-01
9.939543008804321289e-01 1.709357798099517822e-01
4.286032021045684814e-01 8.133116960525512695e-01
9.785609841346740723e-01 6.755028367042541504e-01
7.230918407440185547e-01 1.077902242541313171e-01
4.472418725490570068e-01 4.184395372867584229e-01
8.153786063194274902e-01 8.750198483467102051e-01
3.562913239002227783e-01 5.028094649314880371e-01
5.583128929138183594e-01 8.380796313285827637e-01
6.071202754974365234e-01 3.363460600376129150e-01
6.634689569473266602e-01 4.007575809955596924e-01
8.837162256240844727e-01 9.670943617820739746e-01
1.744731962680816650e-01 8.483363986015319824e-01
6.783984899520874023e-01 5.199644565582275391e-01
1.896421015262603760e-01 6.435422897338867188e-01
2.505500912666320801e-01 7.212852239608764648e-01
2.512671947479248047e-01 5.946579575538635254e-01
2.453087121248245239e-01 1.874725520610809326e-01
4.670389927923679352e-03 2.201423048973083496e-01
1.143416836857795715e-01 4.903893470764160156e-01
6.972494721412658691e-01 1.530480682849884033e-01
8.518580794334411621e-01 3.193005323410034180e-01
7.979791164398193359e-01 3.763497769832611084e-01
4.123620986938476562e-01 4.792581796646118164e-01
9.643037915229797363e-01 4.762617349624633789e-01
8.876428604125976562e-01 5.735866427421569824e-01
3.622435629367828369e-01 4.855401813983917236e-02
1.467405408620834351e-01 6.432593613862991333e-02
2.736037671566009521e-01 3.714831173419952393e-01
5.182626098394393921e-02 7.605997920036315918e-01
9.461252689361572266e-01 7.500084042549133301e-01
9.603726267814636230e-01 9.802314639091491699e-01
7.996677160263061523e-01 1.770455241203308105e-01
3.878118395805358887e-01 8.691420555114746094e-01
4.092019498348236084e-01 9.979457259178161621e-01
6.487523913383483887e-01 3.215796351432800293e-01
7.114733457565307617e-01 4.843420684337615967e-01
5.207157731056213379e-01 9.481608867645263672e-01
7.640498876571655273e-01 3.489553034305572510e-01
2.983277440071105957e-01 6.768413782119750977e-01
4.370224475860595703e-01 3.310763090848922729e-02
8.402138352394104004e-01 6.061683893203735352e-01
2.964030504226684570e-01 7.625742554664611816e-01
5.565363168716430664e-01 3.086867034435272217e-01
3.212998509407043457e-01 4.831562340259552002e-01
1.442107856273651123e-01 1.823055297136306763e-01
7.724374532699584961e-01 7.453318238258361816e-01
7.606897950172424316e-01 1.946577131748199463e-01
1.763409078121185303e-01 4.170889556407928467e-01
8.076136708259582520e-01 5.601713061332702637e-02
2.434802353382110596e-01 9.161338806152343750e-01
6.610076427459716797e-01 2.357777357101440430e-01
4.122014939785003662e-01 2.428530603647232056e-01
7.283995151519775391e-01 2.468420118093490601e-01
1.749074319377541542e-03 2.555913627147674561e-01
4.621213972568511963e-01 5.730711221694946289e-01
8.876299262046813965e-01 3.876075148582458496e-01
9.224390387535095215e-01 3.808310031890869141e-01
9.081593155860900879e-01 6.539842486381530762e-01
2.843722701072692871e-01 6.760096549987792969e-01
5.873897075653076172e-01 9.548905491828918457e-01
3.905390799045562744e-01 9.156956672668457031e-01
9.820387363433837891e-01 1.728700473904609680e-02
7.549766898155212402e-01 2.331074923276901245e-01
6.000317335128784180e-01 7.831355929374694824e-01
8.793419599533081055e-01 8.182036280632019043e-01
4.210037589073181152e-01 7.726863026618957520e-02
7.969925403594970703e-01 3.126512765884399414e-01
5.879235267639160156e-01 3.718111515045166016e-01
3.698874413967132568e-01 2.083608806133270264e-01
4.900122806429862976e-02 2.412604838609695435e-01
1.333305090665817261e-01 6.797202229499816895e-01
3.727979660034179688e-01 7.001457810401916504e-01
6.071165204048156738e-01 1.659339368343353271e-01
8.243493437767028809e-01 2.837809026241302490e-01
2.196827530860900879e-01 2.671368420124053955e-01
6.077957153320312500e-01 1.252952590584754944e-02
8.460412025451660156e-01 9.556210041046142578e-01
2.334505468606948853e-01 1.351553797721862793e-01
3.598019182682037354e-01 3.262143731117248535e-01
6.538871526718139648e-01 9.530750513076782227e-01
5.929223895072937012e-01 5.492245554924011230e-01
2.923864424228668213e-01 9.653457999229431152e-01
2.040175944566726685e-01 2.973263859748840332e-01
4.271559715270996094e-01 1.522746533155441284e-01
7.518602609634399414e-01 6.481291651725769043e-01
6.397992968559265137e-01 7.280188202857971191e-01
8.372169733047485352e-01 6.776472181081771851e-02
2.987879700958728790e-02 8.002673983573913574e-01
6.660470962524414062e-01 8.998022675514221191e-01
3.515670001506805420e-01 6.625494956970214844e-01
7.405400276184082031e-01 5.354612693190574646e-02
4.105655550956726074e-01 3.520754873752593994e-01
7.647035121917724609e-01 3.642819821834564209e-01
5.201224684715270996e-01 9.003318548202514648e-01
2.626271247863769531e-01 4.986003041267395020e-01
1.038167774677276611e-01 3.800140619277954102e-01
2.161622047424316406e-03 1.018143445253372192e-01
2.276784628629684448e-01 4.018505513668060303e-01
6.025145053863525391e-01 4.482405185699462891e-01
6.088550686836242676e-01 9.629478454589843750e-01
1.283873021602630615e-01 8.059565424919128418e-01
4.149091243743896484e-01 2.855479717254638672e-01
8.483912348747253418e-01 4.221758842468261719e-01
6.176748871803283691e-01 7.341860532760620117e-01
5.267519876360893250e-02 3.102883398532867432e-01
5.722656846046447754e-01 7.232219576835632324e-01
1.843147575855255127e-01 7.406077980995178223e-01
8.952725529670715332e-01 7.295464277267456055e-01
9.041353464126586914e-01 4.763563573360443115e-01
9.076154828071594238e-01 1.922814100980758667e-01
7.955954074859619141e-01 9.636508822441101074e-01
2.938268184661865234e-01 4.871476590633392334e-01
9.098541736602783203e-01 8.623710274696350098e-01
2.196824736893177032e-02 3.625244796276092529e-01
8.916961550712585449e-01 7.664002180099487305e-01
4.483150541782379150e-01 7.301369905471801758e-01
4.148646593093872070e-01 3.940148651599884033e-01
6.045748591423034668e-01 7.746180146932601929e-02
9.255646467208862305e-01 7.768132686614990234e-01
6.038616299629211426e-01 7.123408913612365723e-01
1.966134309768676758e-01 1.920019984245300293e-01
4.170497413724660873e-03 8.144602775573730469e-01
1.959889084100723267e-01 5.835531353950500488e-01
7.837108373641967773e-01 1.281330287456512451e-01
9.845721125602722168e-01 8.144051432609558105e-01
9.687415361404418945e-01 8.651220798492431641e-01
1.776686757802963257e-01 8.692089319229125977e-01
2.575960569083690643e-02 1.145659908652305603e-01
8.320690989494323730e-01 3.924595415592193604e-01
8.736537098884582520e-01 7.116765975952148438e-01
3.910920619964599609e-01 7.444875240325927734e-01
3.569214418530464172e-02 5.037634968757629395e-01
9.170784801244735718e-02 2.559075355529785156e-01
2.250144779682159424e-01 9.348047375679016113e-01
3.914316594600677490e-01 1.425367444753646851e-01
1.423218697309494019e-01 8.812148571014404297e-01
2.395248562097549438e-01 3.950810134410858154e-01
8.917120695114135742e-01 9.371175616979598999e-02
3.056634068489074707e-01 3.748571276664733887e-01
8.293782472610473633e-01 8.516738414764404297e-01
8.768262267112731934e-01 4.115701615810394287e-01
5.743842720985412598e-01 7.406216859817504883e-01
5.298127532005310059e-01 5.042647719383239746e-01
3.556718528270721436e-01 9.822536706924438477e-01
4.448349177837371826e-01 7.038557529449462891e-01
4.153499007225036621e-01 6.768417358398437500e-01
9.163822531700134277e-01 2.502674162387847900e-01
2.632241323590278625e-02 9.884648919105529785e-01
9.329649806022644043e-01 2.480689287185668945e-01
8.622753620147705078e-01 8.649125099182128906e-01
6.595538258552551270e-01 9.860223531723022461e-01
2.601023018360137939e-01 3.665595948696136475e-01
6.647177934646606445e-01 1.378254294395446777e-01
3.239823579788208008e-01 6.212733983993530273e-01
5.832360386848449707e-01 8.659147024154663086e-01
4.906574189662933350e-01 2.593372762203216553e-01
5.083289146423339844e-01 6.430997848510742188e-01
7.696519494056701660e-01 4.550121724605560303e-01
5.304833054542541504e-01 6.647332310676574707e-01
5.289179682731628418e-01 8.738956600427627563e-02
5.160936713218688965e-01 1.208015829324722290e-01
7.365086674690246582e-01 2.907144129276275635e-01
7.359022498130798340e-01 4.591737985610961914e-01
5.513988733291625977e-01 4.699513912200927734e-01
3.511400520801544189e-01 7.829208672046661377e-02
9.672116041183471680e-01 1.545911878347396851e-01
6.969685554504394531e-01 5.611601471900939941e-01
7.144020795822143555e-01 8.112240433692932129e-01
9.168921113014221191e-01 2.166440151631832123e-02
3.117610812187194824e-01 4.420737326145172119e-01
9.350728392601013184e-01 9.351174235343933105e-01
9.148705601692199707e-01 1.844677329063415527e-01
7.153297662734985352e-01 1.434215623885393143e-02
7.863373160362243652e-01 5.730419158935546875e-01
6.198199391365051270e-01 5.746256560087203979e-02
2.634306848049163818e-01 1.843683570623397827e-01
9.985356926918029785e-01 1.500052809715270996e-01
7.272731661796569824e-01 8.884548544883728027e-01
2.501162588596343994e-01 4.666729569435119629e-01
3.924271762371063232e-01 8.643519133329391479e-02
3.076666891574859619e-01 1.686090677976608276e-01
3.875184655189514160e-01 3.794164061546325684e-01
2.836918532848358154e-01 6.942245364189147949e-01
5.274945497512817383e-01 3.586873412132263184e-01
9.228465557098388672e-01 1.335407793521881104e-01
2.397707998752593994e-01 1.190968006849288940e-01
1.021764799952507019e-01 7.433300018310546875e-01
7.008175253868103027e-01 6.349921226501464844e-03
9.689296483993530273e-01 7.226797938346862793e-01
4.906314611434936523e-01 5.154345035552978516e-01
4.606733564287424088e-03 8.739354610443115234e-01
9.461606144905090332e-01 8.706594109535217285e-01
5.417990088462829590e-01 4.392732679843902588e-01
3.325814902782440186e-01 9.330487847328186035e-01
4.970019757747650146e-01 4.881349503993988037e-01
5.304207801818847656e-01 9.152553081512451172e-01
6.731056571006774902e-01 6.354618668556213379e-01
5.620225667953491211e-01 2.094411998987197876e-01
7.555591464042663574e-01 7.614517211914062500e-01
9.762425422668457031e-01 2.532435655593872070e-01
8.993323892354965210e-02 1.662355959415435791e-01
8.025208711624145508e-01 7.485116124153137207e-01
6.863791346549987793e-01 6.123715043067932129e-01
8.160229921340942383e-01 4.020040631294250488e-01
5.505603551864624023e-01 8.029757738113403320e-01
8.708132505416870117e-01 1.195932105183601379e-01
5.149487257003784180e-01 1.524620801210403442e-01
1.389980316162109375e-04 4.537243545055389404e-01
5.630494952201843262e-01 1.525171250104904175e-01
2.513212859630584717e-01 8.750874996185302734e-01
9.655373096466064453e-01 3.994671404361724854e-01
1.965402215719223022e-01 9.824866056442260742e-01
8.762867655605077744e-04 8.982697725296020508e-01
6.411116719245910645e-01 5.985078215599060059e-01
5.249692797660827637e-01 2.224793434143066406e-01
4.462899565696716309e-01 3.225600123405456543e-01
3.962212800979614258e-01 7.888535857200622559e-01
9.552373886108398438e-01 5.618978142738342285e-01
9.010181427001953125e-01 4.273993968963623047e-01
6.404350996017456055e-01 5.281390547752380371e-01
9.851835966110229492e-01 9.866955280303955078e-01
3.350711762905120850e-01 1.122345104813575745e-01
9.332327842712402344e-01 5.580849051475524902e-01
7.260537147521972656e-01 4.512758255004882812e-01
6.234188675880432129e-01 4.238778650760650635e-01
5.887584090232849121e-01 1.174700632691383362e-01
5.199571251869201660e-01 3.350324928760528564e-01
6.853242516517639160e-01 6.517954468727111816e-01
4.180233776569366455e-01 6.142849922180175781e-01
9.191005229949951172e-01 7.055795788764953613e-01
6.802201271057128906e-03 5.749955773353576660e-02
1.335361897945404053e-01 6.144629120826721191e-01
8.765005469322204590e-01 1.606702655553817749e-01
6.604913473129272461e-01 4.533002376556396484e-01
7.651832699775695801e-01 7.859263420104980469e-01
3.888286650180816650e-01 9.381668567657470703e-01
9.695873260498046875e-01 1.055777370929718018e-01
3.093831837177276611e-01 2.215446531772613525e-01
6.000091433525085449e-01 5.129944682121276855e-01
6.844106316566467285e-01 6.130521371960639954e-02
8.952838182449340820e-01 1.092146858572959900e-01
3.437010049819946289e-01 6.186723709106445312e-01
7.606952190399169922e-01 4.768906831741333008e-01
2.000026851892471313e-01 7.963060736656188965e-01
3.297167122364044189e-01 9.089403748512268066e-01
4.693480730056762695e-01 9.173184633255004883e-01
1.612787097692489624e-01 5.504986643791198730e-01
7.040043920278549194e-02 9.485503435134887695e-01
4.463729262351989746e-01 9.731702208518981934e-01
6.556308865547180176e-01 8.941124081611633301e-01
2.932513952255249023e-01 5.425973534584045410e-01
5.634836554527282715e-01 9.803243875503540039e-01
2.672639191150665283e-01 2.974390983581542969e-03
7.572968006134033203e-01 7.187509536743164062e-02
7.098085880279541016e-01 3.476866483688354492e-01
3.941524028778076172e-01 6.039198637008666992e-01
2.037090808153152466e-02 2.432022392749786377e-01
7.116562128067016602e-01 2.010872811079025269e-01
8.687891364097595215e-01 8.083400726318359375e-01
5.560442060232162476e-02 9.079546332359313965e-01
4.154724776744842529e-01 8.923345208168029785e-01
2.096486389636993408e-01 8.975417017936706543e-01
7.003993391990661621e-01 3.995119631290435791e-01
5.432276725769042969e-01 7.620645165443420410e-01
6.354589015245437622e-02 4.250223636627197266e-01
6.624314785003662109e-01 5.340550839900970459e-02
2.108861953020095825e-01 5.641302466392517090e-01
5.419546738266944885e-02 7.412252426147460938e-01
3.284153640270233154e-01 8.708375692367553711e-01
3.089120090007781982e-01 1.332903951406478882e-01
5.378032326698303223e-01 7.116711139678955078e-01
7.300173640251159668e-01 6.207358837127685547e-01
3.259837329387664795e-01 8.570078611373901367e-01
8.124867081642150879e-02 1.406404376029968262e-01
1.121931448578834534e-01 1.147913113236427307e-01
4.984981119632720947e-01 7.374807596206665039e-01
1.166545227169990540e-01 6.516622900962829590e-01
4.877228438854217529e-01 9.654273390769958496e-01
6.541078686714172363e-01 1.601212471723556519e-01
3.530144691467285156e-01 1.115602403879165649e-01
2.794400155544281006e-01 6.345561146736145020e-02
5.833357572555541992e-01 6.632205247879028320e-01
9.115247726440429688e-01 5.945955514907836914e-01
2.050592899322509766e-01 3.391732573509216309e-01
1.168692782521247864e-01 1.339600831270217896e-01
7.031999826431274414e-01 2.770068943500518799e-01
4.166696369647979736e-01 5.578130483627319336e-01
1.443886756896972656e-01 4.411991536617279053e-01
2.641021609306335449e-01 1.758778691291809082e-01
2.335784770548343658e-02 7.603910565376281738e-01
3.325262069702148438e-01 3.501140475273132324e-01
6.592564582824707031e-01 5.571354031562805176e-01
6.386873722076416016e-01 4.836956411600112915e-02
4.711592495441436768e-01 1.651338040828704834e-01
9.198292493820190430e-01 9.856427907943725586e-01
3.849319517612457275e-01 3.062566220760345459e-01
3.954943716526031494e-01 8.177984952926635742e-01
7.402744293212890625e-01 5.011449456214904785e-01
7.831789851188659668e-01 5.208869576454162598e-01
1.719702184200286865e-01 1.088197305798530579e-01
9.543858170509338379e-01 2.235467284917831421e-01
6.212501525878906250e-01 5.808764696121215820e-01
9.613746404647827148e-02 4.724783003330230713e-01
5.567522048950195312e-01 4.066676497459411621e-01
2.084800451993942261e-01 9.734982848167419434e-01
7.109825611114501953e-01 2.478985190391540527e-01
7.423363327980041504e-01 1.763945817947387695e-01
4.676297307014465332e-01 2.019941210746765137e-01
1.106872186064720154e-01 8.762814849615097046e-02
2.963954210281372070e-01 7.984231114387512207e-01
6.012199521064758301e-01 8.438441753387451172e-01
3.158738017082214355e-01 4.534944295883178711e-01
3.839962482452392578e-01 5.362308025360107422e-01
2.044916898012161255e-01 8.178810030221939087e-02
2.958078980445861816e-01 4.489431381225585938e-01
4.678959846496582031e-01 5.345623493194580078e-01
9.454768896102905273e-01 5.003284215927124023e-01
3.849121034145355225e-01 3.963028490543365479e-01
8.995907902717590332e-01 9.383636116981506348e-01
9.727206826210021973e-01 8.310398459434509277e-01
6.961696147918701172e-01 9.500637650489807129e-01
2.909674942493438721e-01 2.347366660833358765e-01
7.722604870796203613e-01 3.813699781894683838e-01
8.860601782798767090e-01 5.225516557693481445e-01
1.397650688886642456e-01 7.557638883590698242e-01
4.106292426586151123e-01 9.403935074806213379e-01
6.022630631923675537e-02 2.678672671318054199e-01
6.811274290084838867e-01 6.629033088684082031e-01
2.219863682985305786e-01 3.075778856873512268e-02
3.926347196102142334e-01 1.942886710166931152e-01
5.969110131263732910e-01 6.965408325195312500e-01
2.171151936054229736e-01 7.743809819221496582e-01
1.621380597352981567e-01 5.842208266258239746e-01
7.346010208129882812e-02 8.086181282997131348e-01
6.515803337097167969e-01 1.047086119651794434e-01
2.114515304565429688e-01 6.649590134620666504e-01
2.700054347515106201e-01 1.282900273799896240e-01
6.000570654869079590e-01 3.380229473114013672e-01
9.730126261711120605e-01 9.883970022201538086e-01
3.084928989410400391e-01 5.325869321823120117e-01
1.480581611394882202e-01 2.318278700113296509e-01
3.685394525527954102e-01 8.879951834678649902e-01
1.892409771680831909e-01 9.096591472625732422e-01
6.018084660172462463e-02 1.958149373531341553e-01
3.154437541961669922e-01 7.749187946319580078e-01
6.113776192069053650e-02 2.834286391735076904e-01
6.943320035934448242e-01 8.287050724029541016e-01
7.199928164482116699e-01 9.231824874877929688e-01
9.694514870643615723e-01 9.669668674468994141e-01
5.773629546165466309e-01 2.678320407867431641e-01
1.118956878781318665e-01 5.187117457389831543e-01
7.574031352996826172e-01 8.898692727088928223e-01
6.462382078170776367e-01 6.977117061614990234e-01
5.668070316314697266e-01 9.113595634698867798e-02
3.770060837268829346e-01 4.104220494627952576e-02
6.994885206222534180e-01 1.182533502578735352e-01
6.175484880805015564e-02 7.383555769920349121e-01
8.044074773788452148e-01 9.663386344909667969e-01
2.200421392917633057e-01 5.444551110267639160e-01
6.112488508224487305e-01 8.013699054718017578e-01
5.171403288841247559e-01 3.655932843685150146e-01
4.853552579879760742e-01 4.158987402915954590e-01
5.603913068771362305e-01 7.121628522872924805e-01
1.159479469060897827e-01 9.964312911033630371e-01
8.272904753684997559e-01 6.217330694198608398e-01
7.962941527366638184e-01 5.757307410240173340e-01
1.496997661888599396e-02 5.850080251693725586e-01
3.252576291561126709e-01 8.897262811660766602e-02
4.588256478309631348e-01 6.313768625259399414e-01
9.765425324440002441e-01 9.098025560379028320e-01
2.856050729751586914e-01 5.079749226570129395e-01
9.568513035774230957e-01 4.396639168262481689e-01
7.951900362968444824e-01 1.064152270555496216e-01
4.109881818294525146e-01 4.225817918777465820e-01
3.769616410136222839e-02 3.666205406188964844e-01
1.200084909796714783e-01 5.794122815132141113e-01
9.098079800605773926e-01 1.519068479537963867e-01
1.158489659428596497e-01 9.062231779098510742e-01
7.850368022918701172e-01 2.412535101175308228e-01
4.891816079616546631e-01 7.679779529571533203e-01
8.911784887313842773e-01 1.752188652753829956e-01
9.295081496238708496e-01 3.084858655929565430e-01
8.709468841552734375e-01 9.152668118476867676e-01
9.237436652183532715e-01 2.929958403110504150e-01
1.605728864669799805e-01 6.942904591560363770e-01
7.757105231285095215e-01 5.948981642723083496e-01
1.530715227127075195e-01 1.948959752917289734e-02
6.309158802032470703e-01 9.207283854484558105e-01
1.450055930763483047e-02 6.868174672126770020e-01
8.326576352119445801e-01 8.236564993858337402e-01
3.966491520404815674e-01 7.265952825546264648e-01
1.142654791474342346e-01 9.406601190567016602e-01
9.175242781639099121e-01 7.171381115913391113e-01
3.990172222256660461e-02 3.869481086730957031e-01
7.086101770401000977e-01 7.284249067306518555e-01
3.667143285274505615e-01 1.353016644716262817e-01
4.623207449913024902e-01 9.538705945014953613e-01
9.206719994544982910e-01 6.393550038337707520e-01
6.530229449272155762e-01 3.022396564483642578e-01
3.765613734722137451e-01 7.586911320686340332e-01
8.675806522369384766e-01 1.912144869565963745e-01
1.554764956235885620e-01 4.328220188617706299e-01
6.618801951408386230e-01 3.402600884437561035e-01
3.738339543342590332e-01 6.548362970352172852e-01
7.509938478469848633e-01 4.116103947162628174e-01
6.960374116897583008e-01 2.891417443752288818e-01
9.830325841903686523e-01 6.093506217002868652e-01
2.249997854232788086e-01 6.667686104774475098e-01
2.430234253406524658e-01 6.353998780250549316e-01
1.026516184210777283e-01 8.333852291107177734e-01
8.758931159973144531e-01 6.013640761375427246e-01
1.397728472948074341e-01 6.953217983245849609e-01
6.964309215545654297e-01 5.996920913457870483e-02
8.985003232955932617e-01 6.782236695289611816e-01
3.574979305267333984e-01 3.558326661586761475e-01
5.202750563621520996e-01 9.410851597785949707e-01
6.226508617401123047e-01 9.515891671180725098e-01
8.978283405303955078e-01 3.397440612316131592e-01
6.711519956588745117e-01 4.997363388538360596e-01
4.840220212936401367e-01 2.374306470155715942e-01
2.298514395952224731e-01 2.235554754734039307e-01
6.226121187210083008e-01 6.357289552688598633e-01
5.582527518272399902e-01 5.440295338630676270e-01
5.907898545265197754e-01 2.299121618270874023e-01
4.258312880992889404e-01 5.460009574890136719e-01
8.726201057434082031e-01 3.410067260265350342e-01
2.880687713623046875e-01 1.746281534433364868e-01
2.955397367477416992e-01 3.199762701988220215e-01
5.135418176651000977e-01 5.644559860229492188e-03
3.781065940856933594e-01 4.282355308532714844e-03
9.795989096164703369e-02 1.223567351698875427e-01
3.943267166614532471e-01 3.023951649665832520e-01
5.291054248809814453e-01 2.540276050567626953e-01
7.415321469306945801e-01 2.876122295856475830e-02
9.936529397964477539e-01 2.796427905559539795e-01
4.991503357887268066e-01 2.617081403732299805e-01
4.136063158512115479e-01 3.683402389287948608e-02
6.746548414230346680e-01 6.828580498695373535e-01
4.718050658702850342e-01 3.511764407157897949e-01
4.225586354732513428e-02 5.529109835624694824e-01
4.099983274936676025e-01 6.603321433067321777e-01
1.518464535474777222e-01 7.367099821567535400e-02
5.370909720659255981e-02 6.567059755325317383e-01
5.851209163665771484e-01 8.665106445550918579e-02
8.737953305244445801e-01 9.009532928466796875e-01
5.198839902877807617e-01 5.619415044784545898e-01
6.562571972608566284e-02 6.828700900077819824e-01
1.010101884603500366e-01 8.609602451324462891e-01
4.185536503791809082e-02 2.148097008466720581e-01
4.797804057598114014e-01 6.054695248603820801e-01
8.386619091033935547e-01 3.668911755084991455e-01
4.203287512063980103e-02 1.515973359346389771e-01
2.895049154758453369e-01 8.652861118316650391e-01
2.632062416523694992e-03 2.439718991518020630e-01
4.979496002197265625e-01 8.941336274147033691e-01
2.857467234134674072e-01 9.877167344093322754e-01
3.553514182567596436e-01 4.077281951904296875e-01
4.551727473735809326e-01 2.826505899429321289e-01
8.031290769577026367e-01 9.078771471977233887e-01
9.031699597835540771e-02 5.450201034545898438e-01
5.274066329002380371e-01 5.848200321197509766e-01
7.448428273200988770e-01 8.430477976799011230e-01
6.193085908889770508e-01 4.678578078746795654e-01
8.924665451049804688e-01 4.355596899986267090e-01
6.331501007080078125e-01 8.226320147514343262e-01
8.031740188598632812e-01 4.993140697479248047e-01
3.262586891651153564e-01 5.986967682838439941e-01
5.860054492950439453e-01 2.068008631467819214e-01
8.872747421264648438e-01 5.652533173561096191e-01
3.336560130119323730e-01 2.935800850391387939e-01
5.558996796607971191e-01 5.042746067047119141e-01
5.508573055267333984e-01 5.081260800361633301e-01
5.268866568803787231e-02 4.868460893630981445e-01
4.370375275611877441e-01 5.350219607353210449e-01
9.790125489234924316e-01 1.287398040294647217e-01
2.529238760471343994e-01 6.028017401695251465e-01
7.399954199790954590e-01 4.501410424709320068e-01
4.645916223526000977e-01 7.386191487312316895e-01
7.071123719215393066e-01 8.817963004112243652e-01
8.534396886825561523e-01 5.750359296798706055e-01
2.535178661346435547e-01 6.531460285186767578e-01
9.536643028259277344e-01 3.315129280090332031e-01
4.683598279953002930e-01 1.331019550561904907e-01
8.084593415260314941e-01 2.682225704193115234e-01
8.183663487434387207e-01 3.579728603363037109e-01
4.793797135353088379e-01 3.459137678146362305e-01
3.545326292514801025e-01 1.146018505096435547e-02
9.432784914970397949e-01 4.488311707973480225e-02
1.540018767118453979e-01 3.954044580459594727e-01
7.866470217704772949e-01 3.190275132656097412e-01
8.892107009887695312e-01 9.489657282829284668e-01
7.161424160003662109e-01 3.993944227695465088e-01
6.812304258346557617e-02 3.851883411407470703e-01
9.932276606559753418e-01 3.193950653076171875e-01
3.261900320649147034e-02 1.949174851179122925e-01
7.206448316574096680e-01 5.919245481491088867e-01
1.583455204963684082e-01 6.482001543045043945e-01
7.150020003318786621e-01 7.442314028739929199e-01
8.534901738166809082e-01 6.969341635704040527e-01
2.032626718282699585e-01 4.571186304092407227e-01
9.766107201576232910e-01 5.240421891212463379e-01
7.586692571640014648e-01 4.922463297843933105e-01
1.808746606111526489e-01 3.634273409843444824e-01
3.785436451435089111e-01 2.261421382427215576e-01
1.883836984634399414e-01 5.029282569885253906e-01
8.641098737716674805e-01 7.665834426879882812e-01
1.868212521076202393e-01 9.332039952278137207e-01
7.071985304355621338e-02 7.463212013244628906e-01
1.178072020411491394e-01 9.672872424125671387e-01
4.893851876258850098e-01 8.507267832756042480e-01
5.059875845909118652e-01 4.348054826259613037e-01
6.368863582611083984e-02 8.622379302978515625e-01
8.723059892654418945e-01 9.754394292831420898e-01
2.822870016098022461e-01 3.282821476459503174e-01
4.878576099872589111e-01 5.237603783607482910e-01
1.496865302324295044e-01 1.617874056100845337e-01
2.581321001052856445e-01 9.826225638389587402e-01
8.828566074371337891e-01 2.519887983798980713e-01
9.628735780715942383e-01 2.761648893356323242e-01
9.254726171493530273e-01 4.624575674533843994e-01
7.417989969253540039e-01 1.520695090293884277e-01
1.808345317840576172e-01 4.853335618972778320e-01
4.868938624858856201e-01 5.635831356048583984e-01
5.310571789741516113e-01 1.442954242229461670e-01
4.596745967864990234e-01 3.921287357807159424e-01
8.279646188020706177e-02 2.892405688762664795e-01
5.862918496131896973e-01 5.797999352216720581e-02
6.553077697753906250e-01 4.138023555278778076e-01
9.464529752731323242e-01 6.061119437217712402e-01
7.324188947677612305e-01 1.944413036108016968e-01
3.070115447044372559e-01 7.288191318511962891e-01
9.218168258666992188e-01 3.391011431813240051e-02
7.773253917694091797e-01 8.726833462715148926e-01
3.481632173061370850e-01 8.320874571800231934e-01
8.231577277183532715e-01 2.257977724075317383e-01
3.682976961135864258e-02 2.926911115646362305e-01
3.251810669898986816e-01 1.424241159111261368e-02
2.574021518230438232e-01 6.953334063291549683e-02
4.056049883365631104e-01 3.362985849380493164e-01
1.638253331184387207e-01 3.078992962837219238e-01
1.403149068355560303e-01 3.981986045837402344e-01
3.426266908645629883e-01 2.480190396308898926e-01
8.552684187889099121e-01 6.825096011161804199e-01
2.731204628944396973e-01 7.809929251670837402e-01
5.295860022306442261e-02 5.085707306861877441e-01
4.486419856548309326e-01 2.463810294866561890e-01
4.035675227642059326e-01 2.633014135062694550e-02
6.599453687667846680e-01 7.144537568092346191e-01
8.463008403778076172e-01 3.386542797088623047e-01
5.711432099342346191e-01 4.355999529361724854e-01
